     7     23     21     11     22     65     49     10     39     67     74     35     29     65     46     18      4     35     16 
  6831   7552   7249   7440   7385   8198   8014   7476   7982   8512   8552   7247   8089   8806   7988   7423  10040   9066   7933 
 17236  13361     51    163   7249   8198   7552   7385   6831   7440   8512   7982   7476   8089  10040   8806   9066   7988   7933   7423   7247   8552   8014  13686  26304      0      0  65535 
     0      0      0      0      0      0      0      0      0      0      0      0      0      0      0      0      0      0      0 
     0      0      0      0      0      0      0      0      0      0      0      0      0      0      0      0      0      0      0 
     0      0      0      0      0      0      0      0      0      0      0      0      0      0      0      0      0      0      0 
0 -1 -1
     3      9      8      4     10     26     18      4     15     14     27     13     11     22     14      6      2     11      5 
  6560   6918   6637   7086   7062   7153   6686   7090   7354   7277   7266   6504   7310   7796   7186   6802   9954   7993   7203 
 17236  13361     51    165   6637   7153   6918   7062   6560   7086   7277   7354   7090   7310   9954   7796   7993   7186   7203   6802   6504   7266   6686  13686  26303      0      0  65535 
     0      0      0      0      0      0      0      0      0      0      0      0      0      0      0      0      0      0      0 
     0      0      0      0      0      0      0      0      0      0      0      0      0      0      0      0      0      0      0 
     0      0      0      0      0      0      0      0      0      0      0      0      0      0      0      0      0      0      0 
0 -1 -1
     1      3      2      2      4      8      4      1      4      4      6      3      3      6      3      1      1      3      1 
  6429   6657   6393   6920   6912   6659   6090   6898   7078   7042   6712   6186   6975   7401   6913   6565   9917   7603   6947 
 17236  13361     51    167   6393   6659   6657   6912   6429   6920   7042   7078   6898   6975   9917   7401   7603   6913   6947   6565   6186   6712   6090  13687  26303      0      0  65535 
     0      0      0      0      0      0      0      0      0      0      0      0      0      0      0      0      0      0      0 
     0      0      0      0      0      0      0      0      0      0      0      0      0      0      0      0      0      0      0 
     0      0      0      0      0      0      0      0      0      0      0      0      0      0      0      0      0      0      0 
0 -1 -1
     0      0      0      0      0      0      0      0      0      0      0      0      0      0      0      0      0      0      0 
  6338   6527   6257   6818   6824   6449   5857   6777   6960   6955   6512   6037   6827   7265   6820   6454   9899   7459   6841 
 17236  13361     51    167   6257   6449   6527   6824   6338   6818   6955   6960   6777   6827   9899   7265   7459   6820   6841   6454   6037   6512   5857  13686  26303      0      0  65535 
     0      0      0      0      0      0      0      0      0      0      0      0      0      0      0      0      0      0      0 
     0      0      0      0      0      0      0      0      0      0      0      0      0      0      0      0      0      0      0 
     0      0      0      0      0      0      0      0      0      0      0      0      0      0      0      0      0      0      0 
0 -1 -1
     0      0      0      0      0      0      0      0      0      0      0      0      0      0      0      0      0      0      0 
  6282   6471   6199   6768   6797   6382   5774   6729   6917   6923   6447   5971   6767   7224   6783   6408   9885   7403   6789 
 17236  13361     51    167   6199   6382   6471   6797   6282   6768   6923   6917   6729   6767   9885   7224   7403   6783   6789   6408   5971   6447   5774  13686  26303      0      0  65535 
     0      0      0      0      0      0      0      0      0      0      0      0      0      0      0      0      0      0      0 
     0      0      0      0      0      0      0      0      0      0      0      0      0      0      0      0      0      0      0 
     0      0      0      0      0      0      0      0      0      0      0      0      0      0      0      0      0      0      0 
0 -1 -1
     0      0      0      0      0      0      0      0      0      0      0      0      0      0      0      0      0      0      0 
  6266   6462   6187   6757   6794   6369   5757   6717   6914   6920   6436   5956   6755   7218   6774   6400   9888   7391   6776 
 17236  13361     51    167   6187   6369   6462   6794   6266   6757   6920   6914   6717   6755   9888   7218   7391   6774   6776   6400   5956   6436   5757  13687  26303      0      0  65535 
     0      0      0      0      0      0      0      0      0      0      0      0      0      0      0      0      0      0      0 
     0      0      0      0      0      0      0      0      0      0      0      0      0      0      0      0      0      0      0 
     0      0      0      0      0      0      0      0      0      0      0      0      0      0      0      0      0      0      0 
0 -1 -1
     0      0      0      0      0      0      0      0      0      0      0      0      0      0      0      0      0      0      0 
  6266   6459   6181   6755   6794   6367   5751   6712   6913   6918   6434   5949   6749   7216   6770   6397   9891   7387   6770 
 17236  13361     51    167   6181   6367   6459   6794   6266   6755   6918   6913   6712   6749   9891   7216   7387   6770   6770   6397   5949   6434   5751  13687  26304      0      0  65535 
     0      0      0      0      0      0      0      0      0      0      0      0      0      0      0      0      0      0      0 
     0      0      0      0      0      0      0      0      0      0      0      0      0      0      0      0      0      0      0 
     0      0      0      0      0      0      0      0      0      0      0      0      0      0      0      0      0      0      0 
0 -1 -1
     0      0      0      0      0      0      0      0      0      0      0      0      0      0      0      0      0      0      0 
  6265   6458   6177   6754   6792   6367   5751   6712   6911   6916   6432   5949   6748   7217   6771   6395   9891   7387   6770 
 17236  13361     51    167   6177   6367   6458   6792   6265   6754   6916   6911   6712   6748   9891   7217   7387   6771   6770   6395   5949   6432   5751  13687  26304      0      0  65535 
     0      0      0      0      0      0      0      0      0      0      0      0      0      0      0      0      0      0      0 
     0      0      0      0      0      0      0      0      0      0      0      0      0      0      0      0      0      0      0 
     0      0      0      0      0      0      0      0      0      0      0      0      0      0      0      0      0      0      0 
0 -1 -1
     0      0      0      0      0      0      0      0      0      0      0      0      0      0      0      0      0      0      0 
  6262   6457   6178   6754   6791   6366   5750   6710   6911   6916   6431   5949   6748   7217   6768   6396   9899   7386   6769 
 17236  13361     51    167   6178   6366   6457   6791   6262   6754   6916   6911   6710   6748   9899   7217   7386   6768   6769   6396   5949   6431   5750  13687  26304      0      0  65535 
     0      0      0      0      0      0      0      0      0      0      0      0      0      0      0      0      0      0      0 
     0      0      0      0      0      0      0      0      0      0      0      0      0      0      0      0      0      0      0 
     0      0      0      0      0      0      0      0      0      0      0      0      0      0      0      0      0      0      0 
0 -1 -1
     0      0      0      0      0      0      0      0      0      0      0      0      0      0      0      0      0      0      0 
  6261   6457   6178   6752   6793   6365   5750   6710   6909   6915   6431   5948   6747   7216   6768   6398   9890   7386   6769 
 17236  13361     51    167   6178   6365   6457   6793   6261   6752   6915   6909   6710   6747   9890   7216   7386   6768   6769   6398   5948   6431   5750  13687  26304      0      0  65535 
     0      0      0      0      0      0      0      0      0      0      0      0      0      0      0      0      0      0      0 
     0      0      0      0      0      0      0      0      0      0      0      0      0      0      0      0      0      0      0 
     0      0      0      0      0      0      0      0      0      0      0      0      0      0      0      0      0      0      0 
0 -1 -1
     0      0      0      0      0      0      0      0      0      0      0      0      0      0      0      0      0      0      0 
  6262   6456   6177   6752   6791   6364   5750   6710   6909   6915   6430   5947   6745   7214   6767   6399   9889   7384   6769 
 17236  13361     51    167   6177   6364   6456   6791   6262   6752   6915   6909   6710   6745   9889   7214   7384   6767   6769   6399   5947   6430   5750  13682  26303      0      0  65535 
     0      0      0      0      0      0      0      0      0      0      0      0      0      0      0      0      0      0      0 
     0      0      0      0      0      0      0      0      0      0      0      0      0      0      0      0      0      0      0 
     0      0      0      0      0      0      0      0      0      0      0      0      0      0      0      0      0      0      0 
0 -1 -1
     0      0      0      0      0      0      0      0      0      0      0      0      0      0      0      0      0      0      0 
  6261   6456   6176   6752   6790   6365   5749   6709   6909   6914   6429   5948   6745   7214   6768   6395   9888   7385   6767 
 17236  13361     51    167   6176   6365   6456   6790   6261   6752   6914   6909   6709   6745   9888   7214   7385   6768   6767   6395   5948   6429   5749  13680  26303      1      0  65535 
     0      0      0      0      0      0      0      0      0      0      0      0      0      0      0      0      0      0      0 
     0      0      0      0      0      0      0      0      0      0      0      0      0      0      0      0      0      0      0 
     0      0      0      0      0      0      0      0      0      0      0      0      0      0      0      0      0      0      0 
0 -1 -1
