     3      8      4      5      9      7      5      3      9      7      6      3      9     12      9      4      0      5      3 
  6210   6536   6108   6741   6704   6254   5689   6661   6854   6771   6295   5794   6825   7192   6696   6298  10791   7323   6687 
 17236  13361     51    165   6108   6254   6536   6704   6210   6741   6771   6854   6661   6825  10791   7192   7323   6696   6687   6298   5794   6295   5689  13737  26304      0      0  65535 
     0      0      0      0      0      0      0      0      0      0      0      0      0      0      0      0      0      0      0 
     0      0      0      0      0      0      0      0      0      0      0      0      0      0      0      0      0      0      0 
     0      0      0      0      0      0      0      0      0      0      0      0      0      0      0      0      0      0      0 
0 -1 -1
     5     12      6      7     14     10      7      5     13     10      9      4     13     20     14      5      0      8      4 
  6333   6699   6188   6869   6834   6351   5777   6734   6965   6849   6377   5826   6998   7380   6808   6370  11217   7435   6757 
 17236  13361     51    165   6188   6351   6699   6834   6333   6869   6849   6965   6734   6998  11217   7380   7435   6808   6757   6370   5826   6377   5777  13735  26305      1      0  65535 
     0      0      0      0      0      0      0      0      0      0      0      0      0      0      0      0      0      0      0 
     0      0      0      0      0      0      0      0      0      0      0      0      0      0      0      0      0      0      0 
     0      0      0      0      0      0      0      0      0      0      0      0      0      0      0      0      0      0      0 
0 -1 -1
     8     17      8     10     21     15      8      6     18     15     11      5     17     27     18      6      0     10      5 
  6485   6917   6286   7033   7012   6485   5839   6809   7094   6950   6438   5850   7174   7567   6918   6430  12059   7538   6832 
 17236  13361     51    165   6286   6485   6917   7012   6485   7033   6950   7094   6809   7174  12059   7567   7538   6918   6832   6430   5850   6438   5839  13733  26305      0      0  65535 
     0      0      0      0      0      0      0      0      0      0      0      0      0      0      0      0      0      0      0 
     0      0      0      0      0      0      0      0      0      0      0      0      0      0      0      0      0      0      0 
     0      0      0      0      0      0      0      0      0      0      0      0      0      0      0      0      0      0      0 
0 -1 -1
    10     21      9     13     28     20     10      7     24     20     14      6     22     37     24      8     10     13      7 
  6627   7107   6369   7184   7188   6613   5935   6883   7246   7081   6519   5884   7385   7804   7071   6512  12800   7668   6930 
 17236  13361     51    165   6369   6613   7107   7188   6627   7184   7081   7246   6883   7385  12800   7804   7668   7071   6930   6512   5884   6519   5935  13733  26304      0      0  65535 
     0      0      0      0      0      0      0      0      0      0      0      0      0      0      0      0      0      0      0 
     0      0      0      0      0      0      0      0      0      0      0      0      0      0      0      0      0      0      0 
     0      0      0      0      0      0      0      0      0      0      0      0      0      0      0      0      0      0      0 
0 -1 -1
    14     29     13     18     40     29     14      9     34     33     17      7     30     53     34     10      1     17      9 
  6872   7442   6527   7444   7502   6862   6081   7005   7502   7378   6606   5926   7710   8169   7323   6622  12403   7877   7064 
 17236  13361     51    165   6527   6862   7442   7502   6872   7444   7378   7502   7005   7710  12403   8169   7877   7323   7064   6622   5926   6606   6081  13732  26304      0      0  65535 
     0      0      0      0      0      0      0      0      0      0      0      0      0      0      0      0      0      0      0 
     0      0      0      0      0      0      0      0      0      0      0      0      0      0      0      0      0      0      0 
     0      0      0      0      0      0      0      0      0      0      0      0      0      0      0      0      0      0      0 
0 -1 -1
    16     34     15     21     48     35     16     10     40     43     20      8     34     62     41     11      0     20     10 
  7038   7636   6625   7606   7695   7003   6182   7085   7673   7604   6680   5951   7899   8394   7491   6692  12137   8006   7150 
 17236  13361     51    164   6625   7003   7636   7695   7038   7606   7604   7673   7085   7899  12137   8394   8006   7491   7150   6692   5951   6680   6182  13730  26304      0      0  65535 
     0      0      0      0      0      0      0      0      0      0      0      0      0      0      0      0      0      0      0 
     0      0      0      0      0      0      0      0      0      0      0      0      0      0      0      0      0      0      0 
     0      0      0      0      0      0      0      0      0      0      0      0      0      0      0      0      0      0      0 
0 -1 -1
    19     38     17     23     55     40     18     11     46     54     22      9     38     72     48     13      0     23     12 
  7209   7824   6719   7761   7883   7146   6279   7164   7841   7859   6742   5974   8074   8624   7653   6763  11875   8130   7231 
 17236  13361     51    164   6719   7146   7824   7883   7209   7761   7859   7841   7164   8074  11875   8624   8130   7653   7231   6763   5974   6742   6279  13732  26305      1      0  65535 
     0      0      0      0      0      0      0      0      0      0      0      0      0      0      0      0      0      0      0 
     0      0      0      0      0      0      0      0      0      0      0      0      0      0      0      0      0      0      0 
     0      0      0      0      0      0      0      0      0      0      0      0      0      0      0      0      0      0      0 
0 -1 -1
    22     43     19     26     63     46     21     12     53     66     25     10     43     82     55     14      0     26     13 
  7383   8033   6811   7929   8082   7297   6393   7255   8013   8143   6818   6003   8266   8865   7843   6840  11450   8267   7314 
 17236  13361     51    164   6811   7297   8033   8082   7383   7929   8143   8013   7255   8266  11450   8865   8267   7843   7314   6840   6003   6818   6393  13737  26304      0      0  65535 
     0      0      0      0      0      0      0      0      0      0      0      0      0      0      0      0      0      0      0 
     0      0      0      0      0      0      0      0      0      0      0      0      0      0      0      0      0      0      0 
     0      0      0      0      0      0      0      0      0      0      0      0      0      0      0      0      0      0      0 
0 -1 -1
    27     52     23     32     77     56     26     15     64     93     30     11     51    100     69     17      0     31     15 
  7717   8437   7009   8253   8443   7581   6605   7421   8307   8768   6957   6049   8613   9302   8185   6981  11289   8511   7469 
 17236  13361     51    164   7009   7581   8437   8443   7717   8253   8768   8307   7421   8613  11289   9302   8511   8185   7469   6981   6049   6957   6605  13737  26307      0      0  65535 
     0      0      0      0      0      0      0      0      0      0      0      0      0      0      0      0      0      0      0 
     0      0      0      0      0      0      0      0      0      0      0      0      0      0      0      0      0      0      0 
     0      0      0      0      0      0      0      0      0      0      0      0      0      0      0      0      0      0      0 
0 -1 -1
    31     58     26     36     88     63     30     17     72    114     34     12     57    113     79     19      0     35     17 
  7952   8717   7149   8484   8709   7775   6765   7545   8522   9259   7066   6093   8852   9623   8439   7102  11630   8708   7594 
 17236  13361     51    163   7149   7775   8717   8709   7952   8484   9259   8522   7545   8852  11630   9623   8708   8439   7594   7102   6093   7066   6765  13736  26306      0      1  65535 
     0      0      0      0      0      0      0      0      0      0      0      0      0      0      0      0      0      0      0 
     0      0      0      0      0      0      0      0      0      0      0      0      0      0      0      0      0      0      0 
     0      0      0      0      0      0      0      0      0      0      0      0      0      0      0      0      0      0      0 
0 -1 -1
    33     63     29     39     96     69     32     18     78    130     37     13     61    122     85     21      0     38     18 
  8131   8914   7270   8662   8906   7928   6862   7631   8670   9641   7136   6119   9008   9828   8596   7180  11838   8836   7675 
 17236  13361     51    163   7270   7928   8914   8906   8131   8662   9641   8670   7631   9008  11838   9828   8836   8596   7675   7180   6119   7136   6862  13736  26305      0      0  65535 
     0      0      0      0      0      0      0      0      0      0      0      0      0      0      0      0      0      0      0 
     0      0      0      0      0      0      0      0      0      0      0      0      0      0      0      0      0      0      0 
     0      0      0      0      0      0      0      0      0      0      0      0      0      0      0      0      0      0      0 
0 -1 -1
    37     69     31     43    105     76     35     20     85    150     40     14     65    132     93     22      0     41     20 
  8364   9175   7399   8867   9142   8121   6996   7744   8855  10110   7226   6150   9195  10078   8783   7268  11725   8985   7782 
 17236  13361     51    163   7399   8121   9175   9142   8364   8867  10110   8855   7744   9195  11725  10078   8985   8783   7782   7268   6150   7226   6996  13741  26304      0      0  65535 
     0      0      0      0      0      0      0      0      0      0      0      0      0      0      0      0      0      0      0 
     0      0      0      0      0      0      0      0      0      0      0      0      0      0      0      0      0      0      0 
     0      0      0      0      0      0      0      0      0      0      0      0      0      0      0      0      0      0      0 
0 -1 -1
    40     74     34     46    113     82     38     21     91    167     43     15     69    141    100     24      0     45     22 
  8561   9381   7523   9040   9345   8284   7129   7836   9017  10513   7307   6191   9362  10291   8954   7363  11820   9140   7897 
 17236  13361     51    163   7523   8284   9381   9345   8561   9040  10513   9017   7836   9362  11820  10291   9140   8954   7897   7363   6191   7307   7129  13751  26305      0      0  65535 
     0      0      0      0      0      0      0      0      0      0      0      0      0      0      0      0      0      0      0 
     0      0      0      0      0      0      0      0      0      0      0      0      0      0      0      0      0      0      0 
     0      0      0      0      0      0      0      0      0      0      0      0      0      0      0      0      0      0      0 
0 -1 -1
    44     79     37     50    122     89     41     23     98    187     46     16     74    152    108     26      0     49     24 
  8782   9616   7665   9242   9571   8476   7263   7951   9202  10961   7398   6232   9561  10540   9152   7463  11427   9320   8025 
 17236  13361     51    163   7665   8476   9616   9571   8782   9242  10961   9202   7951   9561  11427  10540   9320   9152   8025   7463   6232   7398   7263  13738  26305      0      0  65535 
     0      0      0      0      0      0      0      0      0      0      0      0      0      0      0      0      0      0      0 
     0      0      0      0      0      0      0      0      0      0      0      0      0      0      0      0      0      0      0 
     0      0      0      0      0      0      0      0      0      0      0      0      0      0      0      0      0      0      0 
0 -1 -1
    46     83     40     53    130     96     44     24    103    203     49     17     78    161    115     28      0     52     26 
  8963   9804   7787   9417   9767   8645   7372   8047   9347  11350   7477   6269   9724  10753   9328   7557  11084   9464   8142 
 17236  13361     51    162   7787   8645   9804   9767   8963   9417  11350   9347   8047   9724  11084  10753   9464   9328   8142   7557   6269   7477   7372  13738  26305      0      0  65535 
     0      0      0      0      0      0      0      0      0      0      0      0      0      0      0      0      0      0      0 
     0      0      0      0      0      0      0      0      0      0      0      0      0      0      0      0      0      0      0 
     0      0      0      0      0      0      0      0      0      0      0      0      0      0      0      0      0      0      0 
0 -1 -1
    49     87     42     56    137    101     46     25    109    218     52     18     82    169    121     30      0     55     27 
  9117   9955   7886   9560   9941   8776   7464   8129   9497  11685   7552   6301   9882  10949   9480   7655  10864   9597   8250 
 17236  13361     51    162   7886   8776   9955   9941   9117   9560  11685   9497   8129   9882  10864  10949   9597   9480   8250   7655   6301   7552   7464  13738  26305      0      0  65535 
     0      0      0      0      0      0      0      0      0      0      0      0      0      0      0      0      0      0      0 
     0      0      0      0      0      0      0      0      0      0      0      0      0      0      0      0      0      0      0 
     0      0      0      0      0      0      0      0      0      0      0      0      0      0      0      0      0      0      0 
0 -1 -1
    51     90     43     58    142    104     47     26    114    228     54     19     84    175    125     31      0     57     28 
  9242  10072   7965   9670  10074   8876   7524   8193   9616  11933   7602   6324   9995  11090   9585   7722  10784   9703   8326 
 17236  13361     51    162   7965   8876  10072  10074   9242   9670  11933   9616   8193   9995  10784  11090   9703   9585   8326   7722   6324   7602   7524  13738  26305      0      0  65535 
     0      0      0      0      0      0      0      0      0      0      0      0      0      0      0      0      0      0      0 
     0      0      0      0      0      0      0      0      0      0      0      0      0      0      0      0      0      0      0 
     0      0      0      0      0      0      0      0      0      0      0      0      0      0      0      0      0      0      0 
0 -1 -1
    53     92     45     60    147    108     49     28    119    239     56     20     88    182    130     33      0     60     30 
  9379  10192   8049   9788  10213   8982   7612   8277   9753  12181   7671   6352  10132  11257   9713   7804  10808   9837   8421 
 17236  13361     51    162   8049   8982  10192  10213   9379   9788  12181   9753   8277  10132  10808  11257   9837   9713   8421   7804   6352   7671   7612  13738  26305      0      0  65535 
     0      0      0      0      0      0      0      0      0      0      0      0      0      0      0      0      0      0      0 
     0      0      0      0      0      0      0      0      0      0      0      0      0      0      0      0      0      0      0 
     0      0      0      0      0      0      0      0      0      0      0      0      0      0      0      0      0      0      0 
0 -1 -1
    56     97     48     63    157    115     53     29    127    255     61     21     93    193    139     35      0     65     32 
  9603  10409   8197   9976  10456   9169   7762   8388   9971  12641   7788   6400  10349  11534   9931   7946  10777  10056   8586 
 17236  13361     51    162   8197   9169  10409  10456   9603   9976  12641   9971   8388  10349  10777  11534  10056   9931   8586   7946   6400   7788   7762  13738  26305      0      0  65535 
     0      0      0      0      0      0      0      0      0      0      0      0      0      0      0      0      0      0      0 
     0      0      0      0      0      0      0      0      0      0      0      0      0      0      0      0      0      0      0 
     0      0      0      0      0      0      0      0      0      0      0      0      0      0      0      0      0      0      0 
0 -1 -1
    58    101     50     65    162    120     54     30    131    255     63     22     95    198    143     37      0     67     33 
  9726  10549   8290  10061  10592   9288   7826   8437  10068  12890   7840   6421  10448  11657  10028   8005  10746  10146   8653 
 17236  13361     51    161   8290   9288  10549  10592   9726  10061  12890  10068   8437  10448  10746  11657  10146  10028   8653   8005   6421   7840   7826  13738  26305      1      0  65535 
     0      0      0      0      0      0      0      0      0      0      0      0      0      0      0      0      0      0      0 
     0      0      0      0      0      0      0      0      0      0      0      0      0      0      0      0      0      0      0 
     0      0      0      0      0      0      0      0      0      0      0      0      0      0      0      0      0      0      0 
0 -1 -1
    59    103     52     66    165    122     56     31    133    255     64     23     96    202    145     37      0     68     34 
  9799  10634   8345  10112  10664   9360   7878   8481  10130  13057   7880   6442  10504  11736  10094   8054  10769  10205   8702 
 17236  13361     51    161   8345   9360  10634  10664   9799  10112  13057  10130   8481  10504  10769  11736  10205  10094   8702   8054   6442   7880   7878  13740  26305      0      0  65535 
     0      0      0      0      0      0      0      0      0      0      0      0      0      0      0      0      0      0      0 
     0      0      0      0      0      0      0      0      0      0      0      0      0      0      0      0      0      0      0 
     0      0      0      0      0      0      0      0      0      0      0      0      0      0      0      0      0      0      0 
0 -1 -1
    60    103     52     66    166    123     56     31    133    255     64     23     96    202    145     38      0     68     34 
  9818  10666   8364  10122  10682   9381   7885   8490  10136  13097   7885   6442  10503  11738  10097   8059  10758  10203   8698 
 17236  13361     51    161   8364   9381  10666  10682   9818  10122  13097  10136   8490  10503  10758  11738  10203  10097   8698   8059   6442   7885   7885  13743  26305      0      0  65535 
     0      0      0      0      0      0      0      0      0      0      0      0      0      0      0      0      0      0      0 
     0      0      0      0      0      0      0      0      0      0      0      0      0      0      0      0      0      0      0 
     0      0      0      0      0      0      0      0      0      0      0      0      0      0      0      0      0      0      0 
0 -1 -1
    60    103     52     65    165    123     55     31    133    255     64     22     96    201    145     37      0     67     34 
  9812  10664   8361  10108  10670   9375   7875   8481  10119  13078   7879   6438  10483  11712  10075   8049  10729  10182   8678 
 17236  13361     51    162   8361   9375  10664  10670   9812  10108  13078  10119   8481  10483  10729  11712  10182  10075   8678   8049   6438   7879   7875  13739  26305      0      0  65535 
     0      0      0      0      0      0      0      0      0      0      0      0      0      0      0      0      0      0      0 
     0      0      0      0      0      0      0      0      0      0      0      0      0      0      0      0      0      0      0 
     0      0      0      0      0      0      0      0      0      0      0      0      0      0      0      0      0      0      0 
0 -1 -1
    59    103     52     65    164    122     55     30    131    255     64     22     95    199    143     37      0     67     33 
  9780  10640   8343  10073  10630   9347   7857   8457  10079  13018   7863   6431  10442  11662  10040   8026  10709  10144   8641 
 17236  13361     51    161   8343   9347  10640  10630   9780  10073  13018  10079   8457  10442  10709  11662  10144  10040   8641   8026   6431   7863   7857  13739  26305      1      0  65535 
     0      0      0      0      0      0      0      0      0      0      0      0      0      0      0      0      0      0      0 
     0      0      0      0      0      0      0      0      0      0      0      0      0      0      0      0      0      0      0 
     0      0      0      0      0      0      0      0      0      0      0      0      0      0      0      0      0      0      0 
0 -1 -1
    59    102     51     64    163    121     55     30    130    255     63     22     94    197    142     37      0     66     33 
  9757  10622   8330  10048  10601   9328   7845   8439  10049  12977   7854   6426  10408  11627  10018   8011  10695  10111   8614 
 17236  13361     51    162   8330   9328  10622  10601   9757  10048  12977  10049   8439  10408  10695  11627  10111  10018   8614   8011   6426   7854   7845  13741  26305      0      0  65535 
     0      0      0      0      0      0      0      0      0      0      0      0      0      0      0      0      0      0      0 
     0      0      0      0      0      0      0      0      0      0      0      0      0      0      0      0      0      0      0 
     0      0      0      0      0      0      0      0      0      0      0      0      0      0      0      0      0      0      0 
0 -1 -1
    59    102     51     64    162    121     55     30    130    255     63     22     94    197    142     37      0     65     33 
  9755  10619   8328  10042  10594   9320   7841   8435  10037  12972   7850   6424  10395  11613  10009   8007  10693  10095   8603 
 17236  13361     51    162   8328   9320  10619  10594   9755  10042  12972  10037   8435  10395  10693  11613  10095  10009   8603   8007   6424   7850   7841  13746  26305      0      0  65535 
     0      0      0      0      0      0      0      0      0      0      0      0      0      0      0      0      0      0      0 
     0      0      0      0      0      0      0      0      0      0      0      0      0      0      0      0      0      0      0 
     0      0      0      0      0      0      0      0      0      0      0      0      0      0      0      0      0      0      0 
0 -1 -1
    59    102     51     64    162    121     55     30    129    255     63     22     93    196    141     36      0     65     33 
  9747  10611   8321  10032  10582   9312   7835   8431  10028  12957   7845   6421  10383  11599   9999   8000  10679  10085   8594 
 17236  13361     51    161   8321   9312  10611  10582   9747  10032  12957  10028   8431  10383  10679  11599  10085   9999   8594   8000   6421   7845   7835  13730  26305      0      0  65535 
     0      0      0      0      0      0      0      0      0      0      0      0      0      0      0      0      0      0      0 
     0      0      0      0      0      0      0      0      0      0      0      0      0      0      0      0      0      0      0 
     0      0      0      0      0      0      0      0      0      0      0      0      0      0      0      0      0      0      0 
0 -1 -1
    58    102     51     64    162    120     54     30    129    255     63     22     93    196    141     36      0     65     33 
  9740  10599   8317  10032  10577   9307   7831   8432  10026  12954   7844   6421  10383  11597   9997   7997  10687  10084   8593 
 17236  13361     51    161   8317   9307  10599  10577   9740  10032  12954  10026   8432  10383  10687  11597  10084   9997   8593   7997   6421   7844   7831  13730  26305      1      1  65535 
     0      0      0      0      0      0      0      0      0      0      0      0      0      0      0      0      0      0      0 
     0      0      0      0      0      0      0      0      0      0      0      0      0      0      0      0      0      0      0 
     0      0      0      0      0      0      0      0      0      0      0      0      0      0      0      0      0      0      0 
0 -1 -1
    59    103     52     65    165    122     56     31    132    255     64     22     95    200    145     38      0     67     34 
  9803  10645   8354  10102  10655   9360   7884   8489  10110  13111   7888   6441  10461  11702  10077   8057  10740  10178   8667 
 17236  13361     51    161   8354   9360  10645  10655   9803  10102  13111  10110   8489  10461  10740  11702  10178  10077   8667   8057   6441   7888   7884  13731  26304      0      0  65535 
     0      0      0      0      0      0      0      0      0      0      0      0      0      0      0      0      0      0      0 
     0      0      0      0      0      0      0      0      0      0      0      0      0      0      0      0      0      0      0 
     0      0      0      0      0      0      0      0      0      0      0      0      0      0      0      0      0      0      0 
0 -1 -1
    61    105     53     67    170    126     57     32    137    255     66     23     98    206    149     39      0     70     35 
  9918  10745   8433  10216  10790   9461   7944   8563  10233  13351   7941   6466  10575  11839  10177   8126  10790  10290   8753 
 17236  13361     51    161   8433   9461  10745  10790   9918  10216  13351  10233   8563  10575  10790  11839  10290  10177   8753   8126   6466   7941   7944  13731  26304      0      0  65535 
     0      0      0      0      0      0      0      0      0      0      0      0      0      0      0      0      0      0      0 
     0      0      0      0      0      0      0      0      0      0      0      0      0      0      0      0      0      0      0 
     0      0      0      0      0      0      0      0      0      0      0      0      0      0      0      0      0      0      0 
0 -1 -1
    62    106     54     68    172    127     58     32    138    255     67     23     99    208    150     39      0     70     35 
  9958  10785   8464  10249  10838   9498   7965   8587  10273  13429   7955   6474  10605  11877  10205   8146  10785  10317   8774 
 17236  13361     51    161   8464   9498  10785  10838   9958  10249  13429  10273   8587  10605  10785  11877  10317  10205   8774   8146   6474   7955   7965  13731  26305      0      0  65535 
     0      0      0      0      0      0      0      0      0      0      0      0      0      0      0      0      0      0      0 
     0      0      0      0      0      0      0      0      0      0      0      0      0      0      0      0      0      0      0 
     0      0      0      0      0      0      0      0      0      0      0      0      0      0      0      0      0      0      0 
0 -1 -1
    62    106     54     68    171    127     57     32    137    255     67     23     98    206    149     39      0     70     35 
  9938  10773   8454  10223  10809   9482   7953   8564  10238  13381   7945   6469  10575  11838  10179   8129  10755  10286   8754 
 17236  13361     51    161   8454   9482  10773  10809   9938  10223  13381  10238   8564  10575  10755  11838  10286  10179   8754   8129   6469   7945   7953  13731  26305      0      1  65535 
     0      0      0      0      0      0      0      0      0      0      0      0      0      0      0      0      0      0      0 
     0      0      0      0      0      0      0      0      0      0      0      0      0      0      0      0      0      0      0 
     0      0      0      0      0      0      0      0      0      0      0      0      0      0      0      0      0      0      0 
0 -1 -1
    61    106     54     67    171    127     57     32    137    255     67     23     98    206    149     39      0     69     35 
  9934  10774   8454  10214  10799   9474   7957   8559  10228  13376   7948   6471  10563  11828  10178   8129  10748  10276   8748 
 17236  13361     51    161   8454   9474  10774  10799   9934  10214  13376  10228   8559  10563  10748  11828  10276  10178   8748   8129   6471   7948   7957  13747  26305      0      0  65535 
     0      0      0      0      0      0      0      0      0      0      0      0      0      0      0      0      0      0      0 
     0      0      0      0      0      0      0      0      0      0      0      0      0      0      0      0      0      0      0 
     0      0      0      0      0      0      0      0      0      0      0      0      0      0      0      0      0      0      0 
0 -1 -1
    62    107     55     68    173    129     58     32    139    255     68     24     99    208    151     40      0     71     36 
  9994  10838   8498  10265  10865   9529   8002   8601  10290  13510   7981   6487  10620  11899  10234   8172  10781  10336   8795 
 17236  13361     51    161   8498   9529  10838  10865   9994  10265  13510  10290   8601  10620  10781  11899  10336  10234   8795   8172   6487   7981   8002  13743  26305      0      0  65535 
     0      0      0      0      0      0      0      0      0      0      0      0      0      0      0      0      0      0      0 
     0      0      0      0      0      0      0      0      0      0      0      0      0      0      0      0      0      0      0 
     0      0      0      0      0      0      0      0      0      0      0      0      0      0      0      0      0      0      0 
0 -1 -1
    63    108     55     69    174    129     59     33    140    255     68     24     99    209    151     40      0     71     36 
 10017  10869   8521  10283  10892   9551   8013   8612  10306  13551   7991   6492  10633  11916  10249   8184  10797  10349   8803 
 17236  13361     51    161   8521   9551  10869  10892  10017  10283  13551  10306   8612  10633  10797  11916  10349  10249   8803   8184   6492   7991   8013  13730  26305      0      0  65535 
     0      0      0      0      0      0      0      0      0      0      0      0      0      0      0      0      0      0      0 
     0      0      0      0      0      0      0      0      0      0      0      0      0      0      0      0      0      0      0 
     0      0      0      0      0      0      0      0      0      0      0      0      0      0      0      0      0      0      0 
0 -1 -1
    62    108     55     68    173    129     58     32    139    255     68     24     99    208    151     40      0     70     35 
  9997  10856   8513  10258  10865   9538   8003   8595  10278  13513   7979   6486  10609  11885  10228   8171  10777  10325   8784 
 17236  13361     51    161   8513   9538  10856  10865   9997  10258  13513  10278   8595  10609  10777  11885  10325  10228   8784   8171   6486   7979   8003  13730  26305      0      0  65535 
     0      0      0      0      0      0      0      0      0      0      0      0      0      0      0      0      0      0      0 
     0      0      0      0      0      0      0      0      0      0      0      0      0      0      0      0      0      0      0 
     0      0      0      0      0      0      0      0      0      0      0      0      0      0      0      0      0      0      0 
0 -1 -1
    60    104     53     65    166    124     55     30    131    255     63     22     94    198    143     37      0     66     33 
  9827  10702   8408  10103  10678   9403   7852   8469  10088  13153   7860   6429  10424  11650  10038   8028  10675  10131   8619 
 17236  13361     51    161   8408   9403  10702  10678   9827  10103  13153  10088   8469  10424  10675  11650  10131  10038   8619   8028   6429   7860   7852  13729  26304      0      0  65535 
     0      0      0      0      0      0      0      0      0      0      0      0      0      0      0      0      0      0      0 
     0      0      0      0      0      0      0      0      0      0      0      0      0      0      0      0      0      0      0 
     0      0      0      0      0      0      0      0      0      0      0      0      0      0      0      0      0      0      0 
0 -1 -1
    49     88     43     54    135    102     43     23    104    217     49     17     77    160    114     28      0     50     24 
  9100   9994   7933   9448   9891   8807   7326   7997   9356  11679   7465   6246   9698  10736   9303   7538  10465   9402   8059 
 17236  13361     51    162   7933   8807   9994   9891   9100   9448  11679   9356   7997   9698  10465  10736   9402   9303   8059   7538   6246   7465   7326  13733  26304      0      0  65535 
     0      0      0      0      0      0      0      0      0      0      0      0      0      0      0      0      0      0      0 
     0      0      0      0      0      0      0      0      0      0      0      0      0      0      0      0      0      0      0 
     0      0      0      0      0      0      0      0      0      0      0      0      0      0      0      0      0      0      0 
0 -1 -1
    33     64     29     38     94     71     30     16     70    138     34     12     55    112     79     18      0     33     16 
  8134   8980   7291   8577   8850   7990   6763   7474   8454   9833   7060   6073   8780   9600   8433   7054  10255   8587   7500 
 17236  13361     51    163   7291   7990   8980   8850   8134   8577   9833   8454   7474   8780  10255   9600   8587   8433   7500   7054   6073   7060   6763  13734  26304      1      0  65535 
     0      0      0      0      0      0      0      0      0      0      0      0      0      0      0      0      0      0      0 
     0      0      0      0      0      0      0      0      0      0      0      0      0      0      0      0      0      0      0 
     0      0      0      0      0      0      0      0      0      0      0      0      0      0      0      0      0      0      0 
0 -1 -1
    20     43     18     24     58     45     18     10     42     73     21      8     36     68     47     11      0     19      9 
  7295   8036   6783   7804   7958   7290   6240   7081   7713   8308   6698   5941   7956   8541   7642   6681  10267   7950   7088 
 17236  13361     51    164   6783   7290   8036   7958   7295   7804   8308   7713   7081   7956  10267   8541   7950   7642   7088   6681   5941   6698   6240  13734  26305      1      0  65535 
     0      0      0      0      0      0      0      0      0      0      0      0      0      0      0      0      0      0      0 
     0      0      0      0      0      0      0      0      0      0      0      0      0      0      0      0      0      0      0 
     0      0      0      0      0      0      0      0      0      0      0      0      0      0      0      0      0      0      0 
0 -1 -1
    11     25     10     14     31     25     10      6     23     28     13      5     22     38     26      7      0     11      6 
  6675   7256   6410   7235   7271   6732   5925   6831   7217   7261   6480   5863   7368   7825   7107   6467  11494   7584   6858 
 17236  13361     51    165   6410   6732   7256   7271   6675   7235   7261   7217   6831   7368  11494   7825   7584   7107   6858   6467   5863   6480   5925  13734  26304      0      0  65535 
     0      0      0      0      0      0      0      0      0      0      0      0      0      0      0      0      0      0      0 
     0      0      0      0      0      0      0      0      0      0      0      0      0      0      0      0      0      0      0 
     0      0      0      0      0      0      0      0      0      0      0      0      0      0      0      0      0      0      0 
0 -1 -1
     6     14      6      8     16     13      5      4     12     12      7      4     12     19     13      4      3      6      3 
  6347   6793   6208   6900   6891   6430   5717   6675   6932   6894   6333   5801   6969   7371   6786   6317  12477   7367   6703 
 17236  13361     51    165   6208   6430   6793   6891   6347   6900   6894   6932   6675   6969  12477   7371   7367   6786   6703   6317   5801   6333   5717  13735  26304      0      1  65535 
     0      0      0      0      0      0      0      0      0      0      0      0      0      0      0      0      0      0      0 
     0      0      0      0      0      0      0      0      0      0      0      0      0      0      0      0      0      0      0 
     0      0      0      0      0      0      0      0      0      0      0      0      0      0      0      0      0      0      0 
0 -1 -1
     1      4      2      2      4      3      2      1      3      3      2      2      3      5      4      1     15      2      1 
  6075   6352   6008   6595   6580   6159   5553   6524   6694   6689   6195   5728   6604   7020   6552   6179  13008   7173   6563 
 17236  13361     51    165   6008   6159   6352   6580   6075   6595   6689   6694   6524   6604  13008   7020   7173   6552   6563   6179   5728   6195   5553  13734  26304      0      1  65535 
     0      0      0      0      0      0      0      0      0      0      0      0      0      0      0      0      0      0      0 
     0      0      0      0      0      0      0      0      0      0      0      0      0      0      0      0      0      0      0 
     0      0      0      0      0      0      0      0      0      0      0      0      0      0      0      0      0      0      0 
0 -1 -1
     0      1      0      1      1      1      0      0      1      1      0      0      1      1      1      0      8      0      0 
  6008   6222   5944   6504   6504   6089   5497   6454   6637   6628   6143   5693   6497   6936   6484   6126  12725   7103   6500 
 17236  13361     51    166   5944   6089   6222   6504   6008   6504   6628   6637   6454   6497  12725   6936   7103   6484   6500   6126   5693   6143   5497  13734  26304      0      0  65535 
     0      0      0      0      0      0      0      0      0      0      0      0      0      0      0      0      0      0      0 
     0      0      0      0      0      0      0      0      0      0      0      0      0      0      0      0      0      0      0 
     0      0      0      0      0      0      0      0      0      0      0      0      0      0      0      0      0      0      0 
0 -1 -1
     0      0      0      0      0      0      0      0      0      0      0      0      0      0      0      0      6      0      0 
  5981   6177   5915   6463   6480   6069   5476   6422   6612   6604   6127   5670   6457   6906   6460   6100  12643   7071   6469 
 17236  13361     51    165   5915   6069   6177   6480   5981   6463   6604   6612   6422   6457  12643   6906   7071   6460   6469   6100   5670   6127   5476  13735  26304      0      0  65535 
     0      0      0      0      0      0      0      0      0      0      0      0      0      0      0      0      0      0      0 
     0      0      0      0      0      0      0      0      0      0      0      0      0      0      0      0      0      0      0 
     0      0      0      0      0      0      0      0      0      0      0      0      0      0      0      0      0      0      0 
0 -1 -1
     0      0      0      0      0      0      0      0      0      0      0      0      0      0      0      0      4      0      0 
  5973   6166   5900   6451   6477   6064   5472   6411   6601   6600   6121   5658   6439   6900   6455   6090  12537   7059   6460 
 17236  13361     51    166   5900   6064   6166   6477   5973   6451   6600   6601   6411   6439  12537   6900   7059   6455   6460   6090   5658   6121   5472  13733  26304      0      1  65535 
     0      0      0      0      0      0      0      0      0      0      0      0      0      0      0      0      0      0      0 
     0      0      0      0      0      0      0      0      0      0      0      0      0      0      0      0      0      0      0 
     0      0      0      0      0      0      0      0      0      0      0      0      0      0      0      0      0      0      0 
0 -1 -1
     0      0      0      0      0      0      0      0      0      0      0      0      0      0      0      0     10      0      0 
  5975   6163   5903   6449   6476   6064   5470   6411   6601   6598   6121   5658   6436   6898   6452   6089  12812   7059   6459 
 17236  13361     51    166   5903   6064   6163   6476   5975   6449   6598   6601   6411   6436  12812   6898   7059   6452   6459   6089   5658   6121   5470  13734  26304      0      0  65535 
     0      0      0      0      0      0      0      0      0      0      0      0      0      0      0      0      0      0      0 
     0      0      0      0      0      0      0      0      0      0      0      0      0      0      0      0      0      0      0 
     0      0      0      0      0      0      0      0      0      0      0      0      0      0      0      0      0      0      0 
0 -1 -1
     0      0      0      0      0      0      0      0      0      0      0      0      0      0      0      0      4      0      0 
  5974   6165   5902   6447   6476   6062   5471   6410   6600   6598   6120   5658   6437   6897   6450   6089  12554   7058   6458 
 17236  13361     51    166   5902   6062   6165   6476   5974   6447   6598   6600   6410   6437  12554   6897   7058   6450   6458   6089   5658   6120   5471  13734  26303      0      0  65535 
     0      0      0      0      0      0      0      0      0      0      0      0      0      0      0      0      0      0      0 
     0      0      0      0      0      0      0      0      0      0      0      0      0      0      0      0      0      0      0 
     0      0      0      0      0      0      0      0      0      0      0      0      0      0      0      0      0      0      0 
0 -1 -1
     0      0      0      0      0      0      0      0      0      0      0      0      0      0      0      0     10      0      0 
  5972   6163   5901   6449   6474   6063   5471   6409   6600   6598   6121   5657   6437   6896   6452   6088  12802   7057   6458 
 17236  13361     51    166   5901   6063   6163   6474   5972   6449   6598   6600   6409   6437  12802   6896   7057   6452   6458   6088   5657   6121   5471  13734  26306      0      0  65535 
     0      0      0      0      0      0      0      0      0      0      0      0      0      0      0      0      0      0      0 
     0      0      0      0      0      0      0      0      0      0      0      0      0      0      0      0      0      0      0 
     0      0      0      0      0      0      0      0      0      0      0      0      0      0      0      0      0      0      0 
0 -1 -1
     0      0      0      0      0      0      0      0      0      0      0      0      0      0      0      0     11      0      0 
  5972   6163   5901   6447   6474   6061   5469   6409   6600   6597   6119   5657   6435   6896   6451   6088  12866   7056   6459 
 17236  13361     51    166   5901   6061   6163   6474   5972   6447   6597   6600   6409   6435  12866   6896   7056   6451   6459   6088   5657   6119   5469  13735  26304      0      0  65535 
     0      0      0      0      0      0      0      0      0      0      0      0      0      0      0      0      0      0      0 
     0      0      0      0      0      0      0      0      0      0      0      0      0      0      0      0      0      0      0 
     0      0      0      0      0      0      0      0      0      0      0      0      0      0      0      0      0      0      0 
0 -1 -1
     0      0      0      0      0      0      0      0      0      0      0      0      0      0      0      0     11      0      0 
  5972   6161   5900   6448   6473   6060   5469   6408   6599   6596   6120   5657   6434   6895   6450   6088  12844   7055   6458 
 17236  13361     51    166   5900   6060   6161   6473   5972   6448   6596   6599   6408   6434  12844   6895   7055   6450   6458   6088   5657   6120   5469  13735  26303      0      0  65535 
     0      0      0      0      0      0      0      0      0      0      0      0      0      0      0      0      0      0      0 
     0      0      0      0      0      0      0      0      0      0      0      0      0      0      0      0      0      0      0 
     0      0      0      0      0      0      0      0      0      0      0      0      0      0      0      0      0      0      0 
0 -1 -1
     0      0      0      0      0      0      0      0      0      0      0      0      0      0      0      0      6      0      0 
  5971   6162   5899   6447   6473   6060   5470   6408   6597   6595   6119   5656   6434   6895   6451   6085  12623   7056   6457 
 17236  13361     51    166   5899   6060   6162   6473   5971   6447   6595   6597   6408   6434  12623   6895   7056   6451   6457   6085   5656   6119   5470  13735  26304      0      1  65535 
     0      0      0      0      0      0      0      0      0      0      0      0      0      0      0      0      0      0      0 
     0      0      0      0      0      0      0      0      0      0      0      0      0      0      0      0      0      0      0 
     0      0      0      0      0      0      0      0      0      0      0      0      0      0      0      0      0      0      0 
0 -1 -1
     0      0      0      0      0      0      0      0      0      0      0      0      0      0      0      0      5      0      0 
  5971   6160   5901   6446   6473   6058   5470   6407   6597   6595   6119   5656   6433   6893   6449   6087  12569   7055   6457 
 17236  13361     51    166   5901   6058   6160   6473   5971   6446   6595   6597   6407   6433  12569   6893   7055   6449   6457   6087   5656   6119   5470  13735  26306      0      1  65535 
     0      0      0      0      0      0      0      0      0      0      0      0      0      0      0      0      0      0      0 
     0      0      0      0      0      0      0      0      0      0      0      0      0      0      0      0      0      0      0 
     0      0      0      0      0      0      0      0      0      0      0      0      0      0      0      0      0      0      0 
0 -1 -1
     0      0      0      0      0      0      0      0      0      0      0      0      0      0      0      0      6      0      0 
  5971   6162   5900   6446   6471   6059   5469   6408   6597   6594   6117   5656   6432   6894   6449   6086  12626   7054   6457 
 17236  13361     51    166   5900   6059   6162   6471   5971   6446   6594   6597   6408   6432  12626   6894   7054   6449   6457   6086   5656   6117   5469  13748  26304      0      0  65535 
     0      0      0      0      0      0      0      0      0      0      0      0      0      0      0      0      0      0      0 
     0      0      0      0      0      0      0      0      0      0      0      0      0      0      0      0      0      0      0 
     0      0      0      0      0      0      0      0      0      0      0      0      0      0      0      0      0      0      0 
0 -1 -1
     0      0      0      0      0      0      0      0      0      0      0      0      0      0      0      0      6      0      0 
  5970   6159   5899   6445   6470   6060   5466   6407   6596   6593   6117   5655   6432   6893   6448   6083  12638   7053   6456 
 17236  13361     51    165   5899   6060   6159   6470   5970   6445   6593   6596   6407   6432  12638   6893   7053   6448   6456   6083   5655   6117   5466  13735  26304      0      0  65535 
     0      0      0      0      0      0      0      0      0      0      0      0      0      0      0      0      0      0      0 
     0      0      0      0      0      0      0      0      0      0      0      0      0      0      0      0      0      0      0 
     0      0      0      0      0      0      0      0      0      0      0      0      0      0      0      0      0      0      0 
0 -1 -1
     0      0      0      0      0      0      0      0      0      0      0      0      0      0      0      0      9      0      0 
  5969   6160   5900   6445   6471   6058   5469   6407   6594   6593   6116   5655   6432   6893   6448   6087  12747   7054   6457 
 17236  13361     51    166   5900   6058   6160   6471   5969   6445   6593   6594   6407   6432  12747   6893   7054   6448   6457   6087   5655   6116   5469  13730  26304      0      1  65535 
     0      0      0      0      0      0      0      0      0      0      0      0      0      0      0      0      0      0      0 
     0      0      0      0      0      0      0      0      0      0      0      0      0      0      0      0      0      0      0 
     0      0      0      0      0      0      0      0      0      0      0      0      0      0      0      0      0      0      0 
0 -1 -1
     0      0      0      0      0      0      0      0      0      0      0      0      0      0      0      0      3      0      0 
  5969   6158   5899   6445   6471   6059   5467   6405   6596   6592   6115   5654   6432   6892   6447   6085  12505   7055   6457 
 17236  13361     51    166   5899   6059   6158   6471   5969   6445   6592   6596   6405   6432  12505   6892   7055   6447   6457   6085   5654   6115   5467  13727  26306      0      0  65535 
     0      0      0      0      0      0      0      0      0      0      0      0      0      0      0      0      0      0      0 
     0      0      0      0      0      0      0      0      0      0      0      0      0      0      0      0      0      0      0 
     0      0      0      0      0      0      0      0      0      0      0      0      0      0      0      0      0      0      0 
0 -1 -1
     0      0      0      0      0      0      0      0      0      0      0      0      0      0      0      0      8      0      0 
  5970   6159   5896   6442   6471   6058   5467   6406   6596   6593   6116   5653   6431   6891   6446   6085  12723   7053   6456 
 17236  13361     51    166   5896   6058   6159   6471   5970   6442   6593   6596   6406   6431  12723   6891   7053   6446   6456   6085   5653   6116   5467  13726  26305      0      0  65535 
     0      0      0      0      0      0      0      0      0      0      0      0      0      0      0      0      0      0      0 
     0      0      0      0      0      0      0      0      0      0      0      0      0      0      0      0      0      0      0 
     0      0      0      0      0      0      0      0      0      0      0      0      0      0      0      0      0      0      0 
0 -1 -1
     0      0      0      0      0      0      0      0      0      0      0      0      0      0      0      0      7      0      0 
  5968   6159   5897   6442   6469   6058   5468   6405   6595   6594   6117   5654   6430   6892   6447   6084  12650   7053   6454 
 17236  13361     51    166   5897   6058   6159   6469   5968   6442   6594   6595   6405   6430  12650   6892   7053   6447   6454   6084   5654   6117   5468  13728  26305      1      0  65535 
     0      0      0      0      0      0      0      0      0      0      0      0      0      0      0      0      0      0      0 
     0      0      0      0      0      0      0      0      0      0      0      0      0      0      0      0      0      0      0 
     0      0      0      0      0      0      0      0      0      0      0      0      0      0      0      0      0      0      0 
0 -1 -1
     0      0      0      0      0      0      0      0      0      0      0      0      0      0      0      0      1      0      0 
  5968   6160   5898   6443   6469   6057   5466   6404   6594   6591   6116   5653   6430   6891   6447   6085  12394   7053   6455 
 17236  13361     51    166   5898   6057   6160   6469   5968   6443   6591   6594   6404   6430  12394   6891   7053   6447   6455   6085   5653   6116   5466  13728  26304      1      0  65535 
     0      0      0      0      0      0      0      0      0      0      0      0      0      0      0      0      0      0      0 
     0      0      0      0      0      0      0      0      0      0      0      0      0      0      0      0      0      0      0 
     0      0      0      0      0      0      0      0      0      0      0      0      0      0      0      0      0      0      0 
0 -1 -1
     0      0      0      0      0      0      0      0      0      0      0      0      0      0      0      0      5      0      0 
  5968   6158   5898   6442   6469   6057   5468   6404   6592   6590   6115   5653   6429   6892   6446   6084  12598   7051   6454 
 17236  13361     51    165   5898   6057   6158   6469   5968   6442   6590   6592   6404   6429  12598   6892   7051   6446   6454   6084   5653   6115   5468  13728  26304      0      0  65535 
     0      0      0      0      0      0      0      0      0      0      0      0      0      0      0      0      0      0      0 
     0      0      0      0      0      0      0      0      0      0      0      0      0      0      0      0      0      0      0 
     0      0      0      0      0      0      0      0      0      0      0      0      0      0      0      0      0      0      0 
0 -1 -1
     0      0      0      0      0      0      0      0      0      0      0      0      0      0      0      0      7      0      0 
  5966   6157   5897   6443   6468   6056   5465   6404   6592   6590   6114   5654   6430   6890   6446   6084  12677   7052   6455 
 17236  13361     51    166   5897   6056   6157   6468   5966   6443   6590   6592   6404   6430  12677   6890   7052   6446   6455   6084   5654   6114   5465  13729  26305      0      0  65535 
     0      0      0      0      0      0      0      0      0      0      0      0      0      0      0      0      0      0      0 
     0      0      0      0      0      0      0      0      0      0      0      0      0      0      0      0      0      0      0 
     0      0      0      0      0      0      0      0      0      0      0      0      0      0      0      0      0      0      0 
0 -1 -1
     0      0      0      0      0      0      0      0      0      0      0      0      0      0      0      0      7      0      0 
  5967   6157   5895   6441   6468   6057   5466   6403   6592   6591   6114   5653   6429   6889   6445   6083  12658   7052   6454 
 17236  13361     51    166   5895   6057   6157   6468   5967   6441   6591   6592   6403   6429  12658   6889   7052   6445   6454   6083   5653   6114   5466  13735  26305      0      0  65535 
     0      0      0      0      0      0      0      0      0      0      0      0      0      0      0      0      0      0      0 
     0      0      0      0      0      0      0      0      0      0      0      0      0      0      0      0      0      0      0 
     0      0      0      0      0      0      0      0      0      0      0      0      0      0      0      0      0      0      0 
0 -1 -1
     0      0      0      0      0      0      0      0      0      0      0      0      0      0      0      0      6      0      0 
  5967   6158   5894   6441   6467   6056   5465   6403   6591   6589   6113   5653   6429   6890   6445   6082  12604   7051   6454 
 17236  13361     51    166   5894   6056   6158   6467   5967   6441   6589   6591   6403   6429  12604   6890   7051   6445   6454   6082   5653   6113   5465  13727  26305      0      0  65535 
     0      0      0      0      0      0      0      0      0      0      0      0      0      0      0      0      0      0      0 
     0      0      0      0      0      0      0      0      0      0      0      0      0      0      0      0      0      0      0 
     0      0      0      0      0      0      0      0      0      0      0      0      0      0      0      0      0      0      0 
0 -1 -1
     0      0      0      0      0      0      0      0      0      0      0      0      0      0      0      0      0      0      0 
  5965   6156   5895   6440   6467   6055   5464   6404   6592   6589   6113   5653   6429   6889   6443   6082  12364   7049   6452 
 17236  13361     51    166   5895   6055   6156   6467   5965   6440   6589   6592   6404   6429  12364   6889   7049   6443   6452   6082   5653   6113   5464  13727  26305      0      0  65535 
     0      0      0      0      0      0      0      0      0      0      0      0      0      0      0      0      0      0      0 
     0      0      0      0      0      0      0      0      0      0      0      0      0      0      0      0      0      0      0 
     0      0      0      0      0      0      0      0      0      0      0      0      0      0      0      0      0      0      0 
0 -1 -1
     0      0      0      0      0      0      0      0      0      0      0      0      0      0      0      0      8      0      0 
  5966   6155   5897   6442   6466   6056   5465   6403   6591   6590   6112   5652   6427   6888   6444   6082  12722   7051   6452 
 17236  13361     51    166   5897   6056   6155   6466   5966   6442   6590   6591   6403   6427  12722   6888   7051   6444   6452   6082   5652   6112   5465  13728  26305      0      0  65535 
     0      0      0      0      0      0      0      0      0      0      0      0      0      0      0      0      0      0      0 
     0      0      0      0      0      0      0      0      0      0      0      0      0      0      0      0      0      0      0 
     0      0      0      0      0      0      0      0      0      0      0      0      0      0      0      0      0      0      0 
0 -1 -1
     0      0      0      0      0      0      0      0      0      0      0      0      0      0      0      0      5      0      0 
  5966   6156   5895   6438   6465   6056   5465   6402   6591   6588   6113   5651   6428   6887   6444   6083  12582   7050   6452 
 17236  13361     51    166   5895   6056   6156   6465   5966   6438   6588   6591   6402   6428  12582   6887   7050   6444   6452   6083   5651   6113   5465  13731  26305      0      0  65535 
     0      0      0      0      0      0      0      0      0      0      0      0      0      0      0      0      0      0      0 
     0      0      0      0      0      0      0      0      0      0      0      0      0      0      0      0      0      0      0 
     0      0      0      0      0      0      0      0      0      0      0      0      0      0      0      0      0      0      0 
0 -1 -1
     0      0      0      0      0      0      0      0      0      0      0      0      0      0      0      0      6      0      0 
  5965   6155   5895   6440   6466   6055   5465   6402   6590   6589   6113   5650   6426   6886   6442   6081  12619   7048   6451 
 17236  13361     51    166   5895   6055   6155   6466   5965   6440   6589   6590   6402   6426  12619   6886   7048   6442   6451   6081   5650   6113   5465  13731  26305      0      0  65535 
     0      0      0      0      0      0      0      0      0      0      0      0      0      0      0      0      0      0      0 
     0      0      0      0      0      0      0      0      0      0      0      0      0      0      0      0      0      0      0 
     0      0      0      0      0      0      0      0      0      0      0      0      0      0      0      0      0      0      0 
0 -1 -1
     0      0      0      0      0      0      0      0      0      0      0      0      0      0      0      0     18      0      0 
  5964   6155   5896   6440   6465   6054   5465   6402   6591   6587   6112   5650   6427   6885   6442   6082  13165   7048   6452 
 17236  13361     51    166   5896   6054   6155   6465   5964   6440   6587   6591   6402   6427  13165   6885   7048   6442   6452   6082   5650   6112   5465  13733  26305      1      0  65535 
     0      0      0      0      0      0      0      0      0      0      0      0      0      0      0      0      0      0      0 
     0      0      0      0      0      0      0      0      0      0      0      0      0      0      0      0      0      0      0 
     0      0      0      0      0      0      0      0      0      0      0      0      0      0      0      0      0      0      0 
0 -1 -1
     0      0      0      0      0      0      0      0      0      0      0      0      0      0      0      0     12      0      0 
  5964   6153   5894   6438   6466   6053   5463   6401   6589   6587   6110   5650   6426   6885   6442   6080  12878   7047   6451 
 17236  13361     51    165   5894   6053   6153   6466   5964   6438   6587   6589   6401   6426  12878   6885   7047   6442   6451   6080   5650   6110   5463  13733  26304      0      0  65535 
     0      0      0      0      0      0      0      0      0      0      0      0      0      0      0      0      0      0      0 
     0      0      0      0      0      0      0      0      0      0      0      0      0      0      0      0      0      0      0 
     0      0      0      0      0      0      0      0      0      0      0      0      0      0      0      0      0      0      0 
0 -1 -1
     0      0      0      0      0      0      0      0      0      0      0      0      0      0      0      0      4      0      0 
  5964   6153   5893   6439   6463   6053   5464   6401   6590   6585   6112   5650   6425   6885   6443   6081  12543   7048   6450 
 17236  13361     51    166   5893   6053   6153   6463   5964   6439   6585   6590   6401   6425  12543   6885   7048   6443   6450   6081   5650   6112   5464  13732  26304      0      0  65535 
     0      0      0      0      0      0      0      0      0      0      0      0      0      0      0      0      0      0      0 
     0      0      0      0      0      0      0      0      0      0      0      0      0      0      0      0      0      0      0 
     0      0      0      0      0      0      0      0      0      0      0      0      0      0      0      0      0      0      0 
0 -1 -1
