     0      0      0      0      0      0      0      0      0      0      0      0      0      0      0      0      0      0      0 
  6064   6249   5986   6545   6570   6152   5552   6512   6695   6692   6213   5744   6539   6994   6548   6182  11907   7164   6558 
 17236  13361     51    166   5986   6152   6249   6570   6064   6545   6692   6695   6512   6539  11907   6994   7164   6548   6558   6182   5744   6213   5552  13732  26304      0      0  65535 
     0      0      0      0      0      0      0      0      0      0      0      0      0      0      0      0      0      0      0 
     0      0      0      0      0      0      0      0      0      0      0      0      0      0      0      0      0      0      0 
     0      0      0      0      0      0      0      0      0      0      0      0      0      0      0      0      0      0      0 
0 -1 -1
     0      0      0      0      0      0      0      0      0      0      0      0      0      0      0      0      0      0      0 
  6063   6251   5983   6545   6568   6151   5552   6514   6696   6691   6212   5743   6537   6996   6549   6181  11899   7164   6559 
 17236  13361     51    166   5983   6151   6251   6568   6063   6545   6691   6696   6514   6537  11899   6996   7164   6549   6559   6181   5743   6212   5552  13731  26304      0      0  65535 
     0      0      0      0      0      0      0      0      0      0      0      0      0      0      0      0      0      0      0 
     0      0      0      0      0      0      0      0      0      0      0      0      0      0      0      0      0      0      0 
     0      0      0      0      0      0      0      0      0      0      0      0      0      0      0      0      0      0      0 
0 -1 -1
     0      0      0      0      0      0      0      0      0      0      0      0      0      0      0      0      0      0      0 
  6064   6249   5984   6545   6568   6152   5552   6511   6694   6690   6212   5743   6537   6995   6547   6182  11924   7165   6557 
 17236  13361     51    166   5984   6152   6249   6568   6064   6545   6690   6694   6511   6537  11924   6995   7165   6547   6557   6182   5743   6212   5552  13731  26305      0      0  65535 
     0      0      0      0      0      0      0      0      0      0      0      0      0      0      0      0      0      0      0 
     0      0      0      0      0      0      0      0      0      0      0      0      0      0      0      0      0      0      0 
     0      0      0      0      0      0      0      0      0      0      0      0      0      0      0      0      0      0      0 
0 -1 -1
     0      0      0      0      0      0      0      0      0      0      0      0      0      0      0      0      0      0      0 
  6062   6249   5982   6545   6568   6151   5551   6512   6694   6691   6213   5742   6538   6995   6549   6182  11929   7163   6557 
 17236  13361     51    166   5982   6151   6249   6568   6062   6545   6691   6694   6512   6538  11929   6995   7163   6549   6557   6182   5742   6213   5551  13733  26304      0      0  65535 
     0      0      0      0      0      0      0      0      0      0      0      0      0      0      0      0      0      0      0 
     0      0      0      0      0      0      0      0      0      0      0      0      0      0      0      0      0      0      0 
     0      0      0      0      0      0      0      0      0      0      0      0      0      0      0      0      0      0      0 
0 -1 -1
     0      0      0      0      0      0      0      0      0      0      0      0      0      0      0      0      0      0      0 
  6063   6249   5983   6545   6568   6152   5552   6512   6694   6691   6213   5743   6537   6995   6548   6180  11892   7164   6559 
 17236  13361     51    167   5983   6152   6249   6568   6063   6545   6691   6694   6512   6537  11892   6995   7164   6548   6559   6180   5743   6213   5552  13732  26304      0      0  65535 
     0      0      0      0      0      0      0      0      0      0      0      0      0      0      0      0      0      0      0 
     0      0      0      0      0      0      0      0      0      0      0      0      0      0      0      0      0      0      0 
     0      0      0      0      0      0      0      0      0      0      0      0      0      0      0      0      0      0      0 
0 -1 -1
     0      0      0      0      0      0      0      0      0      0      0      0      0      0      0      0      0      0      0 
  6065   6253   5992   6550   6567   6152   5562   6524   6696   6692   6215   5753   6552   6995   6549   6192  11745   7175   6564 
 17236  13361     51    166   5992   6152   6253   6567   6065   6550   6692   6696   6524   6552  11745   6995   7175   6549   6564   6192   5753   6215   5562  13735  26304      0      0  65535 
     0      0      0      0      0      0      0      0      0      0      0      0      0      0      0      0      0      0      0 
     0      0      0      0      0      0      0      0      0      0      0      0      0      0      0      0      0      0      0 
     0      0      0      0      0      0      0      0      0      0      0      0      0      0      0      0      0      0      0 
0 -1 -1
     1      3      2      3      3      2      3      2      5      2      3      3      5      6      5      3      0      3      2 
  6160   6396   6076   6696   6640   6217   5694   6644   6819   6747   6304   5840   6756   7141   6671   6318  11085   7313   6687 
 17236  13361     51    166   6076   6217   6396   6640   6160   6696   6747   6819   6644   6756  11085   7141   7313   6671   6687   6318   5840   6304   5694  13737  26304      0      0  65535 
     0      0      0      0      0      0      0      0      0      0      0      0      0      0      0      0      0      0      0 
     0      0      0      0      0      0      0      0      0      0      0      0      0      0      0      0      0      0      0 
     0      0      0      0      0      0      0      0      0      0      0      0      0      0      0      0      0      0      0 
0 -1 -1
     7     15      7     10     20     15      7      5     18     10      9      5     18     23     14      5      0      9      4 
  6501   6926   6305   7126   7073   6557   5856   6865   7173   6931   6452   5904   7296   7553   6913   6469  11284   7581   6852 
 17236  13361     51    166   6305   6557   6926   7073   6501   7126   6931   7173   6865   7296  11284   7553   7581   6913   6852   6469   5904   6452   5856  13737  26304      0      0  65535 
     0      0      0      0      0      0      0      0      0      0      0      0      0      0      0      0      0      0      0 
     0      0      0      0      0      0      0      0      0      0      0      0      0      0      0      0      0      0      0 
     0      0      0      0      0      0      0      0      0      0      0      0      0      0      0      0      0      0      0 
0 -1 -1
     5     12      6      8     15     12      8      5     15      9      9      5     16     22     15      6      0      9      5 
  6409   6783   6249   7021   6960   6476   5891   6828   7101   6902   6476   5917   7215   7535   6930   6491  11029   7590   6876 
 17236  13361     51    166   6249   6476   6783   6960   6409   7021   6902   7101   6828   7215  11029   7535   7590   6930   6876   6491   5917   6476   5891  13738  26304      0      0  65535 
     0      0      0      0      0      0      0      0      0      0      0      0      0      0      0      0      0      0      0 
     0      0      0      0      0      0      0      0      0      0      0      0      0      0      0      0      0      0      0 
     0      0      0      0      0      0      0      0      0      0      0      0      0      0      0      0      0      0      0 
0 -1 -1
    11     23     10     15     32     24     13      7     28     18     16      6     27     42     28      9     12     15      8 
  6741   7233   6461   7374   7371   6793   6095   7007   7434   7125   6643   5967   7673   8010   7246   6653  12474   7869   7062 
 17236  13361     51    166   6461   6793   7233   7371   6741   7374   7125   7434   7007   7673  12474   8010   7869   7246   7062   6653   5967   6643   6095  13738  26304      0      0  65535 
     0      0      0      0      0      0      0      0      0      0      0      0      0      0      0      0      0      0      0 
     0      0      0      0      0      0      0      0      0      0      0      0      0      0      0      0      0      0      0 
     0      0      0      0      0      0      0      0      0      0      0      0      0      0      0      0      0      0      0 
0 -1 -1
    16     32     14     21     49     36     19     10     43     35     24      8     38     68     47     13      0     23     12 
  7084   7648   6666   7735   7803   7118   6367   7198   7841   7523   6870   6026   8156   8631   7719   6871  11551   8250   7348 
 17236  13361     51    165   6666   7118   7648   7803   7084   7735   7523   7841   7198   8156  11551   8631   8250   7719   7348   6871   6026   6870   6367  13738  26305      0      1  65535 
     0      0      0      0      0      0      0      0      0      0      0      0      0      0      0      0      0      0      0 
     0      0      0      0      0      0      0      0      0      0      0      0      0      0      0      0      0      0      0 
     0      0      0      0      0      0      0      0      0      0      0      0      0      0      0      0      0      0      0 
0 -1 -1
    26     50     23     33     80     60     28     15     70     91     37     11     56    110     79     20      0     38     19 
  7739   8429   7081   8402   8594   7779   6780   7508   8548   8831   7228   6129   8885   9634   8514   7229  11496   8929   7811 
 17236  13361     51    164   7081   7779   8429   8594   7739   8402   8831   8548   7508   8885  11496   9634   8929   8514   7811   7229   6129   7228   6780  13759  26305      0      0  65535 
     0      0      0      0      0      0      0      0      0      0      0      0      0      0      0      0      0      0      0 
     0      0      0      0      0      0      0      0      0      0      0      0      0      0      0      0      0      0      0 
     0      0      0      0      0      0      0      0      0      0      0      0      0      0      0      0      0      0      0 
0 -1 -1
    35     64     31     44    106     80     38     19     92    150     48     14     70    144    105     27      0     52     26 
  8294   9041   7448   8992   9263   8310   7182   7777   9143  10204   7532   6238   9483  10452   9175   7602  11929   9565   8246 
 17236  13361     51    164   7448   8310   9041   9263   8294   8992  10204   9143   7777   9483  11929  10452   9565   9175   8246   7602   6238   7532   7182  13799  26304      0      0  65535 
     0      0      0      0      0      0      0      0      0      0      0      0      0      0      0      0      0      0      0 
     0      0      0      0      0      0      0      0      0      0      0      0      0      0      0      0      0      0      0 
     0      0      0      0      0      0      0      0      0      0      0      0      0      0      0      0      0      0      0 
0 -1 -1
    43     77     39     54    131     99     46     23    114    201     58     18     84    174    126     34      0     65     33 
  8809   9599   7806   9542   9881   8818   7528   8078   9716  11387   7798   6352  10050  11158   9707   7953  10755  10167   8703 
 17236  13361     51    163   7806   8818   9599   9881   8809   9542  11387   9716   8078  10050  10755  11158  10167   9707   8703   7953   6352   7798   7528  13740  26304      0      1  65535 
     0      0      0      0      0      0      0      0      0      0      0      0      0      0      0      0      0      0      0 
     0      0      0      0      0      0      0      0      0      0      0      0      0      0      0      0      0      0      0 
     0      0      0      0      0      0      0      0      0      0      0      0      0      0      0      0      0      0      0 
0 -1 -1
    53     92     48     66    160    121     56     30    143    255     72     23    102    213    154     43      0     84     43 
  9465  10263   8244  10196  10631   9414   7987   8538  10471  12840   8173   6516  10827  12090  10403   8431  10838  11032   9356 
 17236  13361     51    162   8244   9414  10263  10631   9465  10196  12840  10471   8538  10827  10838  12090  11032  10403   9356   8431   6516   8173   7987  13739  26305      0      1  65535 
     0      0      0      0      0      0      0      0      0      0      0      0      0      0      0      0      0      0      0 
     0      0      0      0      0      0      0      0      0      0      0      0      0      0      0      0      0      0      0 
     0      0      0      0      0      0      0      0      0      0      0      0      0      0      0      0      0      0      0 
0 -1 -1
    66    111     60     81    197    148     68     39    177    255     88     28    124    255    185     54      0    106     55 
 10292  11070   8805  11034  11560  10142   8505   9129  11374  14679   8613   6700  11741  13159  11165   8979  11152  12038  10113 
 17236  13361     51    161   8805  10142  11070  11560  10292  11034  14679  11374   9129  11741  11152  13159  12038  11165  10113   8979   6700   8613   8505  13739  26304      0      0  65535 
     0      0      0      0      0      0      0      0      0      0      0      0      0      0      0      0      0      0      0 
     0      0      0      0      0      0      0      0      0      0      0      0      0      0      0      0      0      0      0 
     0      0      0      0      0      0      0      0      0      0      0      0      0      0      0      0      0      0      0 
0 -1 -1
    75    125     70     90    223    169     79     44    199    255    101     33    135    255    206     62      0    118     62 
 10884  11670   9282  11559  12215  10690   8941   9458  11955  15975   8959   6879  12215  13771  11694   9395  11588  12625  10590 
 17236  13361     51    160   9282  10690  11670  12215  10884  11559  15975  11955   9458  12215  11588  13771  12625  11694  10590   9395   6879   8959   8941  13739  26304      0      0  65535 
     0      0      0      0      0      0      0      0      0      0      0      0      0      0      0      0      0      0      0 
     0      0      0      0      0      0      0      0      0      0      0      0      0      0      0      0      0      0      0 
     0      0      0      0      0      0      0      0      0      0      0      0      0      0      0      0      0      0      0 
0 -1 -1
    83    136     79     97    244    185     86     48    216    255    111     38    144    255    223     68      3    128     68 
 11367  12157   9679  11977  12756  11130   9277   9738  12416  17060   9240   7035  12591  14269  12118   9738  12046  13086  10965 
 17236  13361     51    160   9679  11130  12157  12756  11367  11977  17060  12416   9738  12591  12046  14269  13086  12118  10965   9738   7035   9240   9277  13739  26304      0      0  65535 
     0      0      0      0      0      0      0      0      0      0      0      0      0      0      0      0      0      0      0 
     0      0      0      0      0      0      0      0      0      0      0      0      0      0      0      0      0      0      0 
     0      0      0      0      0      0      0      0      0      0      0      0      0      0      0      0      0      0      0 
0 -1 -1
    90    147     87    105    255    200     93     52    233    255    120     42    152    255    238     74     13    137     73 
 11842  12649  10081  12399  13276  11518   9582  10013  12852  18131   9494   7171  12927  14715  12505  10037  12500  13470  11288 
 17236  13361     51    159  10081  11518  12649  13276  11842  12399  18131  12852  10013  12927  12500  14715  13470  12505  11288  10037   7171   9494   9582  13740  26304      0      1  65535 
     0      0      0      0      0      0      0      0      0      0      0      0      0      0      0      0      0      0      0 
     0      0      0      0      0      0      0      0      0      0      0      0      0      0      0      0      0      0      0 
     0      0      0      0      0      0      0      0      0      0      0      0      0      0      0      0      0      0      0 
0 -1 -1
    95    155     93    110    255    210     98     55    243    255    126     45    157    255    248     78     19    142     76 
 12157  12991  10354  12685  13631  11791   9779  10180  13120  18874   9658   7273  13132  14984  12747  10226  12790  13692  11488 
 17236  13361     51    159  10354  11791  12991  13631  12157  12685  18874  13120  10180  13132  12790  14984  13692  12747  11488  10226   7273   9658   9779  13740  26304      0      0  65535 
     0      0      0      0      0      0      0      0      0      0      0      0      0      0      0      0      0      0      0 
     0      0      0      0      0      0      0      0      0      0      0      0      0      0      0      0      0      0      0 
     0      0      0      0      0      0      0      0      0      0      0      0      0      0      0      0      0      0      0 
0 -1 -1
   100    162     98    116    255    220    104     58    254    255    134     49    163    255    255     83     32    148     80 
 12472  13306  10609  12991  13979  12060  10019  10387  13422  19625   9871   7408  13397  15303  13027  10481  13366  13999  11779 
 17236  13361     51    158  10609  12060  13306  13979  12472  12991  19625  13422  10387  13397  13366  15303  13999  13027  11779  10481   7408   9871  10019  13742  26304      1      0  65535 
     0      0      0      0      0      0      0      0      0      0      0      0      0      0      0      0      0      0      0 
     0      0      0      0      0      0      0      0      0      0      0      0      0      0      0      0      0      0      0 
     0      0      0      0      0      0      0      0      0      0      0      0      0      0      0      0      0      0      0 
0 -1 -1
   105    169    104    121    255    230    107     61    255    255    139     52    169    255    255     86     30    153     83 
 12782  13615  10874  13283  14321  12331  10172  10578  13703  20289  10009   7498  13614  15543  13224  10654  13262  14214  11968 
 17236  13361     51    158  10874  12331  13615  14321  12782  13283  20289  13703  10578  13614  13262  15543  14214  13224  11968  10654   7498  10009  10172  13747  26304      0      0  65535 
     0      0      0      0      0      0      0      0      0      0      0      0      0      0      0      0      0      0      0 
     0      0      0      0      0      0      0      0      0      0      0      0      0      0      0      0      0      0      0 
     0      0      0      0      0      0      0      0      0      0      0      0      0      0      0      0      0      0      0 
0 -1 -1
   105    170    105    121    255    230    107     61    255    255    139     51    167    255    255     85     16    151     81 
 12812  13646  10893  13288  14323  12324  10149  10569  13664  20257   9986   7471  13564  15464  13156  10591  12649  14102  11853 
 17236  13361     51    158  10893  12324  13646  14323  12812  13288  20257  13664  10569  13564  12649  15464  14102  13156  11853  10591   7471   9986  10149  13741  26304      0      0  65535 
     0      0      0      0      0      0      0      0      0      0      0      0      0      0      0      0      0      0      0 
     0      0      0      0      0      0      0      0      0      0      0      0      0      0      0      0      0      0      0 
     0      0      0      0      0      0      0      0      0      0      0      0      0      0      0      0      0      0      0 
0 -1 -1
   104    169    104    120    255    228    106     60    255    255    138     50    166    255    255     84      9    149     81 
 12769  13609  10860  13232  14259  12279  10118  10526  13582  20157   9961   7458  13496  15386  13096  10558  12318  14028  11804 
 17236  13361     51    158  10860  12279  13609  14259  12769  13232  20157  13582  10526  13496  12318  15386  14028  13096  11804  10558   7458   9961  10118  13735  26305      0      0  65535 
     0      0      0      0      0      0      0      0      0      0      0      0      0      0      0      0      0      0      0 
     0      0      0      0      0      0      0      0      0      0      0      0      0      0      0      0      0      0      0 
     0      0      0      0      0      0      0      0      0      0      0      0      0      0      0      0      0      0      0 
0 -1 -1
   103    167    103    118    255    226    105     59    255    255    138     51    165    255    255     85     10    150     81 
 12656  13517  10805  13138  14165  12237  10097  10467  13513  20090   9959   7466  13456  15360  13094  10584  12377  14060  11867 
 17236  13361     51    158  10805  12237  13517  14165  12656  13138  20090  13513  10467  13456  12377  15360  14060  13094  11867  10584   7466   9959  10097  13734  26305      0      0  65535 
     0      0      0      0      0      0      0      0      0      0      0      0      0      0      0      0      0      0      0 
     0      0      0      0      0      0      0      0      0      0      0      0      0      0      0      0      0      0      0 
     0      0      0      0      0      0      0      0      0      0      0      0      0      0      0      0      0      0      0 
0 -1 -1
    99    161     99    115    255    220    102     57    250    255    133     48    161    255    255     82      2    147     80 
 12402  13274  10632  12932  13919  12075   9933  10318  13307  19702   9843   7393  13297  15179  12950  10467  11978  13944  11773 
 17236  13361     51    159  10632  12075  13274  13919  12402  12932  19702  13307  10318  13297  11978  15179  13944  12950  11773  10467   7393   9843   9933  13733  26305      0      0  65535 
     0      0      0      0      0      0      0      0      0      0      0      0      0      0      0      0      0      0      0 
     0      0      0      0      0      0      0      0      0      0      0      0      0      0      0      0      0      0      0 
     0      0      0      0      0      0      0      0      0      0      0      0      0      0      0      0      0      0      0 
0 -1 -1
    86    144     86    101    255    195     86     48    216    255    114     39    143    255    225     70      0    128     68 
 11588  12495  10008  12150  13020  11404   9280   9726  12410  17916   9308   7058  12535  14247  12178   9802  11182  13085  10992 
 17236  13361     51    159  10008  11404  12495  13020  11588  12150  17916  12410   9726  12535  11182  14247  13085  12178  10992   9802   7058   9308   9280  13731  26306      0      0  65535 
     0      0      0      0      0      0      0      0      0      0      0      0      0      0      0      0      0      0      0 
     0      0      0      0      0      0      0      0      0      0      0      0      0      0      0      0      0      0      0 
     0      0      0      0      0      0      0      0      0      0      0      0      0      0      0      0      0      0      0 
0 -1 -1
    65    113     63     76    195    151     65     34    159    255     85     26    112    237    175     51      0     97     49 
 10219  11164   8958  10798  11502  10215   8339   8789  10906  14980   8523   6637  11222  12676  10918   8812  10810  11638   9764 
 17236  13361     51    161   8958  10215  11164  11502  10219  10798  14980  10906   8789  11222  10810  12676  11638  10918   9764   8812   6637   8523   8339  13735  26305      0      0  65535 
     0      0      0      0      0      0      0      0      0      0      0      0      0      0      0      0      0      0      0 
     0      0      0      0      0      0      0      0      0      0      0      0      0      0      0      0      0      0      0 
     0      0      0      0      0      0      0      0      0      0      0      0      0      0      0      0      0      0      0 
0 -1 -1
    46     86     45     56    143    112     46     23    112    249     60     17     83    177    130     34      0     69     33 
  9023   9974   8085   9656  10194   9165   7519   8046   9657  12517   7858   6332  10040  11247   9791   7973  10530  10341   8725 
 17236  13361     51    163   8085   9165   9974  10194   9023   9656  12517   9657   8046  10040  10530  11247  10341   9791   8725   7973   6332   7858   7519  13735  26305      0      0  65535 
     0      0      0      0      0      0      0      0      0      0      0      0      0      0      0      0      0      0      0 
     0      0      0      0      0      0      0      0      0      0      0      0      0      0      0      0      0      0      0 
     0      0      0      0      0      0      0      0      0      0      0      0      0      0      0      0      0      0      0 
0 -1 -1
    27     54     25     34     85     67     26     13     64    131     35     10     54    108     76     19      0     38     18 
  7768   8606   7161   8444   8722   7953   6685   7377   8399   9759   7172   6082   8792   9591   8453   7150  10250   8927   7716 
 17236  13361     51    164   7161   7953   8606   8722   7768   8444   9759   8399   7377   8792  10250   9591   8927   8453   7716   7150   6082   7172   6685  13735  26307      0      0  65535 
     0      0      0      0      0      0      0      0      0      0      0      0      0      0      0      0      0      0      0 
     0      0      0      0      0      0      0      0      0      0      0      0      0      0      0      0      0      0      0 
     0      0      0      0      0      0      0      0      0      0      0      0      0      0      0      0      0      0      0 
0 -1 -1
    17     37     16     23     56     44     17      9     42     71     23      7     39     72     49     12      0     25     11 
  7152   7858   6732   7846   7989   7326   6280   7111   7818   8358   6836   5984   8178   8724   7771   6809  10307   8298   7294 
 17236  13361     51    165   6732   7326   7858   7989   7152   7846   8358   7818   7111   8178  10307   8724   8298   7771   7294   6809   5984   6836   6280  13735  26306      0      0  65535 
     0      0      0      0      0      0      0      0      0      0      0      0      0      0      0      0      0      0      0 
     0      0      0      0      0      0      0      0      0      0      0      0      0      0      0      0      0      0      0 
     0      0      0      0      0      0      0      0      0      0      0      0      0      0      0      0      0      0      0 
0 -1 -1
     8     20      8     13     28     21      9      5     21     22     12      5     22     35     23      7     94     12      6 
  6592   7104   6381   7247   7276   6732   5928   6856   7258   7201   6543   5905   7455   7836   7131   6532  16155   7738   6932 
 17236  13361     51    165   6381   6732   7104   7276   6592   7247   7201   7258   6856   7455  16155   7836   7738   7131   6932   6532   5905   6543   5928  13734  26305      0      0  65535 
     0      0      0      0      0      0      0      0      0      0      0      0      0      0      0      0      0      0      0 
     0      0      0      0      0      0      0      0      0      0      0      0      0      0      0      0      0      0      0 
     0      0      0      0      0      0      0      0      0      0      0      0      0      0      0      0      0      0      0 
0 -1 -1
     3      8      4      5     10      8      3      2      8      7      5      3      8     11      7      3    177      5      2 
  6259   6604   6168   6840   6820   6381   5699   6681   6901   6851   6342   5835   6888   7270   6737   6342  19944   7382   6709 
 17236  13361     51    166   6168   6381   6604   6820   6259   6840   6851   6901   6681   6888  19944   7270   7382   6737   6709   6342   5835   6342   5699  13782  26305      0      0  65535 
     0      0      0      0      0      0      0      0      0      0      0      0      0      0      0      0      0      0      0 
     0      0      0      0      0      0      0      0      0      0      0      0      0      0      0      0      0      0      0 
     0      0      0      0      0      0      0      0      0      0      0      0      0      0      0      0      0      0      0 
0 -1 -1
     0      1      1      1      1      1      1      1      1      1      1      1      1      2      1      1    131      1      0 
  6094   6316   6029   6613   6603   6189   5579   6555   6737   6717   6235   5772   6602   7042   6580   6219  17827   7214   6595 
 17236  13361     51    166   6029   6189   6316   6603   6094   6613   6717   6737   6555   6602  17827   7042   7214   6580   6595   6219   5772   6235   5579  13749  26305      0      0  65535 
     0      0      0      0      0      0      0      0      0      0      0      0      0      0      0      0      0      0      0 
     0      0      0      0      0      0      0      0      0      0      0      0      0      0      0      0      0      0      0 
     0      0      0      0      0      0      0      0      0      0      0      0      0      0      0      0      0      0      0 
0 -1 -1
     0      0      0      0      0      0      0      0      0      0      0      0      0      0      0      0     99      0      0 
  6067   6260   5992   6556   6575   6153   5553   6515   6701   6696   6213   5745   6551   7005   6549   6183  16398   7174   6559 
 17236  13361     51    166   5992   6153   6260   6575   6067   6556   6696   6701   6515   6551  16398   7005   7174   6549   6559   6183   5745   6213   5553  13732  26305      0      0  65535 
     0      0      0      0      0      0      0      0      0      0      0      0      0      0      0      0      0      0      0 
     0      0      0      0      0      0      0      0      0      0      0      0      0      0      0      0      0      0      0 
     0      0      0      0      0      0      0      0      0      0      0      0      0      0      0      0      0      0      0 
0 -1 -1
     0      0      0      0      0      0      0      0      0      0      0      0      0      0      0      0     87      0      0 
  6060   6249   5981   6544   6570   6150   5548   6509   6695   6690   6208   5736   6540   6997   6546   6177  15857   7162   6554 
 17236  13361     51    167   5981   6150   6249   6570   6060   6544   6690   6695   6509   6540  15857   6997   7162   6546   6554   6177   5736   6208   5548  13732  26305      0      0  65535 
     0      0      0      0      0      0      0      0      0      0      0      0      0      0      0      0      0      0      0 
     0      0      0      0      0      0      0      0      0      0      0      0      0      0      0      0      0      0      0 
     0      0      0      0      0      0      0      0      0      0      0      0      0      0      0      0      0      0      0 
0 -1 -1
     0      0      0      0      0      0      0      0      0      0      0      0      0      0      0      0     82      0      0 
  6061   6250   5979   6545   6569   6149   5547   6509   6695   6687   6208   5735   6539   6995   6547   6176  15641   7162   6550 
 17236  13361     51    166   5979   6149   6250   6569   6061   6545   6687   6695   6509   6539  15641   6995   7162   6547   6550   6176   5735   6208   5547  13737  26305      0      0  65535 
     0      0      0      0      0      0      0      0      0      0      0      0      0      0      0      0      0      0      0 
     0      0      0      0      0      0      0      0      0      0      0      0      0      0      0      0      0      0      0 
     0      0      0      0      0      0      0      0      0      0      0      0      0      0      0      0      0      0      0 
0 -1 -1
     0      0      0      0      0      0      0      0      0      0      0      0      0      0      0      0     79      0      0 
  6060   6248   5978   6544   6570   6147   5547   6508   6693   6690   6208   5736   6537   6995   6545   6176  15493   7162   6553 
 17236  13361     51    166   5978   6147   6248   6570   6060   6544   6690   6693   6508   6537  15493   6995   7162   6545   6553   6176   5736   6208   5547  13738  26304      0      0  65535 
     0      0      0      0      0      0      0      0      0      0      0      0      0      0      0      0      0      0      0 
     0      0      0      0      0      0      0      0      0      0      0      0      0      0      0      0      0      0      0 
     0      0      0      0      0      0      0      0      0      0      0      0      0      0      0      0      0      0      0 
0 -1 -1
     0      0      0      0      0      0      0      0      0      0      0      0      0      0      0      0     77      0      0 
  6060   6247   5977   6543   6568   6147   5545   6508   6693   6689   6206   5735   6536   6994   6546   6177  15410   7161   6552 
 17236  13361     51    166   5977   6147   6247   6568   6060   6543   6689   6693   6508   6536  15410   6994   7161   6546   6552   6177   5735   6206   5545  13738  26304      0      0  65535 
     0      0      0      0      0      0      0      0      0      0      0      0      0      0      0      0      0      0      0 
     0      0      0      0      0      0      0      0      0      0      0      0      0      0      0      0      0      0      0 
     0      0      0      0      0      0      0      0      0      0      0      0      0      0      0      0      0      0      0 
0 -1 -1
     0      0      0      0      0      0      0      0      0      0      0      0      0      0      0      0     75      0      0 
  6059   6247   5977   6543   6567   6148   5545   6507   6693   6688   6208   5736   6536   6993   6544   6175  15329   7160   6552 
 17236  13361     51    166   5977   6148   6247   6567   6059   6543   6688   6693   6507   6536  15329   6993   7160   6544   6552   6175   5736   6208   5545  13737  26304      0      0  65535 
     0      0      0      0      0      0      0      0      0      0      0      0      0      0      0      0      0      0      0 
     0      0      0      0      0      0      0      0      0      0      0      0      0      0      0      0      0      0      0 
     0      0      0      0      0      0      0      0      0      0      0      0      0      0      0      0      0      0      0 
0 -1 -1
     0      0      0      0      0      0      0      0      0      0      0      0      0      0      0      0     69      0      0 
  6058   6246   5976   6541   6566   6146   5547   6507   6692   6687   6207   5734   6535   6994   6545   6174  15050   7160   6551 
 17236  13361     51    166   5976   6146   6246   6566   6058   6541   6687   6692   6507   6535  15050   6994   7160   6545   6551   6174   5734   6207   5547  13736  26304      0      0  65535 
     0      0      0      0      0      0      0      0      0      0      0      0      0      0      0      0      0      0      0 
     0      0      0      0      0      0      0      0      0      0      0      0      0      0      0      0      0      0      0 
     0      0      0      0      0      0      0      0      0      0      0      0      0      0      0      0      0      0      0 
0 -1 -1
     0      0      0      0      0      0      0      0      0      0      0      0      0      0      0      0     69      0      0 
  6058   6246   5977   6541   6566   6146   5544   6507   6693   6687   6206   5734   6535   6993   6544   6173  15054   7160   6552 
 17236  13361     51    166   5977   6146   6246   6566   6058   6541   6687   6693   6507   6535  15054   6993   7160   6544   6552   6173   5734   6206   5544  13742  26304      0      0  65535 
     0      0      0      0      0      0      0      0      0      0      0      0      0      0      0      0      0      0      0 
     0      0      0      0      0      0      0      0      0      0      0      0      0      0      0      0      0      0      0 
     0      0      0      0      0      0      0      0      0      0      0      0      0      0      0      0      0      0      0 
0 -1 -1
     0      0      0      0      0      0      0      0      0      0      0      0      0      0      0      0     67      0      0 
  6058   6245   5975   6540   6566   6145   5545   6506   6691   6686   6206   5733   6535   6992   6543   6174  14944   7159   6548 
 17236  13361     51    166   5975   6145   6245   6566   6058   6540   6686   6691   6506   6535  14944   6992   7159   6543   6548   6174   5733   6206   5545  13739  26304      0      0  65535 
     0      0      0      0      0      0      0      0      0      0      0      0      0      0      0      0      0      0      0 
     0      0      0      0      0      0      0      0      0      0      0      0      0      0      0      0      0      0      0 
     0      0      0      0      0      0      0      0      0      0      0      0      0      0      0      0      0      0      0 
0 -1 -1
     0      0      0      0      0      0      0      0      0      0      0      0      0      0      0      0     69      0      0 
  6057   6244   5976   6541   6565   6145   5544   6505   6691   6687   6206   5734   6533   6991   6543   6171  15051   7159   6550 
 17236  13361     51    166   5976   6145   6244   6565   6057   6541   6687   6691   6505   6533  15051   6991   7159   6543   6550   6171   5734   6206   5544  13737  26305      0      0  65535 
     0      0      0      0      0      0      0      0      0      0      0      0      0      0      0      0      0      0      0 
     0      0      0      0      0      0      0      0      0      0      0      0      0      0      0      0      0      0      0 
     0      0      0      0      0      0      0      0      0      0      0      0      0      0      0      0      0      0      0 
0 -1 -1
     0      0      0      0      0      0      0      0      0      0      0      0      0      0      0      0     65      0      0 
  6055   6244   5976   6541   6564   6145   5544   6504   6691   6685   6205   5733   6533   6992   6543   6172  14872   7157   6550 
 17236  13361     51    166   5976   6145   6244   6564   6055   6541   6685   6691   6504   6533  14872   6992   7157   6543   6550   6172   5733   6205   5544  13737  26306      0      0  65535 
     0      0      0      0      0      0      0      0      0      0      0      0      0      0      0      0      0      0      0 
     0      0      0      0      0      0      0      0      0      0      0      0      0      0      0      0      0      0      0 
     0      0      0      0      0      0      0      0      0      0      0      0      0      0      0      0      0      0      0 
0 -1 -1
     0      0      0      0      0      0      0      0      0      0      0      0      0      0      0      0     60      0      0 
  6058   6245   5978   6543   6565   6143   5553   6510   6693   6688   6211   5741   6547   6994   6546   6182  14615   7162   6556 
 17236  13361     51    166   5978   6143   6245   6565   6058   6543   6688   6693   6510   6547  14615   6994   7162   6546   6556   6182   5741   6211   5553  13738  26306      0      0  65535 
     0      0      0      0      0      0      0      0      0      0      0      0      0      0      0      0      0      0      0 
     0      0      0      0      0      0      0      0      0      0      0      0      0      0      0      0      0      0      0 
     0      0      0      0      0      0      0      0      0      0      0      0      0      0      0      0      0      0      0 
0 -1 -1
     0      0      0      0      0      0      0      0      0      0      0      0      0      0      0      0     56      0      0 
  6062   6250   5989   6550   6564   6144   5555   6515   6699   6688   6214   5744   6559   6996   6548   6186  14466   7171   6564 
 17236  13361     51    166   5989   6144   6250   6564   6062   6550   6688   6699   6515   6559  14466   6996   7171   6548   6564   6186   5744   6214   5555  13738  26305      0      0  65535 
     0      0      0      0      0      0      0      0      0      0      0      0      0      0      0      0      0      0      0 
     0      0      0      0      0      0      0      0      0      0      0      0      0      0      0      0      0      0      0 
     0      0      0      0      0      0      0      0      0      0      0      0      0      0      0      0      0      0      0 
0 -1 -1
     0      0      0      0      0      0      0      0      0      0      0      0      0      0      0      0     63      0      0 
  6056   6246   5981   6542   6565   6143   5547   6508   6692   6686   6207   5738   6544   6993   6543   6178  14754   7159   6554 
 17236  13361     51    166   5981   6143   6246   6565   6056   6542   6686   6692   6508   6544  14754   6993   7159   6543   6554   6178   5738   6207   5547  13738  26305      0      0  65535 
     0      0      0      0      0      0      0      0      0      0      0      0      0      0      0      0      0      0      0 
     0      0      0      0      0      0      0      0      0      0      0      0      0      0      0      0      0      0      0 
     0      0      0      0      0      0      0      0      0      0      0      0      0      0      0      0      0      0      0 
0 -1 -1
     0      0      0      0      0      0      0      0      0      0      0      0      0      0      0      0     65      0      0 
  6054   6243   5975   6537   6563   6144   5543   6505   6688   6684   6205   5733   6532   6989   6539   6171  14876   7156   6548 
 17236  13361     51    167   5975   6144   6243   6563   6054   6537   6684   6688   6505   6532  14876   6989   7156   6539   6548   6171   5733   6205   5543  13738  26305      0      0  65535 
     0      0      0      0      0      0      0      0      0      0      0      0      0      0      0      0      0      0      0 
     0      0      0      0      0      0      0      0      0      0      0      0      0      0      0      0      0      0      0 
     0      0      0      0      0      0      0      0      0      0      0      0      0      0      0      0      0      0      0 
0 -1 -1
     0      0      0      0      0      0      0      0      0      0      0      0      0      0      0      0     66      0      0 
  6055   6242   5973   6537   6562   6143   5541   6503   6688   6683   6203   5733   6532   6987   6540   6169  14885   7154   6548 
 17236  13361     51    166   5973   6143   6242   6562   6055   6537   6683   6688   6503   6532  14885   6987   7154   6540   6548   6169   5733   6203   5541  13739  26304      0      0  65535 
     0      0      0      0      0      0      0      0      0      0      0      0      0      0      0      0      0      0      0 
     0      0      0      0      0      0      0      0      0      0      0      0      0      0      0      0      0      0      0 
     0      0      0      0      0      0      0      0      0      0      0      0      0      0      0      0      0      0      0 
0 -1 -1
     0      0      0      0      0      0      0      0      0      0      0      0      0      0      0      0     65      0      0 
  6055   6243   5973   6538   6561   6142   5541   6502   6688   6683   6204   5731   6531   6989   6538   6170  14841   7155   6547 
 17236  13361     51    166   5973   6142   6243   6561   6055   6538   6683   6688   6502   6531  14841   6989   7155   6538   6547   6170   5731   6204   5541  13737  26304      0      1  65535 
     0      0      0      0      0      0      0      0      0      0      0      0      0      0      0      0      0      0      0 
     0      0      0      0      0      0      0      0      0      0      0      0      0      0      0      0      0      0      0 
     0      0      0      0      0      0      0      0      0      0      0      0      0      0      0      0      0      0      0 
0 -1 -1
     0      0      0      0      0      0      0      0      0      0      0      0      0      0      0      0     64      0      0 
  6054   6241   5972   6536   6561   6142   5540   6502   6687   6683   6202   5730   6530   6987   6539   6171  14795   7156   6547 
 17236  13361     51    166   5972   6142   6241   6561   6054   6536   6683   6687   6502   6530  14795   6987   7156   6539   6547   6171   5730   6202   5540  13738  26304      0      1  65535 
     0      0      0      0      0      0      0      0      0      0      0      0      0      0      0      0      0      0      0 
     0      0      0      0      0      0      0      0      0      0      0      0      0      0      0      0      0      0      0 
     0      0      0      0      0      0      0      0      0      0      0      0      0      0      0      0      0      0      0 
0 -1 -1
     0      0      0      0      0      0      0      0      0      0      0      0      0      0      0      0     59      0      0 
  6053   6241   5973   6536   6559   6142   5542   6501   6687   6682   6200   5732   6530   6986   6538   6169  14603   7152   6548 
 17236  13361     51    166   5973   6142   6241   6559   6053   6536   6682   6687   6501   6530  14603   6986   7152   6538   6548   6169   5732   6200   5542  13752  26305      0      0  65535 
     0      0      0      0      0      0      0      0      0      0      0      0      0      0      0      0      0      0      0 
     0      0      0      0      0      0      0      0      0      0      0      0      0      0      0      0      0      0      0 
     0      0      0      0      0      0      0      0      0      0      0      0      0      0      0      0      0      0      0 
0 -1 -1
     0      0      0      0      0      0      0      0      0      0      0      0      0      0      0      0     58      0      0 
  6053   6241   5972   6534   6560   6142   5540   6501   6686   6684   6202   5732   6530   6986   6538   6171  14546   7153   6546 
 17236  13361     51    166   5972   6142   6241   6560   6053   6534   6684   6686   6501   6530  14546   6986   7153   6538   6546   6171   5732   6202   5540  13780  26306      0      0  65535 
     0      0      0      0      0      0      0      0      0      0      0      0      0      0      0      0      0      0      0 
     0      0      0      0      0      0      0      0      0      0      0      0      0      0      0      0      0      0      0 
     0      0      0      0      0      0      0      0      0      0      0      0      0      0      0      0      0      0      0 
0 -1 -1
     0      0      0      0      0      0      0      0      0      0      0      0      0      0      0      0     60      0      0 
  6052   6239   5972   6534   6558   6141   5540   6501   6685   6681   6202   5730   6528   6986   6537   6168  14647   7153   6546 
 17236  13361     51    166   5972   6141   6239   6558   6052   6534   6681   6685   6501   6528  14647   6986   7153   6537   6546   6168   5730   6202   5540  13739  26306      0      0  65535 
     0      0      0      0      0      0      0      0      0      0      0      0      0      0      0      0      0      0      0 
     0      0      0      0      0      0      0      0      0      0      0      0      0      0      0      0      0      0      0 
     0      0      0      0      0      0      0      0      0      0      0      0      0      0      0      0      0      0      0 
0 -1 -1
     0      0      0      0      0      0      0      0      0      0      0      0      0      0      0      0     59      0      0 
  6052   6240   5972   6535   6560   6141   5540   6498   6686   6680   6201   5730   6528   6987   6536   6168  14586   7152   6544 
 17236  13361     51    166   5972   6141   6240   6560   6052   6535   6680   6686   6498   6528  14586   6987   7152   6536   6544   6168   5730   6201   5540  13732  26305      0      0  65535 
     0      0      0      0      0      0      0      0      0      0      0      0      0      0      0      0      0      0      0 
     0      0      0      0      0      0      0      0      0      0      0      0      0      0      0      0      0      0      0 
     0      0      0      0      0      0      0      0      0      0      0      0      0      0      0      0      0      0      0 
0 -1 -1
     0      0      0      0      0      0      0      0      0      0      0      0      0      0      0      0     59      0      0 
  6051   6239   5971   6534   6559   6141   5541   6500   6684   6680   6200   5729   6528   6985   6537   6168  14605   7152   6544 
 17236  13361     51    166   5971   6141   6239   6559   6051   6534   6680   6684   6500   6528  14605   6985   7152   6537   6544   6168   5729   6200   5541  13729  26304      0      0  65535 
     0      0      0      0      0      0      0      0      0      0      0      0      0      0      0      0      0      0      0 
     0      0      0      0      0      0      0      0      0      0      0      0      0      0      0      0      0      0      0 
     0      0      0      0      0      0      0      0      0      0      0      0      0      0      0      0      0      0      0 
0 -1 -1
     0      0      0      0      0      0      0      0      0      0      0      0      0      0      0      0     56      0      0 
  6052   6238   5971   6534   6559   6140   5539   6499   6686   6680   6200   5731   6527   6984   6537   6168  14450   7151   6544 
 17236  13361     51    166   5971   6140   6238   6559   6052   6534   6680   6686   6499   6527  14450   6984   7151   6537   6544   6168   5731   6200   5539  13730  26304      0      0  65535 
     0      0      0      0      0      0      0      0      0      0      0      0      0      0      0      0      0      0      0 
     0      0      0      0      0      0      0      0      0      0      0      0      0      0      0      0      0      0      0 
     0      0      0      0      0      0      0      0      0      0      0      0      0      0      0      0      0      0      0 
0 -1 -1
     0      0      0      0      0      0      0      0      0      0      0      0      0      0      0      0     57      0      0 
  6050   6238   5970   6532   6558   6139   5539   6499   6685   6681   6200   5728   6527   6983   6536   6168  14507   7150   6544 
 17236  13361     51    167   5970   6139   6238   6558   6050   6532   6681   6685   6499   6527  14507   6983   7150   6536   6544   6168   5728   6200   5539  13732  26305      0      1  65535 
     0      0      0      0      0      0      0      0      0      0      0      0      0      0      0      0      0      0      0 
     0      0      0      0      0      0      0      0      0      0      0      0      0      0      0      0      0      0      0 
     0      0      0      0      0      0      0      0      0      0      0      0      0      0      0      0      0      0      0 
0 -1 -1
     0      0      0      0      0      0      0      0      0      0      0      0      0      0      0      0     56      0      0 
  6051   6238   5971   6533   6558   6140   5539   6498   6684   6680   6200   5729   6528   6984   6536   6169  14440   7152   6544 
 17236  13361     51    166   5971   6140   6238   6558   6051   6533   6680   6684   6498   6528  14440   6984   7152   6536   6544   6169   5729   6200   5539  13731  26304      0      1  65535 
     0      0      0      0      0      0      0      0      0      0      0      0      0      0      0      0      0      0      0 
     0      0      0      0      0      0      0      0      0      0      0      0      0      0      0      0      0      0      0 
     0      0      0      0      0      0      0      0      0      0      0      0      0      0      0      0      0      0      0 
0 -1 -1
     0      0      0      0      0      0      0      0      0      0      0      0      0      0      0      0     55      0      0 
  6050   6239   5970   6532   6558   6138   5538   6499   6683   6680   6199   5729   6527   6985   6536   6167  14391   7152   6544 
 17236  13361     51    166   5970   6138   6239   6558   6050   6532   6680   6683   6499   6527  14391   6985   7152   6536   6544   6167   5729   6199   5538  13731  26304      1      0  65535 
     0      0      0      0      0      0      0      0      0      0      0      0      0      0      0      0      0      0      0 
     0      0      0      0      0      0      0      0      0      0      0      0      0      0      0      0      0      0      0 
     0      0      0      0      0      0      0      0      0      0      0      0      0      0      0      0      0      0      0 
0 -1 -1
     0      0      0      0      0      0      0      0      0      0      0      0      0      0      0      0     55      0      0 
  6050   6237   5969   6532   6557   6138   5538   6498   6682   6678   6198   5728   6526   6982   6536   6167  14387   7150   6544 
 17236  13361     51    166   5969   6138   6237   6557   6050   6532   6678   6682   6498   6526  14387   6982   7150   6536   6544   6167   5728   6198   5538  13735  26304      0      0  65535 
     0      0      0      0      0      0      0      0      0      0      0      0      0      0      0      0      0      0      0 
     0      0      0      0      0      0      0      0      0      0      0      0      0      0      0      0      0      0      0 
     0      0      0      0      0      0      0      0      0      0      0      0      0      0      0      0      0      0      0 
0 -1 -1
     0      0      0      0      0      0      0      0      0      0      0      0      0      0      0      0     53      0      0 
  6048   6238   5970   6533   6556   6137   5537   6497   6681   6678   6198   5727   6525   6981   6534   6165  14290   7149   6542 
 17236  13361     51    166   5970   6137   6238   6556   6048   6533   6678   6681   6497   6525  14290   6981   7149   6534   6542   6165   5727   6198   5537  13745  26305      0      0  65535 
     0      0      0      0      0      0      0      0      0      0      0      0      0      0      0      0      0      0      0 
     0      0      0      0      0      0      0      0      0      0      0      0      0      0      0      0      0      0      0 
     0      0      0      0      0      0      0      0      0      0      0      0      0      0      0      0      0      0      0 
0 -1 -1
     0      0      0      0      0      0      0      0      0      0      0      0      0      0      0      0     49      0      0 
  6049   6235   5969   6531   6556   6137   5537   6498   6683   6677   6198   5727   6526   6983   6534   6165  14132   7148   6543 
 17236  13361     51    166   5969   6137   6235   6556   6049   6531   6677   6683   6498   6526  14132   6983   7148   6534   6543   6165   5727   6198   5537  13730  26305      0      0  65535 
     0      0      0      0      0      0      0      0      0      0      0      0      0      0      0      0      0      0      0 
     0      0      0      0      0      0      0      0      0      0      0      0      0      0      0      0      0      0      0 
     0      0      0      0      0      0      0      0      0      0      0      0      0      0      0      0      0      0      0 
0 -1 -1
     0      0      0      0      0      0      0      0      0      0      0      0      0      0      0      0     50      0      0 
  6048   6236   5968   6532   6555   6137   5537   6497   6680   6677   6198   5727   6524   6981   6534   6166  14191   7148   6542 
 17236  13361     51    166   5968   6137   6236   6555   6048   6532   6677   6680   6497   6524  14191   6981   7148   6534   6542   6166   5727   6198   5537  13730  26305      0      0  65535 
     0      0      0      0      0      0      0      0      0      0      0      0      0      0      0      0      0      0      0 
     0      0      0      0      0      0      0      0      0      0      0      0      0      0      0      0      0      0      0 
     0      0      0      0      0      0      0      0      0      0      0      0      0      0      0      0      0      0      0 
0 -1 -1
     0      0      0      0      0      0      0      0      0      0      0      0      0      0      0      0     54      0      0 
  6048   6236   5967   6531   6554   6136   5537   6497   6681   6676   6198   5725   6524   6982   6533   6165  14346   7148   6542 
 17236  13361     51    166   5967   6136   6236   6554   6048   6531   6676   6681   6497   6524  14346   6982   7148   6533   6542   6165   5725   6198   5537  13730  26304      1      0  65535 
     0      0      0      0      0      0      0      0      0      0      0      0      0      0      0      0      0      0      0 
     0      0      0      0      0      0      0      0      0      0      0      0      0      0      0      0      0      0      0 
     0      0      0      0      0      0      0      0      0      0      0      0      0      0      0      0      0      0      0 
0 -1 -1
