     0      0      0      0      0      0      0      0      0      0      0      0      0      0      0      0      0      0      0 
  6422   6616   6321   6925   6967   6528   5891   6880   7082   7089   6593   6096   6919   7390   6942   6557   9983   7559   6931 
 17236  13361     51    168   6321   6528   6616   6967   6422   6925   7089   7082   6880   6919   9983   7390   7559   6942   6931   6557   6096   6593   5891  13684  26303      0      0  65535 
     0      0      0      0      0      0      0      0      0      0      0      0      0      0      0      0      0      0      0 
     0      0      0      0      0      0      0      0      0      0      0      0      0      0      0      0      0      0      0 
     0      0      0      0      0      0      0      0      0      0      0      0      0      0      0      0      0      0      0 
0 -1 -1
     0      0      0      0      0      0      0      0      0      0      0      0      0      0      0      0      0      0      0 
  6422   6617   6323   6924   6967   6526   5893   6880   7081   7089   6594   6096   6918   7390   6940   6557   9976   7559   6930 
 17236  13361     51    168   6323   6526   6617   6967   6422   6924   7089   7081   6880   6918   9976   7390   7559   6940   6930   6557   6096   6594   5893  13684  26303      0      0  65535 
     0      0      0      0      0      0      0      0      0      0      0      0      0      0      0      0      0      0      0 
     0      0      0      0      0      0      0      0      0      0      0      0      0      0      0      0      0      0      0 
     0      0      0      0      0      0      0      0      0      0      0      0      0      0      0      0      0      0      0 
0 -1 -1
     0      0      0      0      0      0      0      0      0      0      0      0      0      0      0      0      0      0      0 
  6425   6616   6328   6927   6966   6526   5903   6878   7082   7090   6597   6101   6917   7389   6939   6560   9977   7559   6930 
 17236  13361     51    168   6328   6526   6616   6966   6425   6927   7090   7082   6878   6917   9977   7389   7559   6939   6930   6560   6101   6597   5903  13685  26303      0      0  65535 
     0      0      0      0      0      0      0      0      0      0      0      0      0      0      0      0      0      0      0 
     0      0      0      0      0      0      0      0      0      0      0      0      0      0      0      0      0      0      0 
     0      0      0      0      0      0      0      0      0      0      0      0      0      0      0      0      0      0      0 
0 -1 -1
     0      0      0      0      0      0      0      0      0      0      0      0      0      0      0      0      0      0      0 
  6434   6622   6335   6934   6967   6525   5913   6881   7081   7092   6606   6101   6925   7386   6940   6569   9976   7559   6945 
 17236  13361     51    168   6335   6525   6622   6967   6434   6934   7092   7081   6881   6925   9976   7386   7559   6940   6945   6569   6101   6606   5913  13685  26304      0      0  65535 
     0      0      0      0      0      0      0      0      0      0      0      0      0      0      0      0      0      0      0 
     0      0      0      0      0      0      0      0      0      0      0      0      0      0      0      0      0      0      0 
     0      0      0      0      0      0      0      0      0      0      0      0      0      0      0      0      0      0      0 
0 -1 -1
     0      0      0      0      0      0      1      0      0      0      0      0      0      0      0      0      0      0      0 
  6443   6627   6342   6940   6966   6525   5921   6885   7081   7093   6611   6106   6930   7388   6938   6577   9975   7569   6957 
 17236  13361     51    168   6342   6525   6627   6966   6443   6940   7093   7081   6885   6930   9975   7388   7569   6938   6957   6577   6106   6611   5921  13684  26302      0      0  65535 
     0      0      0      0      0      0      0      0      0      0      0      0      0      0      0      0      0      0      0 
     0      0      0      0      0      0      0      0      0      0      0      0      0      0      0      0      0      0      0 
     0      0      0      0      0      0      0      0      0      0      0      0      0      0      0      0      0      0      0 
0 -1 -1
     0      0      1      0      0      0      1      0      0      0      1      0      0      0      0      0      0      0      1 
  6453   6634   6352   6948   6965   6525   5938   6892   7088   7099   6623   6118   6938   7392   6938   6591   9973   7578   6974 
 17236  13361     51    168   6352   6525   6634   6965   6453   6948   7099   7088   6892   6938   9973   7392   7578   6938   6974   6591   6118   6623   5938  13684  26302      0      0  65535 
     0      0      0      0      0      0      0      0      0      0      0      0      0      0      0      0      0      0      0 
     0      0      0      0      0      0      0      0      0      0      0      0      0      0      0      0      0      0      0 
     0      0      0      0      0      0      0      0      0      0      0      0      0      0      0      0      0      0      0 
0 -1 -1
     1      2      3      2      1      3      5      1      2      2      6      4      3      3      2      3      0      2      2 
  6514   6718   6452   7018   7008   6611   6118   6970   7153   7155   6759   6222   7045   7475   7004   6697   9982   7674   7093 
 17236  13361     51    168   6452   6611   6718   7008   6514   7018   7155   7153   6970   7045   9982   7475   7674   7004   7093   6697   6222   6759   6118  13684  26303      0      0  65535 
     0      0      0      0      0      0      0      0      0      0      0      0      0      0      0      0      0      0      0 
     0      0      0      0      0      0      0      0      0      0      0      0      0      0      0      0      0      0      0 
     0      0      0      0      0      0      0      0      0      0      0      0      0      0      0      0      0      0      0 
0 -1 -1
     3      5      6      3      4      9      8      2      5      6      9      5      5      7      5      3      0      4      3 
  6595   6848   6621   7083   7076   6769   6222   7041   7233   7233   6842   6283   7149   7572   7074   6745   9983   7754   7144 
 17236  13361     51    167   6621   6769   6848   7076   6595   7083   7233   7233   7041   7149   9983   7572   7754   7074   7144   6745   6283   6842   6222  13684  26304      0      0  65535 
     0      0      0      0      0      0      0      0      0      0      0      0      0      0      0      0      0      0      0 
     0      0      0      0      0      0      0      0      0      0      0      0      0      0      0      0      0      0      0 
     0      0      0      0      0      0      0      0      0      0      0      0      0      0      0      0      0      0      0 
0 -1 -1
     3      6      7      3      4     10      9      3      6      7     11      7      6      9      6      4      0      5      4 
  6617   6872   6642   7102   7089   6796   6300   7070   7260   7253   6906   6324   7182   7613   7107   6778   9985   7803   7187 
 17236  13361     51    168   6642   6796   6872   7089   6617   7102   7253   7260   7070   7182   9985   7613   7803   7107   7187   6778   6324   6906   6300  13684  26303      0      0  65535 
     0      0      0      0      0      0      0      0      0      0      0      0      0      0      0      0      0      0      0 
     0      0      0      0      0      0      0      0      0      0      0      0      0      0      0      0      0      0      0 
     0      0      0      0      0      0      0      0      0      0      0      0      0      0      0      0      0      0      0 
0 -1 -1
     4      9     10      4      7     16     14      4     10     10     17      9      9     15     11      6      1      8      5 
  6702   7008   6809   7160   7159   6963   6496   7150   7359   7343   7066   6414   7285   7752   7215   6853  10011   7928   7278 
 17236  13361     51    167   6809   6963   7008   7159   6702   7160   7343   7359   7150   7285  10011   7752   7928   7215   7278   6853   6414   7066   6496  13687  26303      0      1  65535 
     0      0      0      0      0      0      0      0      0      0      0      0      0      0      0      0      0      0      0 
     0      0      0      0      0      0      0      0      0      0      0      0      0      0      0      0      0      0      0 
     0      0      0      0      0      0      0      0      0      0      0      0      0      0      0      0      0      0      0 
0 -1 -1
     5     11     12      5      9     20     17      5     13     13     21     11     10     19     14      6      1     10      6 
  6751   7095   6913   7195   7210   7073   6621   7196   7426   7404   7174   6468   7345   7846   7295   6899  10025   8010   7334 
 17236  13361     51    167   6913   7073   7095   7210   6751   7195   7404   7426   7196   7345  10025   7846   8010   7295   7334   6899   6468   7174   6621  13686  26302      0      0  65535 
     0      0      0      0      0      0      0      0      0      0      0      0      0      0      0      0      0      0      0 
     0      0      0      0      0      0      0      0      0      0      0      0      0      0      0      0      0      0      0 
     0      0      0      0      0      0      0      0      0      0      0      0      0      0      0      0      0      0      0 
0 -1 -1
     6     13     15      5     12     25     20      5     15     17     26     12     11     23     18      7      1     12      7 
  6810   7193   7028   7238   7269   7197   6777   7244   7493   7491   7308   6526   7405   7955   7396   6952  10028   8103   7403 
 17236  13361     51    166   7028   7197   7193   7269   6810   7238   7491   7493   7244   7405  10028   7955   8103   7396   7403   6952   6526   7308   6777  13686  26302      0      0  65535 
     0      0      0      0      0      0      0      0      0      0      0      0      0      0      0      0      0      0      0 
     0      0      0      0      0      0      0      0      0      0      0      0      0      0      0      0      0      0      0 
     0      0      0      0      0      0      0      0      0      0      0      0      0      0      0      0      0      0      0 
0 -1 -1
     7     16     18      6     14     30     24      6     18     22     31     14     13     28     22      9      1     14      8 
  6877   7300   7179   7271   7336   7348   6937   7294   7572   7613   7447   6584   7458   8064   7511   7008  10041   8213   7474 
 17236  13361     51    166   7179   7348   7300   7336   6877   7271   7613   7572   7294   7458  10041   8064   8213   7511   7474   7008   6584   7447   6937  13686  26303      0      0  65535 
     0      0      0      0      0      0      0      0      0      0      0      0      0      0      0      0      0      0      0 
     0      0      0      0      0      0      0      0      0      0      0      0      0      0      0      0      0      0      0 
     0      0      0      0      0      0      0      0      0      0      0      0      0      0      0      0      0      0      0 
0 -1 -1
     8     17     21      7     16     35     28      7     21     27     36     16     14     31     27     10      2     16      9 
  6932   7384   7298   7298   7388   7466   7095   7329   7635   7721   7584   6642   7502   8151   7617   7070  10055   8305   7545 
 17236  13361     51    166   7298   7466   7384   7388   6932   7298   7721   7635   7329   7502  10055   8151   8305   7617   7545   7070   6642   7584   7095  13686  26303      0      0  65535 
     0      0      0      0      0      0      0      0      0      0      0      0      0      0      0      0      0      0      0 
     0      0      0      0      0      0      0      0      0      0      0      0      0      0      0      0      0      0      0 
     0      0      0      0      0      0      0      0      0      0      0      0      0      0      0      0      0      0      0 
0 -1 -1
     9     20     24      7     19     40     31      7     23     33     41     18     15     35     31     11      2     18     10 
  6992   7496   7453   7333   7444   7615   7254   7367   7702   7864   7704   6702   7551   8238   7727   7141  10091   8406   7616 
 17236  13361     51    166   7453   7615   7496   7444   6992   7333   7864   7702   7367   7551  10091   8238   8406   7727   7616   7141   6702   7704   7254  13686  26303      1      0  65535 
     0      0      0      0      0      0      0      0      0      0      0      0      0      0      0      0      0      0      0 
     0      0      0      0      0      0      0      0      0      0      0      0      0      0      0      0      0      0      0 
     0      0      0      0      0      0      0      0      0      0      0      0      0      0      0      0      0      0      0 
0 -1 -1
    10     23     28      8     22     47     37      8     26     43     48     20     17     41     38     13      3     22     12 
  7071   7637   7656   7382   7527   7801   7510   7416   7789   8101   7899   6799   7620   8380   7890   7256  10095   8562   7739 
 17236  13361     51    165   7656   7801   7637   7527   7071   7382   8101   7789   7416   7620  10095   8380   8562   7890   7739   7256   6799   7899   7510  13682  26303      0      0  65535 
     0      0      0      0      0      0      0      0      0      0      0      0      0      0      0      0      0      0      0 
     0      0      0      0      0      0      0      0      0      0      0      0      0      0      0      0      0      0      0 
     0      0      0      0      0      0      0      0      0      0      0      0      0      0      0      0      0      0      0 
0 -1 -1
    12     29     36     10     27     61     48      9     32     63     61     26     20     52     49     17      3     28     16 
  7220   7903   8024   7472   7668   8177   7957   7508   7947   8568   8256   6971   7746   8647   8186   7453  10107   8844   7979 
 17236  13361     51    164   8024   8177   7903   7668   7220   7472   8568   7947   7508   7746  10107   8647   8844   8186   7979   7453   6971   8256   7957  13678  26303      0      1  65535 
     0      0      0      0      0      0      0      0      0      0      0      0      0      0      0      0      0      0      0 
     0      0      0      0      0      0      0      0      0      0      0      0      0      0      0      0      0      0      0 
     0      0      0      0      0      0      0      0      0      0      0      0      0      0      0      0      0      0      0 
0 -1 -1
    14     33     41     11     31     70     53     10     37     78     69     28     22     59     57     19      3     32     18 
  7326   8066   8244   7526   7765   8409   8202   7574   8059   8916   8467   7068   7835   8819   8367   7578  10108   9031   8136 
 17236  13361     51    164   8244   8409   8066   7765   7326   7526   8916   8059   7574   7835  10108   8819   9031   8367   8136   7578   7068   8467   8202  13680  26303      0      0  65535 
     0      0      0      0      0      0      0      0      0      0      0      0      0      0      0      0      0      0      0 
     0      0      0      0      0      0      0      0      0      0      0      0      0      0      0      0      0      0      0 
     0      0      0      0      0      0      0      0      0      0      0      0      0      0      0      0      0      0      0 
0 -1 -1
    15     35     43     11     33     73     55     11     38     84     71     29     22     62     60     20      3     33     19 
  7362   8130   8334   7549   7807   8508   8279   7596   8101   9055   8537   7101   7869   8883   8437   7629  10107   9097   8193 
 17236  13361     51    164   8334   8508   8130   7807   7362   7549   9055   8101   7596   7869  10107   8883   9097   8437   8193   7629   7101   8537   8279  13677  26303      0      0  65535 
     0      0      0      0      0      0      0      0      0      0      0      0      0      0      0      0      0      0      0 
     0      0      0      0      0      0      0      0      0      0      0      0      0      0      0      0      0      0      0 
     0      0      0      0      0      0      0      0      0      0      0      0      0      0      0      0      0      0      0 
0 -1 -1
    15     37     45     12     35     78     59     11     41     93     76     32     24     67     65     22      4     36     21 
  7425   8224   8454   7587   7868   8642   8449   7645   8174   9275   8669   7177   7936   9008   8575   7726  10145   9223   8298 
 17236  13361     51    163   8454   8642   8224   7868   7425   7587   9275   8174   7645   7936  10145   9008   9223   8575   8298   7726   7177   8669   8449  13679  26303      0      0  65535 
     0      0      0      0      0      0      0      0      0      0      0      0      0      0      0      0      0      0      0 
     0      0      0      0      0      0      0      0      0      0      0      0      0      0      0      0      0      0      0 
     0      0      0      0      0      0      0      0      0      0      0      0      0      0      0      0      0      0      0 
0 -1 -1
    16     39     48     12     38     84     63     12     44    102     80     33     25     72     70     24      5     38     22 
  7488   8324   8581   7618   7930   8787   8594   7684   8241   9485   8773   7235   7994   9115   8698   7807  10189   9335   8387 
 17236  13361     51    163   8581   8787   8324   7930   7488   7618   9485   8241   7684   7994  10189   9115   9335   8698   8387   7807   7235   8773   8594  13681  26303      0      0  65535 
     0      0      0      0      0      0      0      0      0      0      0      0      0      0      0      0      0      0      0 
     0      0      0      0      0      0      0      0      0      0      0      0      0      0      0      0      0      0      0 
     0      0      0      0      0      0      0      0      0      0      0      0      0      0      0      0      0      0      0 
0 -1 -1
    17     41     50     13     39     87     65     12     45    109     83     35     26     75     73     25      5     40     23 
  7535   8390   8665   7642   7971   8883   8685   7711   8283   9639   8851   7275   8031   9192   8785   7858  10222   9411   8444 
 17236  13361     51    163   8665   8883   8390   7971   7535   7642   9639   8283   7711   8031  10222   9192   9411   8785   8444   7858   7275   8851   8685  13681  26303      0      1  65535 
     0      0      0      0      0      0      0      0      0      0      0      0      0      0      0      0      0      0      0 
     0      0      0      0      0      0      0      0      0      0      0      0      0      0      0      0      0      0      0 
     0      0      0      0      0      0      0      0      0      0      0      0      0      0      0      0      0      0      0 
0 -1 -1
    18     42     51     13     41     90     67     13     46    114     86     36     27     78     76     26      6     42     24 
  7570   8436   8717   7661   8002   8950   8774   7736   8313   9759   8929   7313   8068   9257   8854   7901  10263   9479   8490 
 17236  13361     51    163   8717   8950   8436   8002   7570   7661   9759   8313   7736   8068  10263   9257   9479   8854   8490   7901   7313   8929   8774  13680  26303      0      1  65535 
     0      0      0      0      0      0      0      0      0      0      0      0      0      0      0      0      0      0      0 
     0      0      0      0      0      0      0      0      0      0      0      0      0      0      0      0      0      0      0 
     0      0      0      0      0      0      0      0      0      0      0      0      0      0      0      0      0      0      0 
0 -1 -1
    18     43     52     13     42     92     68     13     47    118     87     36     28     80     78     26      7     42     24 
  7598   8479   8777   7677   8030   9016   8819   7749   8340   9864   8973   7338   8090   9307   8891   7920  10297   9523   8528 
 17236  13361     51    163   8777   9016   8479   8030   7598   7677   9864   8340   7749   8090  10297   9307   9523   8891   8528   7920   7338   8973   8819  13680  26303      0      0  65535 
     0      0      0      0      0      0      0      0      0      0      0      0      0      0      0      0      0      0      0 
     0      0      0      0      0      0      0      0      0      0      0      0      0      0      0      0      0      0      0 
     0      0      0      0      0      0      0      0      0      0      0      0      0      0      0      0      0      0      0 
0 -1 -1
    19     43     53     14     43     94     69     13     48    122     89     37     28     82     79     27      8     43     25 
  7620   8498   8817   7692   8057   9061   8878   7765   8364   9951   9027   7367   8114   9352   8936   7956  10343   9561   8572 
 17236  13361     51    163   8817   9061   8498   8057   7620   7692   9951   8364   7765   8114  10343   9352   9561   8936   8572   7956   7367   9027   8878  13679  26303      0      1  65535 
     0      0      0      0      0      0      0      0      0      0      0      0      0      0      0      0      0      0      0 
     0      0      0      0      0      0      0      0      0      0      0      0      0      0      0      0      0      0      0 
     0      0      0      0      0      0      0      0      0      0      0      0      0      0      0      0      0      0      0 
0 -1 -1
    19     45     55     14     45     98     71     14     50    129     92     39     29     85     83     28     10     45     26 
  7668   8561   8909   7722   8106   9156   8978   7801   8408  10116   9116   7415   8158   9436   9031   8016  10417   9648   8649 
 17236  13361     51    163   8909   9156   8561   8106   7668   7722  10116   8408   7801   8158  10417   9436   9648   9031   8649   8016   7415   9116   8978  13679  26303      1      0  65535 
     0      0      0      0      0      0      0      0      0      0      0      0      0      0      0      0      0      0      0 
     0      0      0      0      0      0      0      0      0      0      0      0      0      0      0      0      0      0      0 
     0      0      0      0      0      0      0      0      0      0      0      0      0      0      0      0      0      0      0 
0 -1 -1
    20     45     56     14     46    100     73     14     51    133     94     39     30     87     85     29     10     46     27 
  7689   8600   8964   7736   8132   9215   9032   7815   8433  10213   9163   7441   8179   9478   9083   8048  10453   9697   8687 
 17236  13361     51    163   8964   9215   8600   8132   7689   7736  10213   8433   7815   8179  10453   9478   9697   9083   8687   8048   7441   9163   9032  13679  26302      1      0  65535 
     0      0      0      0      0      0      0      0      0      0      0      0      0      0      0      0      0      0      0 
     0      0      0      0      0      0      0      0      0      0      0      0      0      0      0      0      0      0      0 
     0      0      0      0      0      0      0      0      0      0      0      0      0      0      0      0      0      0      0 
0 -1 -1
    20     47     58     15     47    103     75     14     52    140     98     41     31     90     89     30     12     48     28 
  7730   8656   9037   7762   8172   9294   9133   7846   8474  10364   9258   7489   8221   9556   9172   8109  10511   9780   8759 
 17236  13361     51    162   9037   9294   8656   8172   7730   7762  10364   8474   7846   8221  10511   9556   9780   9172   8759   8109   7489   9258   9133  13684  26302      0      0  65535 
     0      0      0      0      0      0      0      0      0      0      0      0      0      0      0      0      0      0      0 
     0      0      0      0      0      0      0      0      0      0      0      0      0      0      0      0      0      0      0 
     0      0      0      0      0      0      0      0      0      0      0      0      0      0      0      0      0      0      0 
0 -1 -1
    21     49     61     16     50    108     78     15     55    150    103     43     32     95     95     31     15     51     30 
  7802   8760   9176   7806   8242   9436   9280   7893   8544  10610   9391   7566   8288   9678   9320   8201  10650   9916   8869 
 17236  13361     51    162   9176   9436   8760   8242   7802   7806  10610   8544   7893   8288  10650   9678   9916   9320   8869   8201   7566   9391   9280  13684  26303      0      1  65535 
     0      0      0      0      0      0      0      0      0      0      0      0      0      0      0      0      0      0      0 
     0      0      0      0      0      0      0      0      0      0      0      0      0      0      0      0      0      0      0 
     0      0      0      0      0      0      0      0      0      0      0      0      0      0      0      0      0      0      0 
0 -1 -1
    23     52     64     17     54    115     83     16     58    164    109     46     34    102    102     34     17     55     32 
  7903   8891   9348   7864   8335   9617   9486   7962   8634  10936   9569   7668   8368   9846   9507   8323  10739  10100   9021 
 17236  13361     51    162   9348   9617   8891   8335   7903   7864  10936   8634   7962   8368  10739   9846  10100   9507   9021   8323   7668   9569   9486  13684  26303      0      1  65535 
     0      0      0      0      0      0      0      0      0      0      0      0      0      0      0      0      0      0      0 
     0      0      0      0      0      0      0      0      0      0      0      0      0      0      0      0      0      0      0 
     0      0      0      0      0      0      0      0      0      0      0      0      0      0      0      0      0      0      0 
0 -1 -1
    24     55     68     18     57    121     87     17     61    177    114     48     36    108    108     36     17     58     34 
  7999   9013   9518   7913   8419   9792   9640   8017   8708  11225   9701   7748   8438   9987   9657   8416  10748  10245   9142 
 17236  13361     51    161   9518   9792   9013   8419   7999   7913  11225   8708   8017   8438  10748   9987  10245   9657   9142   8416   7748   9701   9640  13684  26304      0      0  65535 
     0      0      0      0      0      0      0      0      0      0      0      0      0      0      0      0      0      0      0 
     0      0      0      0      0      0      0      0      0      0      0      0      0      0      0      0      0      0      0 
     0      0      0      0      0      0      0      0      0      0      0      0      0      0      0      0      0      0      0 
0 -1 -1
    25     56     70     18     59    124     89     17     63    184    117     50     37    111    112     37     17     60     35 
  8049   9080   9603   7945   8466   9879   9723   8045   8756  11382   9777   7796   8485  10066   9743   8470  10730  10329   9213 
 17236  13361     51    161   9603   9879   9080   8466   8049   7945  11382   8756   8045   8485  10730  10066  10329   9743   9213   8470   7796   9777   9723  13684  26304      0      0  65535 
     0      0      0      0      0      0      0      0      0      0      0      0      0      0      0      0      0      0      0 
     0      0      0      0      0      0      0      0      0      0      0      0      0      0      0      0      0      0      0 
     0      0      0      0      0      0      0      0      0      0      0      0      0      0      0      0      0      0      0 
0 -1 -1
    26     58     72     19     61    128     91     18     65    190    119     51     38    115    115     38     17     61     36 
  8099   9144   9686   7974   8515   9962   9801   8071   8800  11537   9845   7838   8524  10142   9820   8519  10737  10398   9282 
 17236  13361     51    161   9686   9962   9144   8515   8099   7974  11537   8800   8071   8524  10737  10142  10398   9820   9282   8519   7838   9845   9801  13684  26303      0      1  65535 
     0      0      0      0      0      0      0      0      0      0      0      0      0      0      0      0      0      0      0 
     0      0      0      0      0      0      0      0      0      0      0      0      0      0      0      0      0      0      0 
     0      0      0      0      0      0      0      0      0      0      0      0      0      0      0      0      0      0      0 
0 -1 -1
    26     58     72     19     62    129     91     18     65    193    120     52     38    116    116     38     16     62     36 
  8118   9167   9717   7985   8533   9991   9830   8080   8813  11596   9871   7853   8534  10170   9851   8537  10698  10422   9307 
 17236  13361     51    161   9717   9991   9167   8533   8118   7985  11596   8813   8080   8534  10698  10170  10422   9851   9307   8537   7853   9871   9830  13685  26303      1      1  65535 
     0      0      0      0      0      0      0      0      0      0      0      0      0      0      0      0      0      0      0 
     0      0      0      0      0      0      0      0      0      0      0      0      0      0      0      0      0      0      0 
     0      0      0      0      0      0      0      0      0      0      0      0      0      0      0      0      0      0      0 
0 -1 -1
    26     59     73     19     62    129     92     18     65    194    120     52     38    116    117     38     15     62     37 
  8126   9173   9732   7989   8541  10005   9841   8083   8817  11621   9877   7860   8538  10181   9863   8545  10677  10433   9317 
 17236  13361     51    161   9732  10005   9173   8541   8126   7989  11621   8817   8083   8538  10677  10181  10433   9863   9317   8545   7860   9877   9841  13685  26303      1      1  65535 
     0      0      0      0      0      0      0      0      0      0      0      0      0      0      0      0      0      0      0 
     0      0      0      0      0      0      0      0      0      0      0      0      0      0      0      0      0      0      0 
     0      0      0      0      0      0      0      0      0      0      0      0      0      0      0      0      0      0      0 
0 -1 -1
    26     58     72     19     62    129     91     18     65    194    120     52     38    116    116     38     14     62     36 
  8124   9167   9728   7987   8538  10001   9833   8079   8814  11616   9860   7855   8533  10175   9856   8540  10637  10425   9310 
 17236  13361     51    161   9728  10001   9167   8538   8124   7987  11616   8814   8079   8533  10637  10175  10425   9856   9310   8540   7855   9860   9833  13685  26302      0      1  65535 
     0      0      0      0      0      0      0      0      0      0      0      0      0      0      0      0      0      0      0 
     0      0      0      0      0      0      0      0      0      0      0      0      0      0      0      0      0      0      0 
     0      0      0      0      0      0      0      0      0      0      0      0      0      0      0      0      0      0      0 
0 -1 -1
    26     58     72     19     61    128     91     18     65    192    119     51     38    115    116     38     14     62     36 
  8112   9154   9709   7982   8527   9981   9815   8070   8804  11587   9840   7843   8521  10158   9837   8526  10611  10407   9295 
 17236  13361     51    161   9709   9981   9154   8527   8112   7982  11587   8804   8070   8521  10611  10158  10407   9837   9295   8526   7843   9840   9815  13685  26302      0      0  65535 
     0      0      0      0      0      0      0      0      0      0      0      0      0      0      0      0      0      0      0 
     0      0      0      0      0      0      0      0      0      0      0      0      0      0      0      0      0      0      0 
     0      0      0      0      0      0      0      0      0      0      0      0      0      0      0      0      0      0      0 
0 -1 -1
    26     58     72     19     61    127     90     18     64    191    118     51     38    114    115     38     13     61     36 
  8103   9139   9688   7976   8518   9960   9793   8061   8794  11558   9820   7832   8510  10140   9818   8517  10580  10386   9278 
 17236  13361     51    161   9688   9960   9139   8518   8103   7976  11558   8794   8061   8510  10580  10140  10386   9818   9278   8517   7832   9820   9793  13685  26303      0      0  65535 
     0      0      0      0      0      0      0      0      0      0      0      0      0      0      0      0      0      0      0 
     0      0      0      0      0      0      0      0      0      0      0      0      0      0      0      0      0      0      0 
     0      0      0      0      0      0      0      0      0      0      0      0      0      0      0      0      0      0      0 
0 -1 -1
    26     57     71     19     60    126     90     17     64    189    117     50     37    113    113     37     12     61     35 
  8088   9119   9661   7966   8503   9933   9755   8048   8778  11513   9786   7814   8495  10115   9785   8494  10540  10356   9238 
 17236  13361     51    161   9661   9933   9119   8503   8088   7966  11513   8778   8048   8495  10540  10115  10356   9785   9238   8494   7814   9786   9755  13686  26303      0      0  65535 
     0      0      0      0      0      0      0      0      0      0      0      0      0      0      0      0      0      0      0 
     0      0      0      0      0      0      0      0      0      0      0      0      0      0      0      0      0      0      0 
     0      0      0      0      0      0      0      0      0      0      0      0      0      0      0      0      0      0      0 
0 -1 -1
    25     55     68     18     57    122     85     16     61    178    111     47     35    108    107     35     10     57     33 
  8003   9019   9542   7915   8428   9807   9575   7981   8699  11261   9611   7712   8414   9975   9616   8382  10419  10189   9097 
 17236  13361     51    161   9542   9807   9019   8428   8003   7915  11261   8699   7981   8414  10419   9975  10189   9616   9097   8382   7712   9611   9575  13686  26304      0      0  65535 
     0      0      0      0      0      0      0      0      0      0      0      0      0      0      0      0      0      0      0 
     0      0      0      0      0      0      0      0      0      0      0      0      0      0      0      0      0      0      0 
     0      0      0      0      0      0      0      0      0      0      0      0      0      0      0      0      0      0      0 
0 -1 -1
    20     46     57     15     47    103     69     14     52    141     89     36     31     91     85     28      5     47     26 
  7726   8634   9015   7765   8172   9301   8888   7825   8472  10401   9032   7337   8214   9570   9078   7998  10198   9736   8642 
 17236  13361     51    162   9015   9301   8634   8172   7726   7765  10401   8472   7825   8214  10198   9570   9736   9078   8642   7998   7337   9032   8888  13686  26304      0      0  65535 
     0      0      0      0      0      0      0      0      0      0      0      0      0      0      0      0      0      0      0 
     0      0      0      0      0      0      0      0      0      0      0      0      0      0      0      0      0      0      0 
     0      0      0      0      0      0      0      0      0      0      0      0      0      0      0      0      0      0      0 
0 -1 -1
    15     35     42     12     36     79     52     12     43     99     68     26     26     71     62     20      3     36     19 
  7425   8167   8321   7609   7885   8658   8143   7666   8216   9421   8446   6978   8002   9108   8493   7593  10102   9226   8165 
 17236  13361     51    164   8321   8658   8167   7885   7425   7609   9421   8216   7666   8002  10102   9108   9226   8493   8165   7593   6978   8446   8143  13687  26303      0      1  65535 
     0      0      0      0      0      0      0      0      0      0      0      0      0      0      0      0      0      0      0 
     0      0      0      0      0      0      0      0      0      0      0      0      0      0      0      0      0      0      0 
     0      0      0      0      0      0      0      0      0      0      0      0      0      0      0      0      0      0      0 
0 -1 -1
    12     28     34     10     27     63     42      9     33     68     54     20     20     54     46     15      2     27     14 
  7198   7855   7923   7462   7670   8230   7697   7490   7974   8694   8075   6792   7766   8694   8102   7350  10083   8818   7872 
 17236  13361     51    164   7923   8230   7855   7670   7198   7462   8694   7974   7490   7766  10083   8694   8818   8102   7872   7350   6792   8075   7697  13687  26303      0      1  65535 
     0      0      0      0      0      0      0      0      0      0      0      0      0      0      0      0      0      0      0 
     0      0      0      0      0      0      0      0      0      0      0      0      0      0      0      0      0      0      0 
     0      0      0      0      0      0      0      0      0      0      0      0      0      0      0      0      0      0      0 
0 -1 -1
     8     21     25      7     19     45     30      6     23     38     39     15     14     36     31     10      1     18     10 
  6974   7518   7489   7315   7461   7749   7196   7318   7711   7976   7652   6603   7525   8258   7719   7093  10044   8405   7579 
 17236  13361     51    166   7489   7749   7518   7461   6974   7315   7976   7711   7318   7525  10044   8258   8405   7719   7579   7093   6603   7652   7196  13687  26303      0      0  65535 
     0      0      0      0      0      0      0      0      0      0      0      0      0      0      0      0      0      0      0 
     0      0      0      0      0      0      0      0      0      0      0      0      0      0      0      0      0      0      0 
     0      0      0      0      0      0      0      0      0      0      0      0      0      0      0      0      0      0      0 
0 -1 -1
     6     15     18      5     13     31     22      4     16     19     27     11     10     23     20      7      1     12      7 
  6805   7258   7150   7203   7303   7375   6830   7187   7505   7541   7332   6473   7349   7947   7453   6929  10026   8110   7380 
 17236  13361     51    166   7150   7375   7258   7303   6805   7203   7541   7505   7187   7349  10026   7947   8110   7453   7380   6929   6473   7332   6830  13688  26303      0      0  65535 
     0      0      0      0      0      0      0      0      0      0      0      0      0      0      0      0      0      0      0 
     0      0      0      0      0      0      0      0      0      0      0      0      0      0      0      0      0      0      0 
     0      0      0      0      0      0      0      0      0      0      0      0      0      0      0      0      0      0      0 
0 -1 -1
     4      9     11      3      8     19     13      3      9      9     16      7      6     13     11      4      1      7      4 
  6664   7026   6850   7112   7169   7045   6465   7084   7333   7314   7024   6347   7198   7702   7219   6791  10026   7871   7205 
 17236  13361     51    167   6850   7045   7026   7169   6664   7112   7314   7333   7084   7198  10026   7702   7871   7219   7205   6791   6347   7024   6465  13687  26303      0      0  65535 
     0      0      0      0      0      0      0      0      0      0      0      0      0      0      0      0      0      0      0 
     0      0      0      0      0      0      0      0      0      0      0      0      0      0      0      0      0      0      0 
     0      0      0      0      0      0      0      0      0      0      0      0      0      0      0      0      0      0      0 
0 -1 -1
     2      4      6      2      3      8      6      2      4      4      7      4      3      5      4      2      0      3      2 
  6547   6819   6590   7030   7057   6756   6168   6988   7193   7183   6779   6231   7063   7521   7051   6683   9988   7698   7070 
 17236  13361     51    167   6590   6756   6819   7057   6547   7030   7183   7193   6988   7063   9988   7521   7698   7051   7070   6683   6231   6779   6168  13687  26303      0      0  65535 
     0      0      0      0      0      0      0      0      0      0      0      0      0      0      0      0      0      0      0 
     0      0      0      0      0      0      0      0      0      0      0      0      0      0      0      0      0      0      0 
     0      0      0      0      0      0      0      0      0      0      0      0      0      0      0      0      0      0      0 
0 -1 -1
     1      2      3      1      1      3      3      1      1      1      3      2      2      2      1      1      0      1      1 
  6484   6715   6457   6982   7003   6623   6025   6932   7124   7124   6672   6161   6990   7436   6981   6623   9976   7616   7004 
 17236  13361     51    168   6457   6623   6715   7003   6484   6982   7124   7124   6932   6990   9976   7436   7616   6981   7004   6623   6161   6672   6025  13684  26303      0      0  65535 
     0      0      0      0      0      0      0      0      0      0      0      0      0      0      0      0      0      0      0 
     0      0      0      0      0      0      0      0      0      0      0      0      0      0      0      0      0      0      0 
     0      0      0      0      0      0      0      0      0      0      0      0      0      0      0      0      0      0      0 
0 -1 -1
     0      0      1      0      0      0      1      0      0      0      0      0      0      0      0      0      0      0      0 
  6439   6638   6362   6935   6960   6541   5923   6882   7080   7081   6611   6104   6928   7385   6933   6567   9951   7559   6948 
 17236  13361     51    168   6362   6541   6638   6960   6439   6935   7081   7080   6882   6928   9951   7385   7559   6933   6948   6567   6104   6611   5923  13678  26304      0      0  65535 
     0      0      0      0      0      0      0      0      0      0      0      0      0      0      0      0      0      0      0 
     0      0      0      0      0      0      0      0      0      0      0      0      0      0      0      0      0      0      0 
     0      0      0      0      0      0      0      0      0      0      0      0      0      0      0      0      0      0      0 
0 -1 -1
     0      0      0      0      0      0      0      0      0      0      0      0      0      0      0      0      0      0      0 
  6413   6604   6316   6909   6943   6508   5882   6859   7061   7070   6580   6078   6899   7365   6917   6538   9942   7537   6917 
 17236  13361     51    168   6316   6508   6604   6943   6413   6909   7070   7061   6859   6899   9942   7365   7537   6917   6917   6538   6078   6580   5882  13681  26303      0      0  65535 
     0      0      0      0      0      0      0      0      0      0      0      0      0      0      0      0      0      0      0 
     0      0      0      0      0      0      0      0      0      0      0      0      0      0      0      0      0      0      0 
     0      0      0      0      0      0      0      0      0      0      0      0      0      0      0      0      0      0      0 
0 -1 -1
     0      0      0      0      0      0      0      0      0      0      0      0      0      0      0      0      0      0      0 
  6401   6594   6303   6899   6939   6504   5872   6854   7055   7065   6571   6071   6891   7361   6916   6531   9952   7532   6906 
 17236  13361     51    168   6303   6504   6594   6939   6401   6899   7065   7055   6854   6891   9952   7361   7532   6916   6906   6531   6071   6571   5872  13680  26303      0      0  65535 
     0      0      0      0      0      0      0      0      0      0      0      0      0      0      0      0      0      0      0 
     0      0      0      0      0      0      0      0      0      0      0      0      0      0      0      0      0      0      0 
     0      0      0      0      0      0      0      0      0      0      0      0      0      0      0      0      0      0      0 
0 -1 -1
     0      0      0      0      0      0      0      0      0      0      0      0      0      0      0      0      0      0      0 
  6395   6592   6295   6896   6938   6500   5868   6850   7054   7064   6569   6069   6890   7363   6916   6531   9945   7529   6903 
 17236  13361     51    168   6295   6500   6592   6938   6395   6896   7064   7054   6850   6890   9945   7363   7529   6916   6903   6531   6069   6569   5868  13682  26303      0      0  65535 
     0      0      0      0      0      0      0      0      0      0      0      0      0      0      0      0      0      0      0 
     0      0      0      0      0      0      0      0      0      0      0      0      0      0      0      0      0      0      0 
     0      0      0      0      0      0      0      0      0      0      0      0      0      0      0      0      0      0      0 
0 -1 -1
     0      0      0      0      0      0      0      0      0      0      0      0      0      0      0      0      0      0      0 
  6395   6590   6298   6894   6937   6501   5867   6849   7053   7062   6567   6071   6890   7361   6912   6532   9958   7529   6902 
 17236  13361     51    168   6298   6501   6590   6937   6395   6894   7062   7053   6849   6890   9958   7361   7529   6912   6902   6532   6071   6567   5867  13682  26303      0      0  65535 
     0      0      0      0      0      0      0      0      0      0      0      0      0      0      0      0      0      0      0 
     0      0      0      0      0      0      0      0      0      0      0      0      0      0      0      0      0      0      0 
     0      0      0      0      0      0      0      0      0      0      0      0      0      0      0      0      0      0      0 
0 -1 -1
     0      0      0      0      0      0      0      0      0      0      0      0      0      0      0      0      0      0      0 
  6393   6590   6295   6893   6939   6500   5867   6847   7053   7061   6566   6069   6888   7361   6911   6531   9937   7530   6902 
 17236  13361     51    168   6295   6500   6590   6939   6393   6893   7061   7053   6847   6888   9937   7361   7530   6911   6902   6531   6069   6566   5867  13682  26303      0      1  65535 
     0      0      0      0      0      0      0      0      0      0      0      0      0      0      0      0      0      0      0 
     0      0      0      0      0      0      0      0      0      0      0      0      0      0      0      0      0      0      0 
     0      0      0      0      0      0      0      0      0      0      0      0      0      0      0      0      0      0      0 
0 -1 -1
     0      0      0      0      0      0      0      0      0      0      0      0      0      0      0      0      0      0      0 
  6392   6588   6295   6895   6937   6501   5866   6848   7052   7059   6565   6068   6886   7360   6911   6529   9940   7528   6902 
 17236  13361     51    168   6295   6501   6588   6937   6392   6895   7059   7052   6848   6886   9940   7360   7528   6911   6902   6529   6068   6565   5866  13681  26304      0      1  65535 
     0      0      0      0      0      0      0      0      0      0      0      0      0      0      0      0      0      0      0 
     0      0      0      0      0      0      0      0      0      0      0      0      0      0      0      0      0      0      0 
     0      0      0      0      0      0      0      0      0      0      0      0      0      0      0      0      0      0      0 
0 -1 -1
     0      0      0      0      0      0      0      0      0      0      0      0      0      0      0      0      0      0      0 
  6391   6588   6296   6893   6936   6498   5866   6848   7050   7058   6565   6069   6886   7359   6911   6527   9941   7527   6901 
 17236  13361     51    168   6296   6498   6588   6936   6391   6893   7058   7050   6848   6886   9941   7359   7527   6911   6901   6527   6069   6565   5866  13681  26304      0      0  65535 
     0      0      0      0      0      0      0      0      0      0      0      0      0      0      0      0      0      0      0 
     0      0      0      0      0      0      0      0      0      0      0      0      0      0      0      0      0      0      0 
     0      0      0      0      0      0      0      0      0      0      0      0      0      0      0      0      0      0      0 
0 -1 -1
     0      0      0      0      0      0      0      0      0      0      0      0      0      0      0      0      0      0      0 
  6392   6586   6292   6892   6934   6498   5864   6845   7051   7058   6565   6067   6886   7359   6911   6528   9928   7527   6899 
 17236  13361     51    168   6292   6498   6586   6934   6392   6892   7058   7051   6845   6886   9928   7359   7527   6911   6899   6528   6067   6565   5864  13682  26303      0      0  65535 
     0      0      0      0      0      0      0      0      0      0      0      0      0      0      0      0      0      0      0 
     0      0      0      0      0      0      0      0      0      0      0      0      0      0      0      0      0      0      0 
     0      0      0      0      0      0      0      0      0      0      0      0      0      0      0      0      0      0      0 
0 -1 -1
     0      0      0      0      0      0      0      0      0      0      0      0      0      0      0      0      0      0      0 
  6392   6586   6293   6892   6934   6497   5864   6845   7050   7058   6564   6066   6884   7357   6907   6525   9933   7527   6899 
 17236  13361     51    168   6293   6497   6586   6934   6392   6892   7058   7050   6845   6884   9933   7357   7527   6907   6899   6525   6066   6564   5864  13683  26304      0      0  65535 
     0      0      0      0      0      0      0      0      0      0      0      0      0      0      0      0      0      0      0 
     0      0      0      0      0      0      0      0      0      0      0      0      0      0      0      0      0      0      0 
     0      0      0      0      0      0      0      0      0      0      0      0      0      0      0      0      0      0      0 
0 -1 -1
     0      0      0      0      0      0      0      0      0      0      0      0      0      0      0      0      0      0      0 
  6391   6585   6293   6890   6932   6497   5864   6845   7049   7056   6563   6065   6884   7357   6907   6527   9943   7525   6897 
 17236  13361     51    168   6293   6497   6585   6932   6391   6890   7056   7049   6845   6884   9943   7357   7525   6907   6897   6527   6065   6563   5864  13683  26304      0      0  65535 
     0      0      0      0      0      0      0      0      0      0      0      0      0      0      0      0      0      0      0 
     0      0      0      0      0      0      0      0      0      0      0      0      0      0      0      0      0      0      0 
     0      0      0      0      0      0      0      0      0      0      0      0      0      0      0      0      0      0      0 
0 -1 -1
     0      0      0      0      0      0      0      0      0      0      0      0      0      0      0      0      0      0      0 
  6391   6586   6291   6889   6932   6496   5863   6844   7048   7055   6563   6065   6885   7356   6908   6525   9935   7524   6897 
 17236  13361     51    168   6291   6496   6586   6932   6391   6889   7055   7048   6844   6885   9935   7356   7524   6908   6897   6525   6065   6563   5863  13687  26303      0      1  65535 
     0      0      0      0      0      0      0      0      0      0      0      0      0      0      0      0      0      0      0 
     0      0      0      0      0      0      0      0      0      0      0      0      0      0      0      0      0      0      0 
     0      0      0      0      0      0      0      0      0      0      0      0      0      0      0      0      0      0      0 
0 -1 -1
     0      0      0      0      0      0      0      0      0      0      0      0      0      0      0      0      0      0      0 
  6388   6584   6292   6889   6931   6494   5862   6844   7048   7055   6560   6064   6882   7356   6907   6525   9930   7524   6897 
 17236  13361     51    168   6292   6494   6584   6931   6388   6889   7055   7048   6844   6882   9930   7356   7524   6907   6897   6525   6064   6560   5862  13687  26303      0      1  65535 
     0      0      0      0      0      0      0      0      0      0      0      0      0      0      0      0      0      0      0 
     0      0      0      0      0      0      0      0      0      0      0      0      0      0      0      0      0      0      0 
     0      0      0      0      0      0      0      0      0      0      0      0      0      0      0      0      0      0      0 
0 -1 -1
     0      0      0      0      0      0      0      0      0      0      0      0      0      0      0      0      0      0      0 
  6389   6582   6289   6889   6930   6493   5860   6843   7048   7054   6561   6063   6880   7353   6906   6524   9929   7521   6897 
 17236  13361     51    168   6289   6493   6582   6930   6389   6889   7054   7048   6843   6880   9929   7353   7521   6906   6897   6524   6063   6561   5860  13687  26304      0      0  65535 
     0      0      0      0      0      0      0      0      0      0      0      0      0      0      0      0      0      0      0 
     0      0      0      0      0      0      0      0      0      0      0      0      0      0      0      0      0      0      0 
     0      0      0      0      0      0      0      0      0      0      0      0      0      0      0      0      0      0      0 
0 -1 -1
     0      0      0      0      0      0      0      0      0      0      0      0      0      0      0      0      0      0      0 
  6388   6582   6290   6886   6930   6492   5862   6842   7045   7053   6559   6063   6881   7352   6905   6522   9946   7523   6895 
 17236  13361     51    168   6290   6492   6582   6930   6388   6886   7053   7045   6842   6881   9946   7352   7523   6905   6895   6522   6063   6559   5862  13687  26302      0      0  65535 
     0      0      0      0      0      0      0      0      0      0      0      0      0      0      0      0      0      0      0 
     0      0      0      0      0      0      0      0      0      0      0      0      0      0      0      0      0      0      0 
     0      0      0      0      0      0      0      0      0      0      0      0      0      0      0      0      0      0      0 
0 -1 -1
     0      0      0      0      0      0      0      0      0      0      0      0      0      0      0      0      0      0      0 
  6387   6583   6290   6887   6930   6493   5860   6840   7045   7053   6558   6064   6879   7353   6905   6522   9942   7521   6894 
 17236  13361     51    168   6290   6493   6583   6930   6387   6887   7053   7045   6840   6879   9942   7353   7521   6905   6894   6522   6064   6558   5860  13687  26304      0      1  65535 
     0      0      0      0      0      0      0      0      0      0      0      0      0      0      0      0      0      0      0 
     0      0      0      0      0      0      0      0      0      0      0      0      0      0      0      0      0      0      0 
     0      0      0      0      0      0      0      0      0      0      0      0      0      0      0      0      0      0      0 
0 -1 -1
     0      0      0      0      0      0      0      0      0      0      0      0      0      0      0      0      0      0      0 
  6386   6581   6290   6885   6929   6491   5859   6840   7044   7051   6559   6062   6879   7352   6903   6522   9938   7521   6895 
 17236  13361     51    168   6290   6491   6581   6929   6386   6885   7051   7044   6840   6879   9938   7352   7521   6903   6895   6522   6062   6559   5859  13687  26304      1      0  65535 
     0      0      0      0      0      0      0      0      0      0      0      0      0      0      0      0      0      0      0 
     0      0      0      0      0      0      0      0      0      0      0      0      0      0      0      0      0      0      0 
     0      0      0      0      0      0      0      0      0      0      0      0      0      0      0      0      0      0      0 
0 -1 -1
     0      0      0      0      0      0      0      0      0      0      0      0      0      0      0      0      0      0      0 
  6384   6581   6287   6885   6928   6490   5858   6839   7043   7051   6557   6062   6879   7350   6902   6522   9949   7520   6893 
 17236  13361     51    168   6287   6490   6581   6928   6384   6885   7051   7043   6839   6879   9949   7350   7520   6902   6893   6522   6062   6557   5858  13687  26303      1      0  65535 
     0      0      0      0      0      0      0      0      0      0      0      0      0      0      0      0      0      0      0 
     0      0      0      0      0      0      0      0      0      0      0      0      0      0      0      0      0      0      0 
     0      0      0      0      0      0      0      0      0      0      0      0      0      0      0      0      0      0      0 
0 -1 -1
     0      0      0      0      0      0      0      0      0      0      0      0      0      0      0      0      0      0      0 
  6384   6578   6288   6885   6925   6489   5858   6839   7042   7048   6556   6061   6877   7350   6901   6519   9945   7517   6891 
 17236  13361     51    168   6288   6489   6578   6925   6384   6885   7048   7042   6839   6877   9945   7350   7517   6901   6891   6519   6061   6556   5858  13687  26303      1      0  65535 
     0      0      0      0      0      0      0      0      0      0      0      0      0      0      0      0      0      0      0 
     0      0      0      0      0      0      0      0      0      0      0      0      0      0      0      0      0      0      0 
     0      0      0      0      0      0      0      0      0      0      0      0      0      0      0      0      0      0      0 
0 -1 -1
     0      0      0      0      0      0      0      0      0      0      0      0      0      0      0      0      0      0      0 
  6384   6579   6288   6883   6928   6490   5857   6839   7041   7050   6556   6060   6877   7349   6901   6520   9930   7519   6893 
 17236  13361     51    168   6288   6490   6579   6928   6384   6883   7050   7041   6839   6877   9930   7349   7519   6901   6893   6520   6060   6556   5857  13687  26304      1      0  65535 
     0      0      0      0      0      0      0      0      0      0      0      0      0      0      0      0      0      0      0 
     0      0      0      0      0      0      0      0      0      0      0      0      0      0      0      0      0      0      0 
     0      0      0      0      0      0      0      0      0      0      0      0      0      0      0      0      0      0      0 
0 -1 -1
     0      0      0      0      0      0      0      0      0      0      0      0      0      0      0      0      0      0      0 
  6385   6579   6286   6882   6925   6489   5857   6837   7041   7048   6555   6060   6876   7348   6899   6518   9928   7517   6891 
 17236  13361     51    168   6286   6489   6579   6925   6385   6882   7048   7041   6837   6876   9928   7348   7517   6899   6891   6518   6060   6555   5857  13687  26304      0      0  65535 
     0      0      0      0      0      0      0      0      0      0      0      0      0      0      0      0      0      0      0 
     0      0      0      0      0      0      0      0      0      0      0      0      0      0      0      0      0      0      0 
     0      0      0      0      0      0      0      0      0      0      0      0      0      0      0      0      0      0      0 
0 -1 -1
     0      0      0      0      0      0      0      0      0      0      0      0      0      0      0      0      0      0      0 
  6383   6579   6286   6882   6924   6489   5856   6837   7040   7047   6555   6059   6876   7349   6900   6518   9942   7516   6891 
 17236  13361     51    168   6286   6489   6579   6924   6383   6882   7047   7040   6837   6876   9942   7349   7516   6900   6891   6518   6059   6555   5856  13687  26304      0      1  65535 
     0      0      0      0      0      0      0      0      0      0      0      0      0      0      0      0      0      0      0 
     0      0      0      0      0      0      0      0      0      0      0      0      0      0      0      0      0      0      0 
     0      0      0      0      0      0      0      0      0      0      0      0      0      0      0      0      0      0      0 
0 -1 -1
     0      0      0      0      0      0      0      0      0      0      0      0      0      0      0      0      0      0      0 
  6382   6578   6285   6881   6923   6486   5856   6835   7041   7048   6553   6058   6875   7348   6900   6518   9933   7515   6891 
 17236  13361     51    168   6285   6486   6578   6923   6382   6881   7048   7041   6835   6875   9933   7348   7515   6900   6891   6518   6058   6553   5856  13687  26304      1      1  65535 
     0      0      0      0      0      0      0      0      0      0      0      0      0      0      0      0      0      0      0 
     0      0      0      0      0      0      0      0      0      0      0      0      0      0      0      0      0      0      0 
     0      0      0      0      0      0      0      0      0      0      0      0      0      0      0      0      0      0      0 
0 -1 -1
     0      0      0      0      0      0      0      0      0      0      0      0      0      0      0      0      0      0      0 
  6382   6577   6284   6879   6923   6487   5855   6836   7040   7046   6555   6059   6874   7346   6897   6518   9929   7517   6889 
 17236  13361     51    168   6284   6487   6577   6923   6382   6879   7046   7040   6836   6874   9929   7346   7517   6897   6889   6518   6059   6555   5855  13688  26304      0      1  65535 
     0      0      0      0      0      0      0      0      0      0      0      0      0      0      0      0      0      0      0 
     0      0      0      0      0      0      0      0      0      0      0      0      0      0      0      0      0      0      0 
     0      0      0      0      0      0      0      0      0      0      0      0      0      0      0      0      0      0      0 
0 -1 -1
     0      0      0      0      0      0      0      0      0      0      0      0      0      0      0      0      0      0      0 
  6381   6575   6284   6881   6922   6486   5855   6834   7039   7047   6551   6058   6875   7347   6897   6515   9932   7514   6887 
 17236  13361     51    168   6284   6486   6575   6922   6381   6881   7047   7039   6834   6875   9932   7347   7514   6897   6887   6515   6058   6551   5855  13688  26303      0      1  65535 
     0      0      0      0      0      0      0      0      0      0      0      0      0      0      0      0      0      0      0 
     0      0      0      0      0      0      0      0      0      0      0      0      0      0      0      0      0      0      0 
     0      0      0      0      0      0      0      0      0      0      0      0      0      0      0      0      0      0      0 
0 -1 -1
