     0      0      0      0      0      0      0      0      0      0      0      0      0      0      0      0      0      0      0 
  6027   6214   5949   6505   6529   6114   5518   6474   6658   6650   6173   5711   6498   6955   6508   6145  13755   7123   6519 
 17236  13361     51    166   5949   6114   6214   6529   6027   6505   6650   6658   6474   6498  13755   6955   7123   6508   6519   6145   5711   6173   5518  13740  26305      0      0  65535 
     0      0      0      0      0      0      0      0      0      0      0      0      0      0      0      0      0      0      0 
     0      0      0      0      0      0      0      0      0      0      0      0      0      0      0      0      0      0      0 
     0      0      0      0      0      0      0      0      0      0      0      0      0      0      0      0      0      0      0 
0 -1 -1
     0      0      0      0      0      0      0      0      0      0      0      0      0      0      0      0      0      0      0 
  6027   6213   5949   6506   6531   6114   5517   6473   6656   6651   6173   5708   6497   6956   6508   6144  13748   7123   6519 
 17236  13361     51    166   5949   6114   6213   6531   6027   6506   6651   6656   6473   6497  13748   6956   7123   6508   6519   6144   5708   6173   5517  13744  26305      0      0  65535 
     0      0      0      0      0      0      0      0      0      0      0      0      0      0      0      0      0      0      0 
     0      0      0      0      0      0      0      0      0      0      0      0      0      0      0      0      0      0      0 
     0      0      0      0      0      0      0      0      0      0      0      0      0      0      0      0      0      0      0 
0 -1 -1
     0      0      0      0      0      0      0      0      0      0      0      0      0      0      0      0      0      0      0 
  6027   6213   5949   6506   6528   6114   5519   6474   6657   6650   6174   5709   6499   6954   6508   6144  13710   7122   6519 
 17236  13361     51    166   5949   6114   6213   6528   6027   6506   6650   6657   6474   6499  13710   6954   7122   6508   6519   6144   5709   6174   5519  13738  26305      0      0  65535 
     0      0      0      0      0      0      0      0      0      0      0      0      0      0      0      0      0      0      0 
     0      0      0      0      0      0      0      0      0      0      0      0      0      0      0      0      0      0      0 
     0      0      0      0      0      0      0      0      0      0      0      0      0      0      0      0      0      0      0 
0 -1 -1
     0      0      0      0      0      0      0      0      0      0      0      0      0      0      0      0      0      0      0 
  6027   6214   5951   6511   6529   6113   5523   6476   6658   6652   6180   5714   6508   6957   6510   6149  13592   7124   6522 
 17236  13361     51    166   5951   6113   6214   6529   6027   6511   6652   6658   6476   6508  13592   6957   7124   6510   6522   6149   5714   6180   5523  13732  26305      0      1  65535 
     0      0      0      0      0      0      0      0      0      0      0      0      0      0      0      0      0      0      0 
     0      0      0      0      0      0      0      0      0      0      0      0      0      0      0      0      0      0      0 
     0      0      0      0      0      0      0      0      0      0      0      0      0      0      0      0      0      0      0 
0 -1 -1
     0      0      0      0      0      0      0      0      0      0      0      0      1      0      0      0      0      0      0 
  6031   6220   5962   6516   6530   6113   5531   6483   6667   6653   6182   5722   6522   6961   6512   6157  13446   7137   6531 
 17236  13361     51    166   5962   6113   6220   6530   6031   6516   6653   6667   6483   6522  13446   6961   7137   6512   6531   6157   5722   6182   5531  13728  26305      0      0  65535 
     0      0      0      0      0      0      0      0      0      0      0      0      0      0      0      0      0      0      0 
     0      0      0      0      0      0      0      0      0      0      0      0      0      0      0      0      0      0      0 
     0      0      0      0      0      0      0      0      0      0      0      0      0      0      0      0      0      0      0 
0 -1 -1
     0      0      0      0      0      0      0      0      1      0      0      1      1      0      0      0      0      0      0 
  6039   6227   5973   6525   6529   6114   5541   6492   6676   6653   6186   5731   6532   6965   6519   6172  13358   7148   6543 
 17236  13361     51    166   5973   6114   6227   6529   6039   6525   6653   6676   6492   6532  13358   6965   7148   6519   6543   6172   5731   6186   5541  13728  26305      0      0  65535 
     0      0      0      0      0      0      0      0      0      0      0      0      0      0      0      0      0      0      0 
     0      0      0      0      0      0      0      0      0      0      0      0      0      0      0      0      0      0      0 
     0      0      0      0      0      0      0      0      0      0      0      0      0      0      0      0      0      0      0 
0 -1 -1
     1      2      1      1      1      1      2      1      3      2      2      2      3      3      3      2      0      2      1 
  6088   6298   6009   6583   6557   6142   5613   6575   6733   6700   6238   5771   6618   7042   6598   6234  12476   7223   6616 
 17236  13361     51    166   6009   6142   6298   6557   6088   6583   6700   6733   6575   6618  12476   7042   7223   6598   6616   6234   5771   6238   5613  13730  26304      0      0  65535 
     0      0      0      0      0      0      0      0      0      0      0      0      0      0      0      0      0      0      0 
     0      0      0      0      0      0      0      0      0      0      0      0      0      0      0      0      0      0      0 
     0      0      0      0      0      0      0      0      0      0      0      0      0      0      0      0      0      0      0 
0 -1 -1
     5     11      5      7     11     10      6      5     12     11      8      4     12     18     13      4      0      7      4 
  6349   6714   6198   6879   6820   6379   5787   6784   6978   6911   6392   5849   6998   7386   6841   6363  12335   7447   6773 
 17236  13361     51    166   6198   6379   6714   6820   6349   6879   6911   6978   6784   6998  12335   7386   7447   6841   6773   6363   5849   6392   5787  13731  26304      0      0  65535 
     0      0      0      0      0      0      0      0      0      0      0      0      0      0      0      0      0      0      0 
     0      0      0      0      0      0      0      0      0      0      0      0      0      0      0      0      0      0      0 
     0      0      0      0      0      0      0      0      0      0      0      0      0      0      0      0      0      0      0 
0 -1 -1
     5     11      5      6     11     10      6      4     12     11      8      4     11     17     12      4      0      7      4 
  6339   6704   6194   6872   6818   6376   5771   6765   6964   6900   6384   5844   6982   7368   6823   6353  12119   7435   6764 
 17236  13361     51    166   6194   6376   6704   6818   6339   6872   6900   6964   6765   6982  12119   7368   7435   6823   6764   6353   5844   6384   5771  13730  26305      0      1  65535 
     0      0      0      0      0      0      0      0      0      0      0      0      0      0      0      0      0      0      0 
     0      0      0      0      0      0      0      0      0      0      0      0      0      0      0      0      0      0      0 
     0      0      0      0      0      0      0      0      0      0      0      0      0      0      0      0      0      0      0 
0 -1 -1
     5     12      6      7     13     11      6      5     13     12      8      4     12     19     14      4      0      7      4 
  6378   6747   6217   6904   6851   6405   5795   6788   6998   6927   6407   5853   7023   7417   6858   6377  12647   7466   6785 
 17236  13361     51    165   6217   6405   6747   6851   6378   6904   6927   6998   6788   7023  12647   7417   7466   6858   6785   6377   5853   6407   5795  13730  26305      0      0  65535 
     0      0      0      0      0      0      0      0      0      0      0      0      0      0      0      0      0      0      0 
     0      0      0      0      0      0      0      0      0      0      0      0      0      0      0      0      0      0      0 
     0      0      0      0      0      0      0      0      0      0      0      0      0      0      0      0      0      0      0 
0 -1 -1
     7     16      7      9     18     15      8      6     17     15     11      5     16     27     18      6     22      9      5 
  6506   6913   6295   7033   6983   6515   5883   6854   7112   7013   6473   5884   7191   7597   6973   6439  14735   7558   6854 
 17236  13361     51    166   6295   6515   6913   6983   6506   7033   7013   7112   6854   7191  14735   7597   7558   6973   6854   6439   5884   6473   5883  13730  26305      0      0  65535 
     0      0      0      0      0      0      0      0      0      0      0      0      0      0      0      0      0      0      0 
     0      0      0      0      0      0      0      0      0      0      0      0      0      0      0      0      0      0      0 
     0      0      0      0      0      0      0      0      0      0      0      0      0      0      0      0      0      0      0 
0 -1 -1
    10     22      9     12     25     21     11      7     23     21     14      6     21     37     25      7     34     12      7 
  6667   7153   6398   7204   7174   6669   5992   6931   7262   7154   6551   5921   7391   7838   7135   6514  15312   7683   6946 
 17236  13361     51    165   6398   6669   7153   7174   6667   7204   7154   7262   6931   7391  15312   7838   7683   7135   6946   6514   5921   6551   5992  13729  26305      0      0  65535 
     0      0      0      0      0      0      0      0      0      0      0      0      0      0      0      0      0      0      0 
     0      0      0      0      0      0      0      0      0      0      0      0      0      0      0      0      0      0      0 
     0      0      0      0      0      0      0      0      0      0      0      0      0      0      0      0      0      0      0 
0 -1 -1
    12     25     11     14     31     25     12      7     26     27     15      7     24     43     29      8     28     14      7 
  6769   7305   6472   7317   7306   6774   6053   6977   7357   7273   6590   5942   7512   7985   7242   6559  15036   7757   7003 
 17236  13361     51    165   6472   6774   7305   7306   6769   7317   7273   7357   6977   7512  15036   7985   7757   7242   7003   6559   5942   6590   6053  13759  26305      0      0  65535 
     0      0      0      0      0      0      0      0      0      0      0      0      0      0      0      0      0      0      0 
     0      0      0      0      0      0      0      0      0      0      0      0      0      0      0      0      0      0      0 
     0      0      0      0      0      0      0      0      0      0      0      0      0      0      0      0      0      0      0 
0 -1 -1
    13     27     12     16     34     27     14      8     29     31     17      7     26     48     33      9     23     15      8 
  6851   7403   6520   7401   7399   6847   6113   7018   7429   7375   6626   5959   7608   8112   7332   6599  14801   7825   7052 
 17236  13361     51    165   6520   6847   7403   7399   6851   7401   7375   7429   7018   7608  14801   8112   7825   7332   7052   6599   5959   6626   6113  13752  26305      0      0  65535 
     0      0      0      0      0      0      0      0      0      0      0      0      0      0      0      0      0      0      0 
     0      0      0      0      0      0      0      0      0      0      0      0      0      0      0      0      0      0      0 
     0      0      0      0      0      0      0      0      0      0      0      0      0      0      0      0      0      0      0 
0 -1 -1
    16     34     15     20     44     35     17     10     37     45     20      8     32     62     42     10     17     19     10 
  7071   7674   6645   7624   7650   7053   6255   7118   7628   7698   6716   5995   7863   8441   7571   6691  14537   7999   7168 
 17236  13361     51    165   6645   7053   7674   7650   7071   7624   7698   7628   7118   7863  14537   8441   7999   7571   7168   6691   5995   6716   6255  13731  26305      1      0  65535 
     0      0      0      0      0      0      0      0      0      0      0      0      0      0      0      0      0      0      0 
     0      0      0      0      0      0      0      0      0      0      0      0      0      0      0      0      0      0      0 
     0      0      0      0      0      0      0      0      0      0      0      0      0      0      0      0      0      0      0 
0 -1 -1
    18     37     16     22     50     39     19     10     41     54     21      9     35     69     48     12      8     21     11 
  7196   7815   6715   7725   7793   7166   6325   7165   7732   7906   6761   6010   7982   8599   7700   6745  14128   8088   7224 
 17236  13361     51    165   6715   7166   7815   7793   7196   7725   7906   7732   7165   7982  14128   8599   8088   7700   7224   6745   6010   6761   6325  13731  26305      0      0  65535 
     0      0      0      0      0      0      0      0      0      0      0      0      0      0      0      0      0      0      0 
     0      0      0      0      0      0      0      0      0      0      0      0      0      0      0      0      0      0      0 
     0      0      0      0      0      0      0      0      0      0      0      0      0      0      0      0      0      0      0 
0 -1 -1
    22     42     19     25     59     46     22     12     48     70     25     10     40     80     56     13      0     25     12 
  7411   8054   6830   7923   8022   7357   6451   7261   7921   8282   6848   6039   8195   8876   7923   6842  12776   8256   7313 
 17236  13361     51    164   6830   7357   8054   8022   7411   7923   8282   7921   7261   8195  12776   8876   8256   7923   7313   6842   6039   6848   6451  13735  26305      0      0  65535 
     0      0      0      0      0      0      0      0      0      0      0      0      0      0      0      0      0      0      0 
     0      0      0      0      0      0      0      0      0      0      0      0      0      0      0      0      0      0      0 
     0      0      0      0      0      0      0      0      0      0      0      0      0      0      0      0      0      0      0 
0 -1 -1
    23     45     20     27     64     50     23     12     51     78     26     10     43     86     61     14      0     26     13 
  7522   8185   6896   8026   8149   7460   6520   7309   8010   8479   6893   6054   8292   9017   8028   6891  12133   8341   7366 
 17236  13361     51    164   6896   7460   8185   8149   7522   8026   8479   8010   7309   8292  12133   9017   8341   8028   7366   6891   6054   6893   6520  13734  26305      0      0  65535 
     0      0      0      0      0      0      0      0      0      0      0      0      0      0      0      0      0      0      0 
     0      0      0      0      0      0      0      0      0      0      0      0      0      0      0      0      0      0      0 
     0      0      0      0      0      0      0      0      0      0      0      0      0      0      0      0      0      0      0 
0 -1 -1
    25     48     21     29     69     54     25     13     54     88     28     10     45     92     64     15      0     28     14 
  7627   8289   6958   8120   8271   7559   6579   7354   8093   8712   6932   6066   8381   9157   8122   6937  11677   8423   7418 
 17236  13361     51    164   6958   7559   8289   8271   7627   8120   8712   8093   7354   8381  11677   9157   8423   8122   7418   6937   6066   6932   6579  13734  26305      1      0  65535 
     0      0      0      0      0      0      0      0      0      0      0      0      0      0      0      0      0      0      0 
     0      0      0      0      0      0      0      0      0      0      0      0      0      0      0      0      0      0      0 
     0      0      0      0      0      0      0      0      0      0      0      0      0      0      0      0      0      0      0 
0 -1 -1
    26     49     22     30     71     55     25     13     56     93     28     11     46     94     66     16      0     29     14 
  7671   8343   6983   8156   8325   7603   6610   7375   8128   8826   6952   6074   8418   9218   8172   6962  11482   8460   7443 
 17236  13361     51    164   6983   7603   8343   8325   7671   8156   8826   8128   7375   8418  11482   9218   8460   8172   7443   6962   6074   6952   6610  13734  26305      1      0  65535 
     0      0      0      0      0      0      0      0      0      0      0      0      0      0      0      0      0      0      0 
     0      0      0      0      0      0      0      0      0      0      0      0      0      0      0      0      0      0      0 
     0      0      0      0      0      0      0      0      0      0      0      0      0      0      0      0      0      0      0 
0 -1 -1
    26     50     22     30     73     57     26     14     57     97     29     11     46     97     68     16      0     30     15 
  7712   8382   7008   8193   8370   7641   6636   7398   8164   8926   6970   6079   8448   9274   8219   6985  11470   8497   7467 
 17236  13361     51    164   7008   7641   8382   8370   7712   8193   8926   8164   7398   8448  11470   9274   8497   8219   7467   6985   6079   6970   6636  13734  26305      0      0  65535 
     0      0      0      0      0      0      0      0      0      0      0      0      0      0      0      0      0      0      0 
     0      0      0      0      0      0      0      0      0      0      0      0      0      0      0      0      0      0      0 
     0      0      0      0      0      0      0      0      0      0      0      0      0      0      0      0      0      0      0 
0 -1 -1
    27     52     23     31     76     59     27     14     59    104     30     11     48    101     71     17      0     31     15 
  7782   8465   7054   8258   8448   7705   6677   7435   8225   9074   6999   6091   8509   9365   8282   7021  11432   8551   7502 
 17236  13361     51    164   7054   7705   8465   8448   7782   8258   9074   8225   7435   8509  11432   9365   8551   8282   7502   7021   6091   6999   6677  13740  26305      0      1  65535 
     0      0      0      0      0      0      0      0      0      0      0      0      0      0      0      0      0      0      0 
     0      0      0      0      0      0      0      0      0      0      0      0      0      0      0      0      0      0      0 
     0      0      0      0      0      0      0      0      0      0      0      0      0      0      0      0      0      0      0 
0 -1 -1
    28     54     24     33     79     61     28     15     62    110     32     11     50    104     74     18      0     32     16 
  7854   8546   7098   8322   8526   7759   6726   7474   8291   9226   7034   6102   8579   9459   8356   7062  11615   8613   7538 
 17236  13361     51    164   7098   7759   8546   8526   7854   8322   9226   8291   7474   8579  11615   9459   8613   8356   7538   7062   6102   7034   6726  13737  26305      0      0  65535 
     0      0      0      0      0      0      0      0      0      0      0      0      0      0      0      0      0      0      0 
     0      0      0      0      0      0      0      0      0      0      0      0      0      0      0      0      0      0      0 
     0      0      0      0      0      0      0      0      0      0      0      0      0      0      0      0      0      0      0 
0 -1 -1
    29     55     25     33     81     63     28     15     63    114     32     12     50    106     75     18      0     33     16 
  7895   8598   7127   8361   8573   7800   6744   7492   8316   9324   7048   6108   8617   9504   8394   7080  11612   8642   7554 
 17236  13361     51    164   7127   7800   8598   8573   7895   8361   9324   8316   7492   8617  11612   9504   8642   8394   7554   7080   6108   7048   6744  13734  26305      0      0  65535 
     0      0      0      0      0      0      0      0      0      0      0      0      0      0      0      0      0      0      0 
     0      0      0      0      0      0      0      0      0      0      0      0      0      0      0      0      0      0      0 
     0      0      0      0      0      0      0      0      0      0      0      0      0      0      0      0      0      0      0 
0 -1 -1
    29     55     25     34     81     63     29     15     63    117     32     12     51    107     76     18      0     33     16 
  7917   8623   7138   8382   8588   7818   6754   7505   8336   9378   7057   6109   8639   9529   8410   7087  11591   8654   7560 
 17236  13361     51    164   7138   7818   8623   8588   7917   8382   9378   8336   7505   8639  11591   9529   8654   8410   7560   7087   6109   7057   6754  13734  26305      0      0  65535 
     0      0      0      0      0      0      0      0      0      0      0      0      0      0      0      0      0      0      0 
     0      0      0      0      0      0      0      0      0      0      0      0      0      0      0      0      0      0      0 
     0      0      0      0      0      0      0      0      0      0      0      0      0      0      0      0      0      0      0 
0 -1 -1
    30     56     26     34     83     64     29     16     65    120     33     12     52    109     78     19      0     34     16 
  7950   8660   7156   8415   8622   7845   6779   7525   8369   9458   7075   6117   8674   9577   8452   7112  11736   8682   7587 
 17236  13361     51    164   7156   7845   8660   8622   7950   8415   9458   8369   7525   8674  11736   9577   8682   8452   7587   7112   6117   7075   6779  13735  26305      0      0  65535 
     0      0      0      0      0      0      0      0      0      0      0      0      0      0      0      0      0      0      0 
     0      0      0      0      0      0      0      0      0      0      0      0      0      0      0      0      0      0      0 
     0      0      0      0      0      0      0      0      0      0      0      0      0      0      0      0      0      0      0 
0 -1 -1
    31     58     27     35     86     67     30     16     68    127     34     12     54    113     81     19      0     35     17 
  8029   8748   7207   8485   8710   7916   6828   7566   8443   9625   7111   6130   8751   9674   8528   7154  11898   8749   7625 
 17236  13361     51    164   7207   7916   8748   8710   8029   8485   9625   8443   7566   8751  11898   9674   8749   8528   7625   7154   6130   7111   6828  13734  26305      0      0  65535 
     0      0      0      0      0      0      0      0      0      0      0      0      0      0      0      0      0      0      0 
     0      0      0      0      0      0      0      0      0      0      0      0      0      0      0      0      0      0      0 
     0      0      0      0      0      0      0      0      0      0      0      0      0      0      0      0      0      0      0 
0 -1 -1
    32     60     28     37     90     70     32     17     70    135     36     13     56    118     84     20      0     37     18 
  8110   8844   7258   8558   8798   7984   6883   7611   8515   9803   7152   6146   8831   9782   8616   7199  12172   8824   7674 
 17236  13361     51    163   7258   7984   8844   8798   8110   8558   9803   8515   7611   8831  12172   9782   8824   8616   7674   7199   6146   7152   6883  13734  26305      0      0  65535 
     0      0      0      0      0      0      0      0      0      0      0      0      0      0      0      0      0      0      0 
     0      0      0      0      0      0      0      0      0      0      0      0      0      0      0      0      0      0      0 
     0      0      0      0      0      0      0      0      0      0      0      0      0      0      0      0      0      0      0 
0 -1 -1
    34     64     29     38     95     73     33     18     74    146     38     13     58    124     89     21      0     39     19 
  8220   8982   7336   8649   8929   8088   6949   7667   8617  10050   7207   6164   8935   9929   8730   7258  12258   8921   7737 
 17236  13361     51    164   7336   8088   8982   8929   8220   8649  10050   8617   7667   8935  12258   9929   8921   8730   7737   7258   6164   7207   6949  13736  26305      0      0  65535 
     0      0      0      0      0      0      0      0      0      0      0      0      0      0      0      0      0      0      0 
     0      0      0      0      0      0      0      0      0      0      0      0      0      0      0      0      0      0      0 
     0      0      0      0      0      0      0      0      0      0      0      0      0      0      0      0      0      0      0 
0 -1 -1
    35     66     31     40     99     77     35     19     77    155     40     14     60    129     93     22      0     41     20 
  8303   9096   7400   8742   9041   8180   7009   7716   8706  10270   7253   6182   9026  10052   8826   7316  12464   9008   7798 
 17236  13361     51    163   7400   8180   9096   9041   8303   8742  10270   8706   7716   9026  12464  10052   9008   8826   7798   7316   6182   7253   7009  13736  26304      0      0  65535 
     0      0      0      0      0      0      0      0      0      0      0      0      0      0      0      0      0      0      0 
     0      0      0      0      0      0      0      0      0      0      0      0      0      0      0      0      0      0      0 
     0      0      0      0      0      0      0      0      0      0      0      0      0      0      0      0      0      0      0 
0 -1 -1
    37     69     32     42    103     80     36     19     80    164     41     14     62    134     96     24      0     43     20 
  8390   9196   7458   8830   9137   8259   7068   7764   8783  10471   7297   6199   9112  10160   8902   7373  12434   9088   7853 
 17236  13361     51    163   7458   8259   9196   9137   8390   8830  10471   8783   7764   9112  12434  10160   9088   8902   7853   7373   6199   7297   7068  13737  26304      0      0  65535 
     0      0      0      0      0      0      0      0      0      0      0      0      0      0      0      0      0      0      0 
     0      0      0      0      0      0      0      0      0      0      0      0      0      0      0      0      0      0      0 
     0      0      0      0      0      0      0      0      0      0      0      0      0      0      0      0      0      0      0 
0 -1 -1
    39     72     34     44    110     85     38     20     85    178     44     15     66    142    101     25      0     46     22 
  8543   9356   7556   8974   9305   8391   7171   7848   8918  10800   7371   6229   9261  10359   9033   7468  12577   9228   7959 
 17236  13361     51    163   7556   8391   9356   9305   8543   8974  10800   8918   7848   9261  12577  10359   9228   9033   7959   7468   6229   7371   7171  13731  26305      0      1  65535 
     0      0      0      0      0      0      0      0      0      0      0      0      0      0      0      0      0      0      0 
     0      0      0      0      0      0      0      0      0      0      0      0      0      0      0      0      0      0      0 
     0      0      0      0      0      0      0      0      0      0      0      0      0      0      0      0      0      0      0 
0 -1 -1
    40     74     35     45    112     87     39     21     87    183     44     15     67    145    103     26      0     46     23 
  8606   9430   7602   9029   9374   8450   7195   7872   8969  10930   7387   6233   9321  10423   9074   7495  12074   9259   7989 
 17236  13361     51    163   7602   8450   9430   9374   8606   9029  10930   8969   7872   9321  12074  10423   9259   9074   7989   7495   6233   7387   7195  13741  26306      0      0  65535 
     0      0      0      0      0      0      0      0      0      0      0      0      0      0      0      0      0      0      0 
     0      0      0      0      0      0      0      0      0      0      0      0      0      0      0      0      0      0      0 
     0      0      0      0      0      0      0      0      0      0      0      0      0      0      0      0      0      0      0 
0 -1 -1
    40     73     35     45    112     86     39     21     87    182     44     15     67    144    102     26      0     46     22 
  8588   9412   7587   9020   9355   8433   7186   7861   8954  10904   7381   6229   9297  10400   9058   7487  11826   9244   7979 
 17236  13361     51    163   7587   8433   9412   9355   8588   9020  10904   8954   7861   9297  11826  10400   9244   9058   7979   7487   6229   7381   7186  13765  26306      0      0  65535 
     0      0      0      0      0      0      0      0      0      0      0      0      0      0      0      0      0      0      0 
     0      0      0      0      0      0      0      0      0      0      0      0      0      0      0      0      0      0      0 
     0      0      0      0      0      0      0      0      0      0      0      0      0      0      0      0      0      0      0 
0 -1 -1
    40     73     35     45    111     86     38     20     86    181     44     15     66    142    101     25      0     45     22 
  8572   9397   7576   9000   9335   8419   7169   7849   8932  10868   7370   6223   9256  10367   9031   7471  11578   9218   7960 
 17236  13361     51    163   7576   8419   9397   9335   8572   9000  10868   8932   7849   9256  11578  10367   9218   9031   7960   7471   6223   7370   7169  13729  26305      0      1  65535 
     0      0      0      0      0      0      0      0      0      0      0      0      0      0      0      0      0      0      0 
     0      0      0      0      0      0      0      0      0      0      0      0      0      0      0      0      0      0      0 
     0      0      0      0      0      0      0      0      0      0      0      0      0      0      0      0      0      0      0 
0 -1 -1
    40     74     35     45    112     87     39     21     87    185     45     15     67    145    103     26      0     46     23 
  8618   9443   7604   9032   9378   8449   7211   7876   8971  10966   7401   6238   9300  10425   9081   7505  11821   9261   7998 
 17236  13361     51    163   7604   8449   9443   9378   8618   9032  10966   8971   7876   9300  11821  10425   9261   9081   7998   7505   6238   7401   7211  13731  26305      0      0  65535 
     0      0      0      0      0      0      0      0      0      0      0      0      0      0      0      0      0      0      0 
     0      0      0      0      0      0      0      0      0      0      0      0      0      0      0      0      0      0      0 
     0      0      0      0      0      0      0      0      0      0      0      0      0      0      0      0      0      0      0 
0 -1 -1
    41     76     36     46    115     89     40     21     89    190     46     16     68    147    104     27      0     47     23 
  8680   9518   7653   9078   9434   8501   7232   7902   9011  11082   7418   6243   9339  10469   9117   7525  11932   9291   8018 
 17236  13361     51    163   7653   8501   9518   9434   8680   9078  11082   9011   7902   9339  11932  10469   9291   9117   8018   7525   6243   7418   7232  13732  26305      0      0  65535 
     0      0      0      0      0      0      0      0      0      0      0      0      0      0      0      0      0      0      0 
     0      0      0      0      0      0      0      0      0      0      0      0      0      0      0      0      0      0      0 
     0      0      0      0      0      0      0      0      0      0      0      0      0      0      0      0      0      0      0 
0 -1 -1
    37     70     33     41    103     81     34     18     78    165     39     14     60    130     91     22      0     40     19 
  8402   9258   7495   8819   9138   8285   6992   7712   8725  10498   7247   6172   9023  10060   8787   7303  10731   8973   7770 
 17236  13361     51    163   7495   8285   9258   9138   8402   8819  10498   8725   7712   9023  10731  10060   8973   8787   7770   7303   6172   7247   6992  13733  26304      0      0  65535 
     0      0      0      0      0      0      0      0      0      0      0      0      0      0      0      0      0      0      0 
     0      0      0      0      0      0      0      0      0      0      0      0      0      0      0      0      0      0      0 
     0      0      0      0      0      0      0      0      0      0      0      0      0      0      0      0      0      0      0 
0 -1 -1
    21     45     20     25     61     49     19     11     45     80     23      9     37     76     52     12      0     22     10 
  7404   8164   6869   7916   8072   7426   6360   7194   7844   8527   6794   6003   8061   8785   7811   6769  10485   8128   7195 
 17236  13361     51    164   6869   7426   8164   8072   7404   7916   8527   7844   7194   8061  10485   8785   8128   7811   7195   6769   6003   6794   6360  13732  26304      0      0  65535 
     0      0      0      0      0      0      0      0      0      0      0      0      0      0      0      0      0      0      0 
     0      0      0      0      0      0      0      0      0      0      0      0      0      0      0      0      0      0      0 
     0      0      0      0      0      0      0      0      0      0      0      0      0      0      0      0      0      0      0 
0 -1 -1
     8     19      8     10     22     19      8      5     17     18     10      5     16     28     19      5      3      9      5 
  6531   7031   6332   7086   7078   6619   5859   6799   7105   7077   6451   5876   7183   7621   6986   6405  13903   7522   6817 
 17236  13361     51    165   6332   6619   7031   7078   6531   7086   7077   7105   6799   7183  13903   7621   7522   6986   6817   6405   5876   6451   5859  13732  26305      0      1  65535 
     0      0      0      0      0      0      0      0      0      0      0      0      0      0      0      0      0      0      0 
     0      0      0      0      0      0      0      0      0      0      0      0      0      0      0      0      0      0      0 
     0      0      0      0      0      0      0      0      0      0      0      0      0      0      0      0      0      0      0 
0 -1 -1
     5     12      5      7     12     11      5      3     11     10      7      4     11     17     12      3     18      6      3 
  6336   6730   6199   6882   6847   6421   5746   6707   6940   6895   6366   5835   6956   7359   6812   6326  14567   7396   6726 
 17236  13361     51    165   6199   6421   6730   6847   6336   6882   6895   6940   6707   6956  14567   7359   7396   6812   6726   6326   5835   6366   5746  13732  26304      0      0  65535 
     0      0      0      0      0      0      0      0      0      0      0      0      0      0      0      0      0      0      0 
     0      0      0      0      0      0      0      0      0      0      0      0      0      0      0      0      0      0      0 
     0      0      0      0      0      0      0      0      0      0      0      0      0      0      0      0      0      0      0 
0 -1 -1
     2      5      2      3      4      4      2      2      4      4      3      2      5      6      5      2     14      3      2 
  6147   6425   6062   6672   6641   6227   5623   6602   6771   6757   6267   5781   6697   7110   6639   6235  14392   7252   6627 
 17236  13361     51    166   6062   6227   6425   6641   6147   6672   6757   6771   6602   6697  14392   7110   7252   6639   6627   6235   5781   6267   5623  13735  26304      1      0  65535 
     0      0      0      0      0      0      0      0      0      0      0      0      0      0      0      0      0      0      0 
     0      0      0      0      0      0      0      0      0      0      0      0      0      0      0      0      0      0      0 
     0      0      0      0      0      0      0      0      0      0      0      0      0      0      0      0      0      0      0 
0 -1 -1
     1      4      2      2      3      3      2      2      3      4      3      2      4      5      4      2      0      2      1 
  6120   6381   6040   6646   6613   6198   5614   6587   6751   6736   6257   5775   6669   7088   6621   6225  13677   7238   6618 
 17236  13361     51    166   6040   6198   6381   6613   6120   6646   6736   6751   6587   6669  13677   7088   7238   6621   6618   6225   5775   6257   5614  13741  26304      0      0  65535 
     0      0      0      0      0      0      0      0      0      0      0      0      0      0      0      0      0      0      0 
     0      0      0      0      0      0      0      0      0      0      0      0      0      0      0      0      0      0      0 
     0      0      0      0      0      0      0      0      0      0      0      0      0      0      0      0      0      0      0 
0 -1 -1
     1      4      2      2      3      3      2      2      4      4      3      2      4      5      4      2      0      2      1 
  6120   6384   6041   6647   6614   6202   5615   6589   6753   6736   6258   5775   6671   7087   6623   6228  13622   7239   6619 
 17236  13361     51    166   6041   6202   6384   6614   6120   6647   6736   6753   6589   6671  13622   7087   7239   6623   6619   6228   5775   6258   5615  13738  26304      0      0  65535 
     0      0      0      0      0      0      0      0      0      0      0      0      0      0      0      0      0      0      0 
     0      0      0      0      0      0      0      0      0      0      0      0      0      0      0      0      0      0      0 
     0      0      0      0      0      0      0      0      0      0      0      0      0      0      0      0      0      0      0 
0 -1 -1
     1      4      2      2      3      3      2      2      4      4      3      2      4      5      4      2      0      2      1 
  6121   6386   6042   6649   6614   6202   5615   6590   6754   6736   6257   5773   6673   7088   6623   6227  13458   7239   6618 
 17236  13361     51    166   6042   6202   6386   6614   6121   6649   6736   6754   6590   6673  13458   7088   7239   6623   6618   6227   5773   6257   5615  13738  26304      0      0  65535 
     0      0      0      0      0      0      0      0      0      0      0      0      0      0      0      0      0      0      0 
     0      0      0      0      0      0      0      0      0      0      0      0      0      0      0      0      0      0      0 
     0      0      0      0      0      0      0      0      0      0      0      0      0      0      0      0      0      0      0 
0 -1 -1
     1      3      2      2      2      3      2      1      3      3      2      2      3      4      3      1      7      2      1 
  6101   6355   6027   6623   6595   6185   5593   6569   6733   6719   6239   5764   6634   7060   6599   6210  14054   7215   6600 
 17236  13361     51    166   6027   6185   6355   6595   6101   6623   6719   6733   6569   6634  14054   7060   7215   6599   6600   6210   5764   6239   5593  13737  26304      0      0  65535 
     0      0      0      0      0      0      0      0      0      0      0      0      0      0      0      0      0      0      0 
     0      0      0      0      0      0      0      0      0      0      0      0      0      0      0      0      0      0      0 
     0      0      0      0      0      0      0      0      0      0      0      0      0      0      0      0      0      0      0 
0 -1 -1
     1      2      1      2      2      2      1      1      2      2      2      1      3      3      3      1      0      2      1 
  6083   6322   6011   6599   6579   6166   5582   6555   6718   6703   6227   5756   6608   7039   6582   6202  13733   7200   6591 
 17236  13361     51    166   6011   6166   6322   6579   6083   6599   6703   6718   6555   6608  13733   7039   7200   6582   6591   6202   5756   6227   5582  13737  26304      0      0  65535 
     0      0      0      0      0      0      0      0      0      0      0      0      0      0      0      0      0      0      0 
     0      0      0      0      0      0      0      0      0      0      0      0      0      0      0      0      0      0      0 
     0      0      0      0      0      0      0      0      0      0      0      0      0      0      0      0      0      0      0 
0 -1 -1
     1      2      1      2      2      2      1      1      2      2      2      1      3      3      3      1      0      2      1 
  6084   6323   6010   6601   6579   6164   5583   6557   6720   6704   6228   5756   6612   7042   6584   6205  13457   7203   6594 
 17236  13361     51    166   6010   6164   6323   6579   6084   6601   6704   6720   6557   6612  13457   7042   7203   6584   6594   6205   5756   6228   5583  13738  26305      0      0  65535 
     0      0      0      0      0      0      0      0      0      0      0      0      0      0      0      0      0      0      0 
     0      0      0      0      0      0      0      0      0      0      0      0      0      0      0      0      0      0      0 
     0      0      0      0      0      0      0      0      0      0      0      0      0      0      0      0      0      0      0 
0 -1 -1
     1      3      2      2      3      3      2      2      3      3      3      2      4      5      5      2      0      3      2 
  6116   6367   6032   6637   6601   6189   5625   6594   6748   6731   6260   5776   6666   7082   6625   6237  12571   7243   6627 
 17236  13361     51    166   6032   6189   6367   6601   6116   6637   6731   6748   6594   6666  12571   7082   7243   6625   6627   6237   5776   6260   5625  13737  26305      0      0  65535 
     0      0      0      0      0      0      0      0      0      0      0      0      0      0      0      0      0      0      0 
     0      0      0      0      0      0      0      0      0      0      0      0      0      0      0      0      0      0      0 
     0      0      0      0      0      0      0      0      0      0      0      0      0      0      0      0      0      0      0 
0 -1 -1
     3      6      3      4      6      6      4      3      6      6      5      3      6      9      7      3      0      4      2 
  6205   6499   6091   6717   6677   6264   5677   6660   6816   6790   6308   5801   6772   7172   6695   6279  11652   7308   6672 
 17236  13361     51    166   6091   6264   6499   6677   6205   6717   6790   6816   6660   6772  11652   7172   7308   6695   6672   6279   5801   6308   5677  13738  26305      0      0  65535 
     0      0      0      0      0      0      0      0      0      0      0      0      0      0      0      0      0      0      0 
     0      0      0      0      0      0      0      0      0      0      0      0      0      0      0      0      0      0      0 
     0      0      0      0      0      0      0      0      0      0      0      0      0      0      0      0      0      0      0 
0 -1 -1
     4      8      4      5      7      7      5      3      8      7      6      3      8     12      9      3      0      5      3 
  6255   6566   6124   6762   6719   6302   5715   6692   6860   6824   6341   5817   6834   7235   6741   6311  11350   7349   6702 
 17236  13361     51    166   6124   6302   6566   6719   6255   6762   6824   6860   6692   6834  11350   7235   7349   6741   6702   6311   5817   6341   5715  13739  26305      0      0  65535 
     0      0      0      0      0      0      0      0      0      0      0      0      0      0      0      0      0      0      0 
     0      0      0      0      0      0      0      0      0      0      0      0      0      0      0      0      0      0      0 
     0      0      0      0      0      0      0      0      0      0      0      0      0      0      0      0      0      0      0 
0 -1 -1
     5     11      5      6     11     10      6      4     11     10      8      4     11     16     12      4      0      6      3 
  6343   6700   6189   6850   6810   6387   5775   6743   6941   6882   6392   5840   6943   7346   6817   6358  10967   7413   6747 
 17236  13361     51    165   6189   6387   6700   6810   6343   6850   6882   6941   6743   6943  10967   7346   7413   6817   6747   6358   5840   6392   5775  13739  26304      0      0  65535 
     0      0      0      0      0      0      0      0      0      0      0      0      0      0      0      0      0      0      0 
     0      0      0      0      0      0      0      0      0      0      0      0      0      0      0      0      0      0      0 
     0      0      0      0      0      0      0      0      0      0      0      0      0      0      0      0      0      0      0 
0 -1 -1
     7     15      7      8     15     14      8      5     14     13     10      5     14     23     17      5      0      8      4 
  6449   6859   6262   6965   6924   6489   5861   6805   7040   6961   6449   5870   7081   7511   6928   6415  10800   7505   6809 
 17236  13361     51    165   6262   6489   6859   6924   6449   6965   6961   7040   6805   7081  10800   7511   7505   6928   6809   6415   5870   6449   5861  13738  26305      0      0  65535 
     0      0      0      0      0      0      0      0      0      0      0      0      0      0      0      0      0      0      0 
     0      0      0      0      0      0      0      0      0      0      0      0      0      0      0      0      0      0      0 
     0      0      0      0      0      0      0      0      0      0      0      0      0      0      0      0      0      0      0 
0 -1 -1
     8     19      8     10     21     18     10      6     18     17     12      5     17     30     21      6      0     10      5 
  6558   7033   6345   7080   7052   6603   5936   6859   7135   7049   6497   5890   7205   7672   7034   6466  10916   7583   6868 
 17236  13361     51    165   6345   6603   7033   7052   6558   7080   7049   7135   6859   7205  10916   7672   7583   7034   6868   6466   5890   6497   5936  13780  26306      0      0  65535 
     0      0      0      0      0      0      0      0      0      0      0      0      0      0      0      0      0      0      0 
     0      0      0      0      0      0      0      0      0      0      0      0      0      0      0      0      0      0      0 
     0      0      0      0      0      0      0      0      0      0      0      0      0      0      0      0      0      0      0 
0 -1 -1
    11     24     10     13     27     23     12      7     23     24     14      6     21     39     28      8      0     12      7 
  6707   7244   6441   7236   7225   6744   6044   6935   7262   7220   6568   5919   7367   7898   7200   6537  11974   7699   6950 
 17236  13361     51    165   6441   6744   7244   7225   6707   7236   7220   7262   6935   7367  11974   7898   7699   7200   6950   6537   5919   6568   6044  13770  26305      0      0  65535 
     0      0      0      0      0      0      0      0      0      0      0      0      0      0      0      0      0      0      0 
     0      0      0      0      0      0      0      0      0      0      0      0      0      0      0      0      0      0      0 
     0      0      0      0      0      0      0      0      0      0      0      0      0      0      0      0      0      0      0 
0 -1 -1
    14     30     13     17     37     31     15      8     29     37     18      7     26     52     36      9      0     16      8 
  6910   7516   6574   7443   7462   6943   6184   7036   7438   7528   6656   5955   7579   8192   7420   6637  12942   7850   7053 
 17236  13361     51    165   6574   6943   7516   7462   6910   7443   7528   7438   7036   7579  12942   8192   7850   7420   7053   6637   5955   6656   6184  13739  26304      0      0  65535 
     0      0      0      0      0      0      0      0      0      0      0      0      0      0      0      0      0      0      0 
     0      0      0      0      0      0      0      0      0      0      0      0      0      0      0      0      0      0      0 
     0      0      0      0      0      0      0      0      0      0      0      0      0      0      0      0      0      0      0 
0 -1 -1
    17     36     16     20     46     38     18     10     36     53     21      8     30     63     44     11      0     19     10 
  7112   7775   6707   7634   7692   7142   6302   7130   7600   7896   6735   5987   7773   8456   7622   6725  12668   7990   7141 
 17236  13361     51    164   6707   7142   7775   7692   7112   7634   7896   7600   7130   7773  12668   8456   7990   7622   7141   6725   5987   6735   6302  13739  26304      0      0  65535 
     0      0      0      0      0      0      0      0      0      0      0      0      0      0      0      0      0      0      0 
     0      0      0      0      0      0      0      0      0      0      0      0      0      0      0      0      0      0      0 
     0      0      0      0      0      0      0      0      0      0      0      0      0      0      0      0      0      0      0 
0 -1 -1
    21     42     19     24     56     46     22     12     43     74     25      9     36     76     55     13      0     23     12 
  7348   8050   6840   7849   7948   7358   6473   7248   7801   8376   6846   6029   8003   8786   7885   6847  12628   8178   7272 
 17236  13361     51    164   6840   7358   8050   7948   7348   7849   8376   7801   7248   8003  12628   8786   8178   7885   7272   6847   6029   6846   6473  13739  26304      0      0  65535 
     0      0      0      0      0      0      0      0      0      0      0      0      0      0      0      0      0      0      0 
     0      0      0      0      0      0      0      0      0      0      0      0      0      0      0      0      0      0      0 
     0      0      0      0      0      0      0      0      0      0      0      0      0      0      0      0      0      0      0 
0 -1 -1
    23     47     22     27     65     53     24     13     49     91     27     10     40     86     62     15      0     25     13 
  7536   8280   6969   8007   8168   7547   6569   7333   7959   8787   6916   6055   8165   9009   8057   6924  12148   8292   7350 
 17236  13361     51    164   6969   7547   8280   8168   7536   8007   8787   7959   7333   8165  12148   9009   8292   8057   7350   6924   6055   6916   6569  13739  26304      1      0  65535 
     0      0      0      0      0      0      0      0      0      0      0      0      0      0      0      0      0      0      0 
     0      0      0      0      0      0      0      0      0      0      0      0      0      0      0      0      0      0      0 
     0      0      0      0      0      0      0      0      0      0      0      0      0      0      0      0      0      0      0 
0 -1 -1
    24     49     22     28     67     55     25     13     51     97     28     10     41     89     64     16      0     26     13 
  7587   8338   6999   8047   8215   7594   6612   7363   8005   8912   6946   6063   8205   9086   8102   6962  12017   8343   7381 
 17236  13361     51    164   6999   7594   8338   8215   7587   8047   8912   8005   7363   8205  12017   9086   8343   8102   7381   6962   6063   6946   6612  13738  26305      1      0  65535 
     0      0      0      0      0      0      0      0      0      0      0      0      0      0      0      0      0      0      0 
     0      0      0      0      0      0      0      0      0      0      0      0      0      0      0      0      0      0      0 
     0      0      0      0      0      0      0      0      0      0      0      0      0      0      0      0      0      0      0 
0 -1 -1
    27     54     25     31     75     62     28     15     57    114     32     11     45     99     71     18      0     30     15 
  7783   8567   7129   8228   8419   7772   6735   7465   8170   9316   7035   6097   8384   9336   8298   7071  11571   8505   7488 
 17236  13361     51    164   7129   7772   8567   8419   7783   8228   9316   8170   7465   8384  11571   9336   8505   8298   7488   7071   6097   7035   6735  13738  26305      0      0  65535 
     0      0      0      0      0      0      0      0      0      0      0      0      0      0      0      0      0      0      0 
     0      0      0      0      0      0      0      0      0      0      0      0      0      0      0      0      0      0      0 
     0      0      0      0      0      0      0      0      0      0      0      0      0      0      0      0      0      0      0 
0 -1 -1
    29     57     27     33     80     65     30     16     61    125     34     12     47    105     76     19      0     32     16 
  7892   8703   7200   8336   8545   7870   6810   7526   8263   9566   7091   6118   8486   9475   8412   7136  11620   8601   7550 
 17236  13361     51    164   7200   7870   8703   8545   7892   8336   9566   8263   7526   8486  11620   9475   8601   8412   7550   7136   6118   7091   6810  13731  26305      0      0  65535 
     0      0      0      0      0      0      0      0      0      0      0      0      0      0      0      0      0      0      0 
     0      0      0      0      0      0      0      0      0      0      0      0      0      0      0      0      0      0      0 
     0      0      0      0      0      0      0      0      0      0      0      0      0      0      0      0      0      0      0 
0 -1 -1
    31     61     29     35     86     70     32     17     66    139     36     13     51    113     82     21      0     35     17 
  8042   8878   7306   8482   8715   8008   6904   7605   8393   9903   7163   6141   8627   9660   8558   7221  11772   8725   7632 
 17236  13361     51    163   7306   8008   8878   8715   8042   8482   9903   8393   7605   8627  11772   9660   8725   8558   7632   7221   6141   7163   6904  13737  26305      0      1  65535 
     0      0      0      0      0      0      0      0      0      0      0      0      0      0      0      0      0      0      0 
     0      0      0      0      0      0      0      0      0      0      0      0      0      0      0      0      0      0      0 
     0      0      0      0      0      0      0      0      0      0      0      0      0      0      0      0      0      0      0 
0 -1 -1
    35     68     33     40     97     79     36     19     74    163     41     14     56    126     92     24      0     39     19 
  8301   9160   7479   8711   8982   8225   7077   7736   8606  10462   7290   6186   8859   9976   8822   7373  12316   8945   7778 
 17236  13361     51    163   7479   8225   9160   8982   8301   8711  10462   8606   7736   8859  12316   9976   8945   8822   7778   7373   6186   7290   7077  13735  26305      0      1  65535 
     0      0      0      0      0      0      0      0      0      0      0      0      0      0      0      0      0      0      0 
     0      0      0      0      0      0      0      0      0      0      0      0      0      0      0      0      0      0      0 
     0      0      0      0      0      0      0      0      0      0      0      0      0      0      0      0      0      0      0 
0 -1 -1
    39     74     36     43    107     86     39     20     81    185     45     15     61    137    101     26      0     43     21 
  8545   9437   7644   8922   9241   8437   7212   7847   8792  10977   7397   6223   9063  10240   9028   7496  12403   9128   7892 
 17236  13361     51    163   7644   8437   9437   9241   8545   8922  10977   8792   7847   9063  12403  10240   9128   9028   7892   7496   6223   7397   7212  13730  26305      0      0  65535 
     0      0      0      0      0      0      0      0      0      0      0      0      0      0      0      0      0      0      0 
     0      0      0      0      0      0      0      0      0      0      0      0      0      0      0      0      0      0      0 
     0      0      0      0      0      0      0      0      0      0      0      0      0      0      0      0      0      0      0 
0 -1 -1
    43     80     39     47    116     93     42     22     87    206     49     16     66    148    109     28      0     47     23 
  8766   9677   7789   9115   9476   8617   7341   7961   8966  11452   7512   6261   9250  10496   9229   7619  12379   9311   8028 
 17236  13361     51    163   7789   8617   9677   9476   8766   9115  11452   8966   7961   9250  12379  10496   9311   9229   8028   7619   6261   7512   7341  13732  26303      0      0  65535 
     0      0      0      0      0      0      0      0      0      0      0      0      0      0      0      0      0      0      0 
     0      0      0      0      0      0      0      0      0      0      0      0      0      0      0      0      0      0      0 
     0      0      0      0      0      0      0      0      0      0      0      0      0      0      0      0      0      0      0 
0 -1 -1
    46     85     43     50    126    100     46     24     94    227     53     17     71    159    117     31      0     52     25 
  8999   9926   7954   9317   9722   8812   7485   8080   9150  11958   7630   6302   9459  10766   9440   7751  11828   9518   8164 
 17236  13361     51    162   7954   8812   9926   9722   8999   9317  11958   9150   8080   9459  11828  10766   9518   9440   8164   7751   6302   7630   7485  13730  26303      0      0  65535 
     0      0      0      0      0      0      0      0      0      0      0      0      0      0      0      0      0      0      0 
     0      0      0      0      0      0      0      0      0      0      0      0      0      0      0      0      0      0      0 
     0      0      0      0      0      0      0      0      0      0      0      0      0      0      0      0      0      0      0 
0 -1 -1
    51     93     47     55    139    110     50     26    104    255     59     19     77    173    129     34      0     58     28 
  9298  10249   8172   9574  10043   9069   7681   8243   9404  12606   7778   6364   9732  11103   9725   7937  11124   9798   8361 
 17236  13361     51    162   8172   9069  10249  10043   9298   9574  12606   9404   8243   9732  11124  11103   9798   9725   8361   7937   6364   7778   7681  13731  26304      0      0  65535 
     0      0      0      0      0      0      0      0      0      0      0      0      0      0      0      0      0      0      0 
     0      0      0      0      0      0      0      0      0      0      0      0      0      0      0      0      0      0      0 
     0      0      0      0      0      0      0      0      0      0      0      0      0      0      0      0      0      0      0 
0 -1 -1
    53     97     50     57    146    116     52     28    108    255     61     20     80    180    134     36      0     61     30 
  9461  10437   8298   9709  10222   9219   7770   8327   9524  12949   7845   6392   9873  11257   9854   8024  10953   9925   8443 
 17236  13361     51    162   8298   9219  10437  10222   9461   9709  12949   9524   8327   9873  10953  11257   9925   9854   8443   8024   6392   7845   7770  13731  26304      1      0  65535 
     0      0      0      0      0      0      0      0      0      0      0      0      0      0      0      0      0      0      0 
     0      0      0      0      0      0      0      0      0      0      0      0      0      0      0      0      0      0      0 
     0      0      0      0      0      0      0      0      0      0      0      0      0      0      0      0      0      0      0 
0 -1 -1
    54     98     51     58    148    117     53     28    110    255     62     20     81    181    135     36      0     61     30 
  9509  10484   8328   9747  10271   9258   7792   8349   9556  13049   7867   6398   9905  11294   9886   8029  10894   9954   8457 
 17236  13361     51    162   8328   9258  10484  10271   9509   9747  13049   9556   8349   9905  10894  11294   9954   9886   8457   8029   6398   7867   7792  13730  26304      0      0  65535 
     0      0      0      0      0      0      0      0      0      0      0      0      0      0      0      0      0      0      0 
     0      0      0      0      0      0      0      0      0      0      0      0      0      0      0      0      0      0      0 
     0      0      0      0      0      0      0      0      0      0      0      0      0      0      0      0      0      0      0 
0 -1 -1
    54     99     51     58    148    117     53     28    110    255     62     20     81    181    135     36      0     62     30 
  9524  10501   8340   9757  10288   9267   7797   8355   9563  13087   7872   6401   9916  11302   9893   8030  10845   9960   8463 
 17236  13361     51    162   8340   9267  10501  10288   9524   9757  13087   9563   8355   9916  10845  11302   9960   9893   8463   8030   6401   7872   7797  13729  26304      0      0  65535 
     0      0      0      0      0      0      0      0      0      0      0      0      0      0      0      0      0      0      0 
     0      0      0      0      0      0      0      0      0      0      0      0      0      0      0      0      0      0      0 
     0      0      0      0      0      0      0      0      0      0      0      0      0      0      0      0      0      0      0 
0 -1 -1
    54     98     51     58    149    117     53     28    110    255     63     20     82    182    136     36      0     62     30 
  9527  10499   8341   9755  10289   9257   7803   8356   9561  13105   7880   6406   9920  11307   9900   8033  10845   9967   8473 
 17236  13361     51    162   8341   9257  10499  10289   9527   9755  13105   9561   8356   9920  10845  11307   9967   9900   8473   8033   6406   7880   7803  13729  26305      0      1  65535 
     0      0      0      0      0      0      0      0      0      0      0      0      0      0      0      0      0      0      0 
     0      0      0      0      0      0      0      0      0      0      0      0      0      0      0      0      0      0      0 
     0      0      0      0      0      0      0      0      0      0      0      0      0      0      0      0      0      0      0 
0 -1 -1
    55     99     51     59    150    118     53     28    111    255     63     21     82    183    137     37      0     62     30 
  9563  10537   8369   9783  10329   9283   7819   8375   9589  13183   7894   6412   9947  11335   9924   8047  10842   9990   8491 
 17236  13361     51    162   8369   9283  10537  10329   9563   9783  13183   9589   8375   9947  10842  11335   9990   9924   8491   8047   6412   7894   7819  13729  26304      0      0  65535 
     0      0      0      0      0      0      0      0      0      0      0      0      0      0      0      0      0      0      0 
     0      0      0      0      0      0      0      0      0      0      0      0      0      0      0      0      0      0      0 
     0      0      0      0      0      0      0      0      0      0      0      0      0      0      0      0      0      0      0 
0 -1 -1
    55     99     51     58    149    117     53     28    110    255     63     21     82    182    136     36      0     62     30 
  9543  10520   8359   9764  10308   9267   7809   8361   9571  13148   7885   6409   9927  11303   9905   8038  10808   9973   8479 
 17236  13361     51    162   8359   9267  10520  10308   9543   9764  13148   9571   8361   9927  10808  11303   9973   9905   8479   8038   6409   7885   7809  13729  26304      0      0  65535 
     0      0      0      0      0      0      0      0      0      0      0      0      0      0      0      0      0      0      0 
     0      0      0      0      0      0      0      0      0      0      0      0      0      0      0      0      0      0      0 
     0      0      0      0      0      0      0      0      0      0      0      0      0      0      0      0      0      0      0 
0 -1 -1
    54     97     50     57    146    115     52     27    108    255     61     20     80    178    133     35      0     60     29 
  9470  10447   8313   9699  10229   9208   7757   8311   9502  13002   7848   6391   9855  11215   9832   7986  10685   9897   8423 
 17236  13361     51    162   8313   9208  10447  10229   9470   9699  13002   9502   8311   9855  10685  11215   9897   9832   8423   7986   6391   7848   7757  13759  26304      0      0  65535 
     0      0      0      0      0      0      0      0      0      0      0      0      0      0      0      0      0      0      0 
     0      0      0      0      0      0      0      0      0      0      0      0      0      0      0      0      0      0      0 
     0      0      0      0      0      0      0      0      0      0      0      0      0      0      0      0      0      0      0 
0 -1 -1
    52     95     49     56    142    112     51     26    105    255     60     19     78    174    130     34      0     58     28 
  9369  10348   8246   9615  10125   9126   7698   8250   9421  12818   7806   6369   9769  11112   9748   7932  10570   9815   8361 
 17236  13361     51    162   8246   9126  10348  10125   9369   9615  12818   9421   8250   9769  10570  11112   9815   9748   8361   7932   6369   7806   7698  13736  26304      0      0  65535 
     0      0      0      0      0      0      0      0      0      0      0      0      0      0      0      0      0      0      0 
     0      0      0      0      0      0      0      0      0      0      0      0      0      0      0      0      0      0      0 
     0      0      0      0      0      0      0      0      0      0      0      0      0      0      0      0      0      0      0 
0 -1 -1
    51     94     48     55    140    110     50     26    103    255     59     19     77    171    128     34      0     57     28 
  9313  10287   8203   9571  10065   9080   7664   8220   9376  12713   7777   6357   9725  11058   9700   7898  10552   9770   8325 
 17236  13361     51    162   8203   9080  10287  10065   9313   9571  12713   9376   8220   9725  10552  11058   9770   9700   8325   7898   6357   7777   7664  13735  26304      0      1  65535 
     0      0      0      0      0      0      0      0      0      0      0      0      0      0      0      0      0      0      0 
     0      0      0      0      0      0      0      0      0      0      0      0      0      0      0      0      0      0      0 
     0      0      0      0      0      0      0      0      0      0      0      0      0      0      0      0      0      0      0 
0 -1 -1
    49     91     46     53    135    107     48     25     99    250     57     18     74    166    123     32      0     55     26 
  9202  10174   8132   9476   9949   8989   7581   8151   9280  12493   7715   6330   9622  10926   9588   7822  10502   9662   8239 
 17236  13361     51    162   8132   8989  10174   9949   9202   9476  12493   9280   8151   9622  10502  10926   9662   9588   8239   7822   6330   7715   7581  13734  26304      0      0  65535 
     0      0      0      0      0      0      0      0      0      0      0      0      0      0      0      0      0      0      0 
     0      0      0      0      0      0      0      0      0      0      0      0      0      0      0      0      0      0      0 
     0      0      0      0      0      0      0      0      0      0      0      0      0      0      0      0      0      0      0 
0 -1 -1
    42     80     40     46    116     93     41     21     84    210     48     15     64    143    105     26      0     45     21 
  8755   9713   7831   9085   9472   8618   7267   7877   8889  11566   7471   6227   9190  10373   9132   7513  10359   9220   7909 
 17236  13361     51    163   7831   8618   9713   9472   8755   9085  11566   8889   7877   9190  10359  10373   9220   9132   7909   7513   6227   7471   7267  13734  26304      0      0  65535 
     0      0      0      0      0      0      0      0      0      0      0      0      0      0      0      0      0      0      0 
     0      0      0      0      0      0      0      0      0      0      0      0      0      0      0      0      0      0      0 
     0      0      0      0      0      0      0      0      0      0      0      0      0      0      0      0      0      0      0 
0 -1 -1
    32     63     30     36     87     71     30     16     63    150     35     12     49    108     78     19      0     32     15 
  8070   8963   7356   8489   8738   8034   6830   7516   8319  10153   7133   6106   8568   9553   8470   7115  10211   8610   7497 
 17236  13361     51    163   7356   8034   8963   8738   8070   8489  10153   8319   7516   8568  10211   9553   8610   8470   7497   7115   6106   7133   6830  13735  26306      0      0  65535 
     0      0      0      0      0      0      0      0      0      0      0      0      0      0      0      0      0      0      0 
     0      0      0      0      0      0      0      0      0      0      0      0      0      0      0      0      0      0      0 
     0      0      0      0      0      0      0      0      0      0      0      0      0      0      0      0      0      0      0 
0 -1 -1
    23     47     21     26     63     52     22     11     45     99     26      9     37     80     57     13      0     23     11 
  7486   8281   6947   7983   8114   7516   6484   7233   7859   8971   6871   6014   8065   8881   7938   6829  10106   8164   7218 
 17236  13361     51    164   6947   7516   8281   8114   7486   7983   8971   7859   7233   8065  10106   8881   8164   7938   7218   6829   6014   6871   6484  13733  26306      0      0  65535 
     0      0      0      0      0      0      0      0      0      0      0      0      0      0      0      0      0      0      0 
     0      0      0      0      0      0      0      0      0      0      0      0      0      0      0      0      0      0      0 
     0      0      0      0      0      0      0      0      0      0      0      0      0      0      0      0      0      0      0 
0 -1 -1
    16     35     15     20     44     38     16      8     33     63     19      7     28     58     41      9      0     16      8 
  7060   7758   6658   7603   7658   7131   6214   7029   7520   8120   6682   5947   7679   8351   7529   6627  10272   7870   7029 
 17236  13361     51    164   6658   7131   7758   7658   7060   7603   8120   7520   7029   7679  10272   8351   7870   7529   7029   6627   5947   6682   6214  13733  26306      0      1  65535 
     0      0      0      0      0      0      0      0      0      0      0      0      0      0      0      0      0      0      0 
     0      0      0      0      0      0      0      0      0      0      0      0      0      0      0      0      0      0      0 
     0      0      0      0      0      0      0      0      0      0      0      0      0      0      0      0      0      0      0 
0 -1 -1
    11     26     11     14     31     27     12      6     23     37     14      6     21     41     29      7      0     12      6 
  6743   7342   6458   7307   7314   6835   6027   6885   7272   7507   6552   5903   7389   7947   7229   6500  10878   7668   6899 
 17236  13361     51    165   6458   6835   7342   7314   6743   7307   7507   7272   6885   7389  10878   7947   7668   7229   6899   6500   5903   6552   6027  13735  26305      0      0  65535 
     0      0      0      0      0      0      0      0      0      0      0      0      0      0      0      0      0      0      0 
     0      0      0      0      0      0      0      0      0      0      0      0      0      0      0      0      0      0      0 
     0      0      0      0      0      0      0      0      0      0      0      0      0      0      0      0      0      0      0 
0 -1 -1
     7     17      7      9     19     17      8      4     15     18      9      4     14     25     17      5      0      8      4 
  6474   6957   6291   7035   7008   6576   5846   6759   7047   7066   6431   5856   7100   7560   6948   6382  11502   7479   6777 
 17236  13361     51    165   6291   6576   6957   7008   6474   7035   7066   7047   6759   7100  11502   7560   7479   6948   6777   6382   5856   6431   5846  13737  26305      0      0  65535 
     0      0      0      0      0      0      0      0      0      0      0      0      0      0      0      0      0      0      0 
     0      0      0      0      0      0      0      0      0      0      0      0      0      0      0      0      0      0      0 
     0      0      0      0      0      0      0      0      0      0      0      0      0      0      0      0      0      0      0 
0 -1 -1
     4     10      4      6     10      9      5      3      8      9      6      3      9     14     10      3      0      5      2 
  6277   6645   6154   6818   6784   6367   5715   6666   6878   6861   6335   5812   6863   7283   6758   6295  11682   7346   6683 
 17236  13361     51    165   6154   6367   6645   6784   6277   6818   6861   6878   6666   6863  11682   7283   7346   6758   6683   6295   5812   6335   5715  13736  26305      1      0  65535 
     0      0      0      0      0      0      0      0      0      0      0      0      0      0      0      0      0      0      0 
     0      0      0      0      0      0      0      0      0      0      0      0      0      0      0      0      0      0      0 
     0      0      0      0      0      0      0      0      0      0      0      0      0      0      0      0      0      0      0 
0 -1 -1
     2      5      2      3      4      4      2      2      4      4      3      2      5      6      5      2      0      3      1 
  6144   6431   6056   6668   6642   6231   5619   6591   6765   6756   6261   5773   6690   7111   6634   6227  11842   7243   6614 
 17236  13361     51    166   6056   6231   6431   6642   6144   6668   6756   6765   6591   6690  11842   7111   7243   6634   6614   6227   5773   6261   5619  13735  26304      1      0  65535 
     0      0      0      0      0      0      0      0      0      0      0      0      0      0      0      0      0      0      0 
     0      0      0      0      0      0      0      0      0      0      0      0      0      0      0      0      0      0      0 
     0      0      0      0      0      0      0      0      0      0      0      0      0      0      0      0      0      0      0 
0 -1 -1
     1      2      1      1      2      2      1      1      2      2      1      1      2      3      2      1      0      1      1 
  6072   6313   6002   6586   6572   6159   5565   6539   6705   6699   6213   5746   6587   7026   6566   6185  11754   7180   6569 
 17236  13361     51    166   6002   6159   6313   6572   6072   6586   6699   6705   6539   6587  11754   7026   7180   6566   6569   6185   5746   6213   5565  13735  26304      0      0  65535 
     0      0      0      0      0      0      0      0      0      0      0      0      0      0      0      0      0      0      0 
     0      0      0      0      0      0      0      0      0      0      0      0      0      0      0      0      0      0      0 
     0      0      0      0      0      0      0      0      0      0      0      0      0      0      0      0      0      0      0 
0 -1 -1
     0      1      0      0      0      0      0      0      0      0      0      0      1      1      1      0      0      0      0 
  6036   6248   5971   6536   6538   6121   5532   6498   6672   6664   6183   5727   6530   6975   6527   6158  11721   7143   6537 
 17236  13361     51    166   5971   6121   6248   6538   6036   6536   6664   6672   6498   6530  11721   6975   7143   6527   6537   6158   5727   6183   5532  13735  26304      0      0  65535 
     0      0      0      0      0      0      0      0      0      0      0      0      0      0      0      0      0      0      0 
     0      0      0      0      0      0      0      0      0      0      0      0      0      0      0      0      0      0      0 
     0      0      0      0      0      0      0      0      0      0      0      0      0      0      0      0      0      0      0 
0 -1 -1
     0      0      0      0      0      0      0      0      0      0      0      0      0      0      0      0      0      0      0 
  6023   6221   5953   6512   6524   6104   5519   6473   6658   6647   6169   5713   6507   6956   6508   6144  11687   7124   6516 
 17236  13361     51    166   5953   6104   6221   6524   6023   6512   6647   6658   6473   6507  11687   6956   7124   6508   6516   6144   5713   6169   5519  13736  26304      0      0  65535 
     0      0      0      0      0      0      0      0      0      0      0      0      0      0      0      0      0      0      0 
     0      0      0      0      0      0      0      0      0      0      0      0      0      0      0      0      0      0      0 
     0      0      0      0      0      0      0      0      0      0      0      0      0      0      0      0      0      0      0 
0 -1 -1
     0      0      0      0      0      0      0      0      0      0      0      0      0      0      0      0      0      0      0 
  6015   6208   5947   6500   6519   6100   5512   6461   6649   6639   6165   5706   6495   6945   6499   6135  11668   7114   6506 
 17236  13361     51    166   5947   6100   6208   6519   6015   6500   6639   6649   6461   6495  11668   6945   7114   6499   6506   6135   5706   6165   5512  13736  26304      0      1  65535 
     0      0      0      0      0      0      0      0      0      0      0      0      0      0      0      0      0      0      0 
     0      0      0      0      0      0      0      0      0      0      0      0      0      0      0      0      0      0      0 
     0      0      0      0      0      0      0      0      0      0      0      0      0      0      0      0      0      0      0 
0 -1 -1
     0      0      0      0      0      0      0      0      0      0      0      0      0      0      0      0      0      0      0 
  6010   6203   5942   6494   6514   6098   5508   6456   6644   6640   6161   5699   6489   6941   6494   6130  11512   7109   6502 
 17236  13361     51    166   5942   6098   6203   6514   6010   6494   6640   6644   6456   6489  11512   6941   7109   6494   6502   6130   5699   6161   5508  13730  26304      0      0  65535 
     0      0      0      0      0      0      0      0      0      0      0      0      0      0      0      0      0      0      0 
     0      0      0      0      0      0      0      0      0      0      0      0      0      0      0      0      0      0      0 
     0      0      0      0      0      0      0      0      0      0      0      0      0      0      0      0      0      0      0 
0 -1 -1
     0      0      0      0      0      0      0      0      0      0      0      0      0      0      0      0      0      0      0 
  6008   6199   5937   6489   6512   6098   5502   6451   6640   6638   6156   5695   6483   6940   6490   6126  11723   7102   6498 
 17236  13361     51    166   5937   6098   6199   6512   6008   6489   6638   6640   6451   6483  11723   6940   7102   6490   6498   6126   5695   6156   5502  13727  26304      0      0  65535 
     0      0      0      0      0      0      0      0      0      0      0      0      0      0      0      0      0      0      0 
     0      0      0      0      0      0      0      0      0      0      0      0      0      0      0      0      0      0      0 
     0      0      0      0      0      0      0      0      0      0      0      0      0      0      0      0      0      0      0 
0 -1 -1
     0      0      0      0      0      0      0      0      0      0      0      0      0      0      0      0      0      0      0 
  6008   6198   5932   6484   6512   6097   5503   6451   6639   6636   6156   5691   6478   6937   6491   6125  11513   7098   6497 
 17236  13361     51    166   5932   6097   6198   6512   6008   6484   6636   6639   6451   6478  11513   6937   7098   6491   6497   6125   5691   6156   5503  13727  26304      0      0  65535 
     0      0      0      0      0      0      0      0      0      0      0      0      0      0      0      0      0      0      0 
     0      0      0      0      0      0      0      0      0      0      0      0      0      0      0      0      0      0      0 
     0      0      0      0      0      0      0      0      0      0      0      0      0      0      0      0      0      0      0 
0 -1 -1
     0      0      0      0      0      0      0      0      0      0      0      0      0      0      0      0      0      0      0 
  6008   6196   5933   6479   6512   6096   5502   6448   6637   6635   6155   5691   6476   6937   6490   6123  11351   7098   6497 
 17236  13361     51    166   5933   6096   6196   6512   6008   6479   6635   6637   6448   6476  11351   6937   7098   6490   6497   6123   5691   6155   5502  13730  26304      0      0  65535 
     0      0      0      0      0      0      0      0      0      0      0      0      0      0      0      0      0      0      0 
     0      0      0      0      0      0      0      0      0      0      0      0      0      0      0      0      0      0      0 
     0      0      0      0      0      0      0      0      0      0      0      0      0      0      0      0      0      0      0 
0 -1 -1
     0      0      0      0      0      0      0      0      0      0      0      0      0      0      0      0      0      0      0 
  6008   6198   5931   6486   6511   6096   5501   6449   6638   6634   6155   5691   6476   6935   6490   6124  11339   7098   6497 
 17236  13361     51    166   5931   6096   6198   6511   6008   6486   6634   6638   6449   6476  11339   6935   7098   6490   6497   6124   5691   6155   5501  13753  26304      1      0  65535 
     0      0      0      0      0      0      0      0      0      0      0      0      0      0      0      0      0      0      0 
     0      0      0      0      0      0      0      0      0      0      0      0      0      0      0      0      0      0      0 
     0      0      0      0      0      0      0      0      0      0      0      0      0      0      0      0      0      0      0 
0 -1 -1
     0      0      0      0      0      0      0      0      0      0      0      0      0      0      0      0      0      0      0 
  6008   6196   5931   6485   6511   6095   5500   6449   6636   6634   6154   5690   6474   6934   6489   6123  11402   7098   6496 
 17236  13361     51    166   5931   6095   6196   6511   6008   6485   6634   6636   6449   6474  11402   6934   7098   6489   6496   6123   5690   6154   5500  13753  26305      0      0  65535 
     0      0      0      0      0      0      0      0      0      0      0      0      0      0      0      0      0      0      0 
     0      0      0      0      0      0      0      0      0      0      0      0      0      0      0      0      0      0      0 
     0      0      0      0      0      0      0      0      0      0      0      0      0      0      0      0      0      0      0 
0 -1 -1
     0      0      0      0      0      0      0      0      0      0      0      0      0      0      0      0      0      0      0 
  6007   6195   5931   6484   6511   6096   5501   6449   6636   6633   6154   5689   6474   6936   6489   6124  11371   7098   6496 
 17236  13361     51    166   5931   6096   6195   6511   6007   6484   6633   6636   6449   6474  11371   6936   7098   6489   6496   6124   5689   6154   5501  13730  26304      0      0  65535 
     0      0      0      0      0      0      0      0      0      0      0      0      0      0      0      0      0      0      0 
     0      0      0      0      0      0      0      0      0      0      0      0      0      0      0      0      0      0      0 
     0      0      0      0      0      0      0      0      0      0      0      0      0      0      0      0      0      0      0 
0 -1 -1
     0      0      0      0      0      0      0      0      0      0      0      0      0      0      0      0      0      0      0 
  6005   6196   5931   6485   6511   6095   5502   6447   6635   6632   6154   5689   6474   6934   6487   6122  11395   7096   6494 
 17236  13361     51    166   5931   6095   6196   6511   6005   6485   6632   6635   6447   6474  11395   6934   7096   6487   6494   6122   5689   6154   5502  13730  26304      0      0  65535 
     0      0      0      0      0      0      0      0      0      0      0      0      0      0      0      0      0      0      0 
     0      0      0      0      0      0      0      0      0      0      0      0      0      0      0      0      0      0      0 
     0      0      0      0      0      0      0      0      0      0      0      0      0      0      0      0      0      0      0 
0 -1 -1
     0      0      0      0      0      0      0      0      0      0      0      0      0      0      0      0      0      0      0 
  6006   6196   5931   6485   6508   6095   5501   6447   6635   6632   6153   5688   6472   6933   6488   6123  11435   7096   6494 
 17236  13361     51    166   5931   6095   6196   6508   6006   6485   6632   6635   6447   6472  11435   6933   7096   6488   6494   6123   5688   6153   5501  13730  26304      0      0  65535 
     0      0      0      0      0      0      0      0      0      0      0      0      0      0      0      0      0      0      0 
     0      0      0      0      0      0      0      0      0      0      0      0      0      0      0      0      0      0      0 
     0      0      0      0      0      0      0      0      0      0      0      0      0      0      0      0      0      0      0 
0 -1 -1
     0      0      0      0      0      0      0      0      0      0      0      0      0      0      0      0      0      0      0 
  6004   6195   5930   6482   6509   6094   5500   6447   6634   6631   6151   5689   6472   6932   6487   6121  11555   7096   6495 
 17236  13361     51    166   5930   6094   6195   6509   6004   6482   6631   6634   6447   6472  11555   6932   7096   6487   6495   6121   5689   6151   5500  13730  26304      0      0  65535 
     0      0      0      0      0      0      0      0      0      0      0      0      0      0      0      0      0      0      0 
     0      0      0      0      0      0      0      0      0      0      0      0      0      0      0      0      0      0      0 
     0      0      0      0      0      0      0      0      0      0      0      0      0      0      0      0      0      0      0 
0 -1 -1
     0      0      0      0      0      0      0      0      0      0      0      0      0      0      0      0      0      0      0 
  6005   6194   5931   6484   6509   6093   5501   6447   6635   6631   6152   5689   6474   6932   6486   6122  11456   7096   6493 
 17236  13361     51    166   5931   6093   6194   6509   6005   6484   6631   6635   6447   6474  11456   6932   7096   6486   6493   6122   5689   6152   5501  13732  26304      0      0  65535 
     0      0      0      0      0      0      0      0      0      0      0      0      0      0      0      0      0      0      0 
     0      0      0      0      0      0      0      0      0      0      0      0      0      0      0      0      0      0      0 
     0      0      0      0      0      0      0      0      0      0      0      0      0      0      0      0      0      0      0 
0 -1 -1
     0      0      0      0      0      0      0      0      0      0      0      0      0      0      0      0      0      0      0 
  6005   6194   5931   6482   6509   6092   5500   6447   6634   6631   6152   5688   6471   6932   6485   6121  11609   7094   6494 
 17236  13361     51    166   5931   6092   6194   6509   6005   6482   6631   6634   6447   6471  11609   6932   7094   6485   6494   6121   5688   6152   5500  13735  26305      0      0  65535 
     0      0      0      0      0      0      0      0      0      0      0      0      0      0      0      0      0      0      0 
     0      0      0      0      0      0      0      0      0      0      0      0      0      0      0      0      0      0      0 
     0      0      0      0      0      0      0      0      0      0      0      0      0      0      0      0      0      0      0 
0 -1 -1
     0      0      0      0      0      0      0      0      0      0      0      0      0      0      0      0      0      0      0 
  6003   6193   5929   6481   6509   6092   5500   6445   6632   6631   6153   5687   6472   6932   6485   6122  11642   7094   6493 
 17236  13361     51    166   5929   6092   6193   6509   6003   6481   6631   6632   6445   6472  11642   6932   7094   6485   6493   6122   5687   6153   5500  13735  26305      0      0  65535 
     0      0      0      0      0      0      0      0      0      0      0      0      0      0      0      0      0      0      0 
     0      0      0      0      0      0      0      0      0      0      0      0      0      0      0      0      0      0      0 
     0      0      0      0      0      0      0      0      0      0      0      0      0      0      0      0      0      0      0 
0 -1 -1
     0      0      0      0      0      0      0      0      0      0      0      0      0      0      0      0      0      0      0 
  6003   6193   5930   6483   6509   6093   5499   6445   6632   6629   6152   5687   6471   6931   6487   6120  11605   7094   6492 
 17236  13361     51    166   5930   6093   6193   6509   6003   6483   6629   6632   6445   6471  11605   6931   7094   6487   6492   6120   5687   6152   5499  13737  26305      0      0  65535 
     0      0      0      0      0      0      0      0      0      0      0      0      0      0      0      0      0      0      0 
     0      0      0      0      0      0      0      0      0      0      0      0      0      0      0      0      0      0      0 
     0      0      0      0      0      0      0      0      0      0      0      0      0      0      0      0      0      0      0 
0 -1 -1
     0      0      0      0      0      0      0      0      0      0      0      0      0      0      0      0      0      0      0 
  6005   6192   5929   6481   6508   6092   5496   6443   6632   6630   6153   5686   6469   6932   6485   6119  11523   7093   6493 
 17236  13361     51    166   5929   6092   6192   6508   6005   6481   6630   6632   6443   6469  11523   6932   7093   6485   6493   6119   5686   6153   5496  13738  26304      0      0  65535 
     0      0      0      0      0      0      0      0      0      0      0      0      0      0      0      0      0      0      0 
     0      0      0      0      0      0      0      0      0      0      0      0      0      0      0      0      0      0      0 
     0      0      0      0      0      0      0      0      0      0      0      0      0      0      0      0      0      0      0 
0 -1 -1
     0      0      0      0      0      0      0      0      0      0      0      0      0      0      0      0      0      0      0 
  6001   6193   5929   6482   6506   6092   5500   6446   6632   6629   6152   5687   6471   6930   6484   6119  11490   7091   6491 
 17236  13361     51    166   5929   6092   6193   6506   6001   6482   6629   6632   6446   6471  11490   6930   7091   6484   6491   6119   5687   6152   5500  13737  26304      0      0  65535 
     0      0      0      0      0      0      0      0      0      0      0      0      0      0      0      0      0      0      0 
     0      0      0      0      0      0      0      0      0      0      0      0      0      0      0      0      0      0      0 
     0      0      0      0      0      0      0      0      0      0      0      0      0      0      0      0      0      0      0 
0 -1 -1
     0      0      0      0      0      0      0      0      0      0      0      0      0      0      0      0      0      0      0 
  6001   6192   5929   6480   6506   6091   5498   6444   6633   6630   6149   5687   6469   6931   6484   6118  11357   7093   6493 
 17236  13361     51    166   5929   6091   6192   6506   6001   6480   6630   6633   6444   6469  11357   6931   7093   6484   6493   6118   5687   6149   5498  13737  26304      0      0  65535 
     0      0      0      0      0      0      0      0      0      0      0      0      0      0      0      0      0      0      0 
     0      0      0      0      0      0      0      0      0      0      0      0      0      0      0      0      0      0      0 
     0      0      0      0      0      0      0      0      0      0      0      0      0      0      0      0      0      0      0 
0 -1 -1
     0      0      0      0      0      0      0      0      0      0      0      0      0      0      0      0      0      0      0 
  6002   6191   5928   6479   6507   6091   5498   6444   6631   6629   6148   5686   6468   6928   6484   6119  11511   7094   6490 
 17236  13361     51    166   5928   6091   6191   6507   6002   6479   6629   6631   6444   6468  11511   6928   7094   6484   6490   6119   5686   6148   5498  13736  26304      0      0  65535 
     0      0      0      0      0      0      0      0      0      0      0      0      0      0      0      0      0      0      0 
     0      0      0      0      0      0      0      0      0      0      0      0      0      0      0      0      0      0      0 
     0      0      0      0      0      0      0      0      0      0      0      0      0      0      0      0      0      0      0 
0 -1 -1
     0      0      0      0      0      0      0      0      0      0      0      0      0      0      0      0      0      0      0 
  6002   6192   5928   6480   6504   6091   5497   6442   6630   6627   6150   5686   6469   6930   6483   6118  11542   7091   6490 
 17236  13361     51    166   5928   6091   6192   6504   6002   6480   6627   6630   6442   6469  11542   6930   7091   6483   6490   6118   5686   6150   5497  13736  26305      0      0  65535 
     0      0      0      0      0      0      0      0      0      0      0      0      0      0      0      0      0      0      0 
     0      0      0      0      0      0      0      0      0      0      0      0      0      0      0      0      0      0      0 
     0      0      0      0      0      0      0      0      0      0      0      0      0      0      0      0      0      0      0 
0 -1 -1
     0      0      0      0      0      0      0      0      0      0      0      0      0      0      0      0      0      0      0 
  6000   6190   5928   6479   6505   6090   5497   6442   6631   6628   6149   5687   6469   6928   6481   6117  11469   7092   6491 
 17236  13361     51    166   5928   6090   6190   6505   6000   6479   6628   6631   6442   6469  11469   6928   7092   6481   6491   6117   5687   6149   5497  13736  26305      0      0  65535 
     0      0      0      0      0      0      0      0      0      0      0      0      0      0      0      0      0      0      0 
     0      0      0      0      0      0      0      0      0      0      0      0      0      0      0      0      0      0      0 
     0      0      0      0      0      0      0      0      0      0      0      0      0      0      0      0      0      0      0 
0 -1 -1
     0      0      0      0      0      0      0      0      0      0      0      0      0      0      0      0      0      0      0 
  6002   6190   5927   6480   6504   6091   5497   6442   6630   6626   6149   5685   6469   6928   6482   6119  11509   7092   6491 
 17236  13361     51    166   5927   6091   6190   6504   6002   6480   6626   6630   6442   6469  11509   6928   7092   6482   6491   6119   5685   6149   5497  13738  26304      0      0  65535 
     0      0      0      0      0      0      0      0      0      0      0      0      0      0      0      0      0      0      0 
     0      0      0      0      0      0      0      0      0      0      0      0      0      0      0      0      0      0      0 
     0      0      0      0      0      0      0      0      0      0      0      0      0      0      0      0      0      0      0 
0 -1 -1
     0      0      0      0      0      0      0      0      0      0      0      0      0      0      0      0      0      0      0 
  6000   6191   5929   6478   6506   6089   5495   6443   6630   6626   6151   5686   6467   6928   6482   6118  11420   7092   6491 
 17236  13361     51    166   5929   6089   6191   6506   6000   6478   6626   6630   6443   6467  11420   6928   7092   6482   6491   6118   5686   6151   5495  13739  26304      0      1  65535 
     0      0      0      0      0      0      0      0      0      0      0      0      0      0      0      0      0      0      0 
     0      0      0      0      0      0      0      0      0      0      0      0      0      0      0      0      0      0      0 
     0      0      0      0      0      0      0      0      0      0      0      0      0      0      0      0      0      0      0 
0 -1 -1
     0      0      0      0      0      0      0      0      0      0      0      0      0      0      0      0      0      0      0 
  6001   6190   5927   6478   6502   6088   5498   6442   6630   6625   6148   5684   6466   6927   6481   6118  11528   7090   6489 
 17236  13361     51    166   5927   6088   6190   6502   6001   6478   6625   6630   6442   6466  11528   6927   7090   6481   6489   6118   5684   6148   5498  13737  26304      0      0  65535 
     0      0      0      0      0      0      0      0      0      0      0      0      0      0      0      0      0      0      0 
     0      0      0      0      0      0      0      0      0      0      0      0      0      0      0      0      0      0      0 
     0      0      0      0      0      0      0      0      0      0      0      0      0      0      0      0      0      0      0 
0 -1 -1
     0      0      0      0      0      0      0      0      0      0      0      0      0      0      0      0      0      0      0 
  6000   6188   5926   6477   6502   6089   5495   6441   6629   6624   6149   5684   6467   6927   6481   6117  11380   7090   6489 
 17236  13361     51    166   5926   6089   6188   6502   6000   6477   6624   6629   6441   6467  11380   6927   7090   6481   6489   6117   5684   6149   5495  13737  26305      0      0  65535 
     0      0      0      0      0      0      0      0      0      0      0      0      0      0      0      0      0      0      0 
     0      0      0      0      0      0      0      0      0      0      0      0      0      0      0      0      0      0      0 
     0      0      0      0      0      0      0      0      0      0      0      0      0      0      0      0      0      0      0 
0 -1 -1
