     4     13     15     10     16     33     23      7     28     89     41     23     19     42     35     17      0     20      9 
  6960   7969   8204   8675   7867   9260   8867   8152   9298  11803  10456   8730   9536  10417   9352   9268  10773  10061   8492 
 17236  13361     51    161   8204   9260   7969   7867   6960   8675  11803   9298   8152   9536  10773  10417  10061   9352   8492   9268   8730  10456   8867  13673  26303      0      0  65535 
     0      0      0      0      0      0      0      0      0      0      0      0      0      0      0      0      0      0      0 
     0      0      0      0      0      0      0      0      0      0      0      0      0      0      0      0      0      0      0 
     0      0      0      0      0      0      0      0      0      0      0      0      0      0      0      0      0      0      0 
0 -1 -1
     4     14     16     11     17     35     24      7     30     94     44     25     21     45     38     18      0     21      9 
  6973   8008   8248   8708   7891   9310   8923   8182   9342  11924  10520   8777   9584  10475   9407   9321  10724  10118   8528 
 17236  13361     51    161   8248   9310   8008   7891   6973   8708  11924   9342   8182   9584  10724  10475  10118   9407   8528   9321   8777  10520   8923  13673  26303      1      0  65535 
     0      0      0      0      0      0      0      0      0      0      0      0      0      0      0      0      0      0      0 
     0      0      0      0      0      0      0      0      0      0      0      0      0      0      0      0      0      0      0 
     0      0      0      0      0      0      0      0      0      0      0      0      0      0      0      0      0      0      0 
0 -1 -1
     4     15     17     11     17     36     25      8     31     99     46     26     22     47     40     19      0     22     10 
  6990   8042   8289   8738   7911   9347   8980   8211   9375  12040  10584   8825   9630  10533   9459   9374  10721  10169   8564 
 17236  13361     51    161   8289   9347   8042   7911   6990   8738  12040   9375   8211   9630  10721  10533  10169   9459   8564   9374   8825  10584   8980  13673  26304      0      0  65535 
     0      0      0      0      0      0      0      0      0      0      0      0      0      0      0      0      0      0      0 
     0      0      0      0      0      0      0      0      0      0      0      0      0      0      0      0      0      0      0 
     0      0      0      0      0      0      0      0      0      0      0      0      0      0      0      0      0      0      0 
0 -1 -1
     5     15     18     12     18     38     27      8     33    104     48     28     23     50     42     20      0     23     10 
  7008   8082   8336   8775   7935   9395   9036   8241   9420  12163  10648   8874   9678  10593   9515   9427  10693  10226   8587 
 17236  13361     51    161   8336   9395   8082   7935   7008   8775  12163   9420   8241   9678  10693  10593  10226   9515   8587   9427   8874  10648   9036  13675  26304      0      0  65535 
     0      0      0      0      0      0      0      0      0      0      0      0      0      0      0      0      0      0      0 
     0      0      0      0      0      0      0      0      0      0      0      0      0      0      0      0      0      0      0 
     0      0      0      0      0      0      0      0      0      0      0      0      0      0      0      0      0      0      0 
0 -1 -1
     5     16     18     12     18     38     27      8     33    105     48     28     23     50     42     20      0     23     10 
  7008   8092   8342   8780   7939   9401   9038   8245   9424  12189  10652   8874   9686  10599   9518   9435  10645  10234   8591 
 17236  13361     51    161   8342   9401   8092   7939   7008   8780  12189   9424   8245   9686  10645  10599  10234   9518   8591   9435   8874  10652   9038  13675  26304      0      0  65535 
     0      0      0      0      0      0      0      0      0      0      0      0      0      0      0      0      0      0      0 
     0      0      0      0      0      0      0      0      0      0      0      0      0      0      0      0      0      0      0 
     0      0      0      0      0      0      0      0      0      0      0      0      0      0      0      0      0      0      0 
0 -1 -1
     5     16     18     12     18     38     26      8     33    105     48     27     23     50     42     20      0     23     10 
  7006   8086   8335   8774   7928   9394   9029   8240   9415  12178  10639   8865   9676  10588   9508   9428  10614  10224   8583 
 17236  13361     51    161   8335   9394   8086   7928   7006   8774  12178   9415   8240   9676  10614  10588  10224   9508   8583   9428   8865  10639   9029  13675  26304      0      0  65535 
     0      0      0      0      0      0      0      0      0      0      0      0      0      0      0      0      0      0      0 
     0      0      0      0      0      0      0      0      0      0      0      0      0      0      0      0      0      0      0 
     0      0      0      0      0      0      0      0      0      0      0      0      0      0      0      0      0      0      0 
0 -1 -1
     5     15     18     12     18     38     26      8     32    104     48     27     23     49     41     20      0     23     10 
  7000   8081   8328   8767   7925   9387   9020   8234   9408  12163  10627   8854   9668  10578   9498   9418  10596  10214   8575 
 17236  13361     51    161   8328   9387   8081   7925   7000   8767  12163   9408   8234   9668  10596  10578  10214   9498   8575   9418   8854  10627   9020  13675  26303      0      0  65535 
     0      0      0      0      0      0      0      0      0      0      0      0      0      0      0      0      0      0      0 
     0      0      0      0      0      0      0      0      0      0      0      0      0      0      0      0      0      0      0 
     0      0      0      0      0      0      0      0      0      0      0      0      0      0      0      0      0      0      0 
0 -1 -1
     4     15     18     12     18     37     26      8     32    104     47     27     22     49     41     19      0     23     10 
  6997   8075   8319   8761   7920   9375   9007   8228   9399  12146  10617   8845   9660  10566   9487   9408  10587  10205   8570 
 17236  13361     51    161   8319   9375   8075   7920   6997   8761  12146   9399   8228   9660  10587  10566  10205   9487   8570   9408   8845  10617   9007  13674  26303      0      1  65535 
     0      0      0      0      0      0      0      0      0      0      0      0      0      0      0      0      0      0      0 
     0      0      0      0      0      0      0      0      0      0      0      0      0      0      0      0      0      0      0 
     0      0      0      0      0      0      0      0      0      0      0      0      0      0      0      0      0      0      0 
0 -1 -1
     4     15     17     11     18     37     26      8     32    103     47     26     22     48     40     19      0     23     10 
  6993   8069   8313   8756   7916   9369   8998   8225   9393  12134  10605   8836   9651  10556   9477   9400  10573  10196   8564 
 17236  13361     51    161   8313   9369   8069   7916   6993   8756  12134   9393   8225   9651  10573  10556  10196   9477   8564   9400   8836  10605   8998  13676  26303      0      1  65535 
     0      0      0      0      0      0      0      0      0      0      0      0      0      0      0      0      0      0      0 
     0      0      0      0      0      0      0      0      0      0      0      0      0      0      0      0      0      0      0 
     0      0      0      0      0      0      0      0      0      0      0      0      0      0      0      0      0      0      0 
0 -1 -1
     4     15     17     11     17     37     25      8     32    103     46     26     22     48     40     19      0     22     10 
  6991   8063   8307   8750   7913   9361   8989   8219   9387  12120  10594   8826   9644  10546   9469   9393  10569  10186   8558 
 17236  13361     51    161   8307   9361   8063   7913   6991   8750  12120   9387   8219   9644  10569  10546  10186   9469   8558   9393   8826  10594   8989  13676  26303      1      0  65535 
     0      0      0      0      0      0      0      0      0      0      0      0      0      0      0      0      0      0      0 
     0      0      0      0      0      0      0      0      0      0      0      0      0      0      0      0      0      0      0 
     0      0      0      0      0      0      0      0      0      0      0      0      0      0      0      0      0      0      0 
0 -1 -1
     4     15     17     11     17     36     25      8     31    102     46     26     22     48     40     19      0     22      9 
  6988   8059   8300   8744   7910   9355   8983   8215   9379  12109  10583   8816   9637  10538   9462   9386  10558  10179   8551 
 17236  13361     51    161   8300   9355   8059   7910   6988   8744  12109   9379   8215   9637  10558  10538  10179   9462   8551   9386   8816  10583   8983  13676  26303      0      0  65535 
     0      0      0      0      0      0      0      0      0      0      0      0      0      0      0      0      0      0      0 
     0      0      0      0      0      0      0      0      0      0      0      0      0      0      0      0      0      0      0 
     0      0      0      0      0      0      0      0      0      0      0      0      0      0      0      0      0      0      0 
0 -1 -1
     4     15     17     11     17     36     25      8     31    102     46     26     22     47     39     19      0     22      9 
  6985   8054   8293   8740   7906   9347   8972   8210   9375  12098  10572   8808   9630  10530   9452   9378  10559  10169   8546 
 17236  13361     51    161   8293   9347   8054   7906   6985   8740  12098   9375   8210   9630  10559  10530  10169   9452   8546   9378   8808  10572   8972  13678  26303      0      0  65535 
     0      0      0      0      0      0      0      0      0      0      0      0      0      0      0      0      0      0      0 
     0      0      0      0      0      0      0      0      0      0      0      0      0      0      0      0      0      0      0 
     0      0      0      0      0      0      0      0      0      0      0      0      0      0      0      0      0      0      0 
0 -1 -1
     4     15     17     11     17     36     25      8     31    101     45     25     21     47     39     19      0     22      9 
  6981   8046   8285   8732   7900   9336   8958   8205   9366  12076  10555   8794   9621  10515   9442   9363  10549  10158   8538 
 17236  13361     51    161   8285   9336   8046   7900   6981   8732  12076   9366   8205   9621  10549  10515  10158   9442   8538   9363   8794  10555   8958  13679  26303      0      0  65535 
     0      0      0      0      0      0      0      0      0      0      0      0      0      0      0      0      0      0      0 
     0      0      0      0      0      0      0      0      0      0      0      0      0      0      0      0      0      0      0 
     0      0      0      0      0      0      0      0      0      0      0      0      0      0      0      0      0      0      0 
0 -1 -1
     4     14     16     11     16     35     24      7     30     98     43     24     21     45     37     18      0     21      9 
  6971   8025   8254   8714   7886   9308   8916   8187   9342  12012  10510   8756   9595  10479   9401   9327  10519  10125   8510 
 17236  13361     51    161   8254   9308   8025   7886   6971   8714  12012   9342   8187   9595  10519  10479  10125   9401   8510   9327   8756  10510   8916  13678  26303      0      0  65535 
     0      0      0      0      0      0      0      0      0      0      0      0      0      0      0      0      0      0      0 
     0      0      0      0      0      0      0      0      0      0      0      0      0      0      0      0      0      0      0 
     0      0      0      0      0      0      0      0      0      0      0      0      0      0      0      0      0      0      0 
0 -1 -1
     4     14     16     10     16     34     23      7     29     96     42     24     20     44     36     18      0     21      9 
  6963   8009   8233   8700   7874   9286   8896   8176   9325  11969  10486   8736   9578  10460   9372   9309  10516  10105   8496 
 17236  13361     51    161   8233   9286   8009   7874   6963   8700  11969   9325   8176   9578  10516  10460  10105   9372   8496   9309   8736  10486   8896  13679  26303      0      1  65535 
     0      0      0      0      0      0      0      0      0      0      0      0      0      0      0      0      0      0      0 
     0      0      0      0      0      0      0      0      0      0      0      0      0      0      0      0      0      0      0 
     0      0      0      0      0      0      0      0      0      0      0      0      0      0      0      0      0      0      0 
0 -1 -1
     4     14     16     10     16     34     23      7     29     95     42     23     20     44     35     17      0     20      8 
  6958   8001   8225   8694   7869   9278   8886   8170   9318  11951  10474   8728   9571  10449   9356   9301  10505  10098   8490 
 17236  13361     51    161   8225   9278   8001   7869   6958   8694  11951   9318   8170   9571  10505  10449  10098   9356   8490   9301   8728  10474   8886  13680  26303      0      1  65535 
     0      0      0      0      0      0      0      0      0      0      0      0      0      0      0      0      0      0      0 
     0      0      0      0      0      0      0      0      0      0      0      0      0      0      0      0      0      0      0 
     0      0      0      0      0      0      0      0      0      0      0      0      0      0      0      0      0      0      0 
0 -1 -1
     4     13     16     10     16     33     23      7     29     95     42     23     20     43     35     17      0     20      8 
  6957   7997   8222   8689   7868   9272   8880   8168   9311  11941  10466   8723   9564  10442   9350   9294  10498  10091   8485 
 17236  13361     51    161   8222   9272   7997   7868   6957   8689  11941   9311   8168   9564  10498  10442  10091   9350   8485   9294   8723  10466   8880  13681  26303      0      0  65535 
     0      0      0      0      0      0      0      0      0      0      0      0      0      0      0      0      0      0      0 
     0      0      0      0      0      0      0      0      0      0      0      0      0      0      0      0      0      0      0 
     0      0      0      0      0      0      0      0      0      0      0      0      0      0      0      0      0      0      0 
0 -1 -1
     4     13     15     10     15     33     23      7     29     94     41     23     20     43     35     17      0     20      8 
  6954   7995   8216   8685   7864   9266   8873   8163   9308  11932  10459   8717   9560  10436   9343   9289  10482  10085   8481 
 17236  13361     51    161   8216   9266   7995   7864   6954   8685  11932   9308   8163   9560  10482  10436  10085   9343   8481   9289   8717  10459   8873  13680  26303      0      0  65535 
     0      0      0      0      0      0      0      0      0      0      0      0      0      0      0      0      0      0      0 
     0      0      0      0      0      0      0      0      0      0      0      0      0      0      0      0      0      0      0 
     0      0      0      0      0      0      0      0      0      0      0      0      0      0      0      0      0      0      0 
0 -1 -1
     4     13     15     10     15     33     22      7     28     94     41     23     20     43     35     17      0     20      8 
  6953   7988   8208   8679   7861   9258   8862   8160   9301  11914  10447   8707   9552  10425   9333   9279  10490  10077   8475 
 17236  13361     51    161   8208   9258   7988   7861   6953   8679  11914   9301   8160   9552  10490  10425  10077   9333   8475   9279   8707  10447   8862  13681  26303      0      0  65535 
     0      0      0      0      0      0      0      0      0      0      0      0      0      0      0      0      0      0      0 
     0      0      0      0      0      0      0      0      0      0      0      0      0      0      0      0      0      0      0 
     0      0      0      0      0      0      0      0      0      0      0      0      0      0      0      0      0      0      0 
0 -1 -1
     4     13     15     10     15     32     22      7     28     93     40     22     19     42     34     17      0     20      8 
  6947   7979   8196   8670   7855   9246   8848   8150   9289  11888  10429   8693   9539  10410   9320   9265  10478  10063   8465 
 17236  13361     51    161   8196   9246   7979   7855   6947   8670  11888   9289   8150   9539  10478  10410  10063   9320   8465   9265   8693  10429   8848  13682  26303      0      0  65535 
     0      0      0      0      0      0      0      0      0      0      0      0      0      0      0      0      0      0      0 
     0      0      0      0      0      0      0      0      0      0      0      0      0      0      0      0      0      0      0 
     0      0      0      0      0      0      0      0      0      0      0      0      0      0      0      0      0      0      0 
0 -1 -1
     4     13     15     10     15     32     22      7     28     91     40     22     19     41     33     16      0     19      8 
  6941   7970   8182   8660   7846   9232   8830   8142   9277  11860  10410   8679   9526  10393   9303   9252  10465  10048   8455 
 17236  13361     51    161   8182   9232   7970   7846   6941   8660  11860   9277   8142   9526  10465  10393  10048   9303   8455   9252   8679  10410   8830  13682  26303      0      0  65535 
     0      0      0      0      0      0      0      0      0      0      0      0      0      0      0      0      0      0      0 
     0      0      0      0      0      0      0      0      0      0      0      0      0      0      0      0      0      0      0 
     0      0      0      0      0      0      0      0      0      0      0      0      0      0      0      0      0      0      0 
0 -1 -1
     3     13     14     10     14     31     21      6     27     90     39     21     19     41     33     16      0     19      8 
  6933   7955   8166   8646   7836   9213   8809   8131   9260  11818  10385   8659   9508  10372   9284   9232  10462  10028   8442 
 17236  13361     51    161   8166   9213   7955   7836   6933   8646  11818   9260   8131   9508  10462  10372  10028   9284   8442   9232   8659  10385   8809  13682  26303      0      0  65535 
     0      0      0      0      0      0      0      0      0      0      0      0      0      0      0      0      0      0      0 
     0      0      0      0      0      0      0      0      0      0      0      0      0      0      0      0      0      0      0 
     0      0      0      0      0      0      0      0      0      0      0      0      0      0      0      0      0      0      0 
0 -1 -1
     3     12     14      9     14     31     21      6     27     89     38     21     19     40     32     16      0     19      8 
  6931   7950   8159   8638   7832   9203   8801   8124   9253  11801  10377   8652   9498  10362   9276   9223  10440  10018   8434 
 17236  13361     51    161   8159   9203   7950   7832   6931   8638  11801   9253   8124   9498  10440  10362  10018   9276   8434   9223   8652  10377   8801  13682  26303      0      0  65535 
     0      0      0      0      0      0      0      0      0      0      0      0      0      0      0      0      0      0      0 
     0      0      0      0      0      0      0      0      0      0      0      0      0      0      0      0      0      0      0 
     0      0      0      0      0      0      0      0      0      0      0      0      0      0      0      0      0      0      0 
0 -1 -1
     3     12     14      9     14     31     21      6     26     88     38     21     18     40     32     16      0     19      8 
  6928   7947   8156   8636   7829   9200   8798   8121   9248  11792  10373   8649   9494  10356   9270   9221  10448  10014   8433 
 17236  13361     51    161   8156   9200   7947   7829   6928   8636  11792   9248   8121   9494  10448  10356  10014   9270   8433   9221   8649  10373   8798  13682  26303      1      0  65535 
     0      0      0      0      0      0      0      0      0      0      0      0      0      0      0      0      0      0      0 
     0      0      0      0      0      0      0      0      0      0      0      0      0      0      0      0      0      0      0 
     0      0      0      0      0      0      0      0      0      0      0      0      0      0      0      0      0      0      0 
0 -1 -1
     3     12     14      9     14     31     21      6     26     88     38     21     18     40     32     16      0     19      8 
  6927   7946   8154   8635   7829   9198   8795   8121   9247  11789  10367   8646   9492  10354   9270   9217  10468  10013   8432 
 17236  13361     51    161   8154   9198   7946   7829   6927   8635  11789   9247   8121   9492  10468  10354  10013   9270   8432   9217   8646  10367   8795  13682  26304      0      0  65535 
     0      0      0      0      0      0      0      0      0      0      0      0      0      0      0      0      0      0      0 
     0      0      0      0      0      0      0      0      0      0      0      0      0      0      0      0      0      0      0 
     0      0      0      0      0      0      0      0      0      0      0      0      0      0      0      0      0      0      0 
0 -1 -1
     3     12     14      9     14     30     21      6     26     88     38     21     18     40     32     16      0     18      8 
  6928   7942   8148   8631   7826   9194   8789   8117   9242  11781  10362   8640   9488  10348   9263   9213  10452  10008   8428 
 17236  13361     51    161   8148   9194   7942   7826   6928   8631  11781   9242   8117   9488  10452  10348  10008   9263   8428   9213   8640  10362   8789  13682  26304      0      0  65535 
     0      0      0      0      0      0      0      0      0      0      0      0      0      0      0      0      0      0      0 
     0      0      0      0      0      0      0      0      0      0      0      0      0      0      0      0      0      0      0 
     0      0      0      0      0      0      0      0      0      0      0      0      0      0      0      0      0      0      0 
0 -1 -1
     3     12     14      9     14     30     21      6     26     87     37     20     18     39     31     16      0     18      7 
  6923   7936   8142   8626   7822   9185   8778   8113   9234  11763  10349   8631   9481  10337   9253   9203  10444   9997   8420 
 17236  13361     51    161   8142   9185   7936   7822   6923   8626  11763   9234   8113   9481  10444  10337   9997   9253   8420   9203   8631  10349   8778  13683  26304      0      0  65535 
     0      0      0      0      0      0      0      0      0      0      0      0      0      0      0      0      0      0      0 
     0      0      0      0      0      0      0      0      0      0      0      0      0      0      0      0      0      0      0 
     0      0      0      0      0      0      0      0      0      0      0      0      0      0      0      0      0      0      0 
0 -1 -1
     3     12     14      9     14     30     20      6     26     86     37     20     18     39     31     15      0     18      7 
  6920   7929   8132   8618   7817   9176   8767   8106   9227  11741  10337   8621   9470  10325   9241   9192  10441   9987   8412 
 17236  13361     51    161   8132   9176   7929   7817   6920   8618  11741   9227   8106   9470  10441  10325   9987   9241   8412   9192   8621  10337   8767  13683  26304      0      0  65535 
     0      0      0      0      0      0      0      0      0      0      0      0      0      0      0      0      0      0      0 
     0      0      0      0      0      0      0      0      0      0      0      0      0      0      0      0      0      0      0 
     0      0      0      0      0      0      0      0      0      0      0      0      0      0      0      0      0      0      0 
0 -1 -1
     3     12     13      9     13     30     20      6     25     86     36     20     18     38     31     15      0     18      7 
  6915   7922   8125   8613   7814   9169   8757   8101   9218  11724  10326   8613   9463  10316   9233   9182  10433   9979   8408 
 17236  13361     51    161   8125   9169   7922   7814   6915   8613  11724   9218   8101   9463  10433  10316   9979   9233   8408   9182   8613  10326   8757  13683  26303      0      0  65535 
     0      0      0      0      0      0      0      0      0      0      0      0      0      0      0      0      0      0      0 
     0      0      0      0      0      0      0      0      0      0      0      0      0      0      0      0      0      0      0 
     0      0      0      0      0      0      0      0      0      0      0      0      0      0      0      0      0      0      0 
0 -1 -1
     3     12     13      9     13     29     20      6     25     85     36     20     17     38     30     15      0     18      7 
  6913   7916   8119   8606   7808   9160   8751   8096   9213  11710  10317   8607   9455  10308   9226   9177  10432   9971   8401 
 17236  13361     51    161   8119   9160   7916   7808   6913   8606  11710   9213   8096   9455  10432  10308   9971   9226   8401   9177   8607  10317   8751  13682  26304      0      0  65535 
     0      0      0      0      0      0      0      0      0      0      0      0      0      0      0      0      0      0      0 
     0      0      0      0      0      0      0      0      0      0      0      0      0      0      0      0      0      0      0 
     0      0      0      0      0      0      0      0      0      0      0      0      0      0      0      0      0      0      0 
0 -1 -1
