     1      1      1      0      0      1      1      0      1      0      1      2      1      0      0      1      0      0      1 
  6365   6539   6272   6827   6837   6431   5851   6789   6971   6962   6504   6041   6833   7268   6827   6476   9923   7444   6870 
 17236  13361     51    168   6272   6431   6539   6837   6365   6827   6962   6971   6789   6833   9923   7268   7444   6827   6870   6476   6041   6504   5851  13686  26303      0      0  65535 
     0      0      0      0      0      0      0      0      0      0      0      0      0      0      0      0      0      0      0 
     0      0      0      0      0      0      0      0      0      0      0      0      0      0      0      0      0      0      0 
     0      0      0      0      0      0      0      0      0      0      0      0      0      0      0      0      0      0      0 
0 -1 -1
     1      1      1      1      0      2      2      1      1      0      2      2      1      1      1      1      0      1      1 
  6388   6561   6289   6843   6839   6452   5894   6811   6983   6971   6539   6071   6854   7282   6835   6496   9926   7459   6891 
 17236  13361     51    167   6289   6452   6561   6839   6388   6843   6971   6983   6811   6854   9926   7282   7459   6835   6891   6496   6071   6539   5894  13686  26303      0      0  65535 
     0      0      0      0      0      0      0      0      0      0      0      0      0      0      0      0      0      0      0 
     0      0      0      0      0      0      0      0      0      0      0      0      0      0      0      0      0      0      0 
     0      0      0      0      0      0      0      0      0      0      0      0      0      0      0      0      0      0      0 
0 -1 -1
     2      3      3      2      1      5      6      2      3      3      6      5      3      4      2      2      0      2      2 
  6455   6636   6349   6907   6868   6533   6038   6893   7030   7028   6638   6173   6931   7345   6875   6557   9932   7535   6954 
 17236  13361     51    167   6349   6533   6636   6868   6455   6907   7028   7030   6893   6931   9932   7345   7535   6875   6954   6557   6173   6638   6038  13687  26303      0      0  65535 
     0      0      0      0      0      0      0      0      0      0      0      0      0      0      0      0      0      0      0 
     0      0      0      0      0      0      0      0      0      0      0      0      0      0      0      0      0      0      0 
     0      0      0      0      0      0      0      0      0      0      0      0      0      0      0      0      0      0      0 
0 -1 -1
     3      4      3      2      2      6      7      2      4      4      7      6      4      5      3      3      0      3      3 
  6477   6666   6375   6930   6890   6582   6085   6925   7051   7052   6669   6205   6962   7373   6892   6576   9916   7568   6976 
 17236  13361     51    167   6375   6582   6666   6890   6477   6930   7052   7051   6925   6962   9916   7373   7568   6892   6976   6576   6205   6669   6085  13686  26304      0      0  65535 
     0      0      0      0      0      0      0      0      0      0      0      0      0      0      0      0      0      0      0 
     0      0      0      0      0      0      0      0      0      0      0      0      0      0      0      0      0      0      0 
     0      0      0      0      0      0      0      0      0      0      0      0      0      0      0      0      0      0      0 
0 -1 -1
     3      4      4      3      2      8      9      3      4      5      9      8      5      6      4      3      0      4      3 
  6499   6692   6394   6949   6902   6616   6170   6951   7072   7074   6725   6250   6995   7402   6917   6602   9924   7604   7007 
 17236  13361     51    167   6394   6616   6692   6902   6499   6949   7074   7072   6951   6995   9924   7402   7604   6917   7007   6602   6250   6725   6170  13686  26304      0      1  65535 
     0      0      0      0      0      0      0      0      0      0      0      0      0      0      0      0      0      0      0 
     0      0      0      0      0      0      0      0      0      0      0      0      0      0      0      0      0      0      0 
     0      0      0      0      0      0      0      0      0      0      0      0      0      0      0      0      0      0      0 
0 -1 -1
     4      7      6      4      5     13     14      4      8      8     16     11      7     11      8      5      0      7      4 
  6572   6788   6488   7009   6961   6758   6405   7036   7170   7146   6906   6375   7099   7526   7007   6681   9925   7741   7097 
 17236  13361     51    166   6488   6758   6788   6961   6572   7009   7146   7170   7036   7099   9925   7526   7741   7007   7097   6681   6375   6906   6405  13686  26304      1      1  65535 
     0      0      0      0      0      0      0      0      0      0      0      0      0      0      0      0      0      0      0 
     0      0      0      0      0      0      0      0      0      0      0      0      0      0      0      0      0      0      0 
     0      0      0      0      0      0      0      0      0      0      0      0      0      0      0      0      0      0      0 
0 -1 -1
     5      8      8      4      7     18     18      5     11     10     20     14      9     15     11      6      0      9      5 
  6629   6866   6577   7049   7012   6887   6551   7101   7251   7204   7027   6454   7181   7628   7080   6732   9925   7848   7163 
 17236  13361     51    166   6577   6887   6866   7012   6629   7049   7204   7251   7101   7181   9925   7628   7848   7080   7163   6732   6454   7027   6551  13686  26304      0      1  65535 
     0      0      0      0      0      0      0      0      0      0      0      0      0      0      0      0      0      0      0 
     0      0      0      0      0      0      0      0      0      0      0      0      0      0      0      0      0      0      0 
     0      0      0      0      0      0      0      0      0      0      0      0      0      0      0      0      0      0      0 
0 -1 -1
     6     10      9      5      8     22     22      6     14     13     26     17     11     20     14      7      1     12      7 
  6668   6937   6648   7084   7053   6996   6755   7157   7315   7263   7188   6570   7256   7738   7176   6795   9947   7968   7245 
 17236  13361     51    166   6648   6996   6937   7053   6668   7084   7263   7315   7157   7256   9947   7738   7968   7176   7245   6795   6570   7188   6755  13686  26304      0      0  65535 
     0      0      0      0      0      0      0      0      0      0      0      0      0      0      0      0      0      0      0 
     0      0      0      0      0      0      0      0      0      0      0      0      0      0      0      0      0      0      0 
     0      0      0      0      0      0      0      0      0      0      0      0      0      0      0      0      0      0      0 
0 -1 -1
     7     13     12      6     12     30     30      8     18     18     36     23     14     29     22      9      3     16      9 
  6751   7073   6801   7157   7146   7222   7083   7273   7442   7390   7462   6757   7398   7948   7358   6896  10031   8181   7399 
 17236  13361     51    165   6801   7222   7073   7146   6751   7157   7390   7442   7273   7398  10031   7948   8181   7358   7399   6896   6757   7462   7083  13686  26303      0      0  65535 
     0      0      0      0      0      0      0      0      0      0      0      0      0      0      0      0      0      0      0 
     0      0      0      0      0      0      0      0      0      0      0      0      0      0      0      0      0      0      0 
     0      0      0      0      0      0      0      0      0      0      0      0      0      0      0      0      0      0      0 
0 -1 -1
     8     16     15      7     15     36     36      9     22     23     44     27     17     36     27     10      4     20     11 
  6815   7182   6907   7203   7209   7373   7331   7362   7544   7491   7682   6891   7497   8111   7495   6967  10090   8333   7524 
 17236  13361     51    165   6907   7373   7182   7209   6815   7203   7491   7544   7362   7497  10090   8111   8333   7495   7524   6967   6891   7682   7331  13686  26302      0      0  65535 
     0      0      0      0      0      0      0      0      0      0      0      0      0      0      0      0      0      0      0 
     0      0      0      0      0      0      0      0      0      0      0      0      0      0      0      0      0      0      0 
     0      0      0      0      0      0      0      0      0      0      0      0      0      0      0      0      0      0      0 
0 -1 -1
    10     21     19      8     19     47     44     11     29     34     58     33     20     47     37     12      4     25     14 
  6931   7395   7091   7274   7322   7657   7692   7511   7722   7754   8046   7109   7649   8387   7733   7076  10075   8582   7746 
 17236  13361     51    164   7091   7657   7395   7322   6931   7274   7754   7722   7511   7649  10075   8387   8582   7733   7746   7076   7109   8046   7692  13686  26304      0      0  65535 
     0      0      0      0      0      0      0      0      0      0      0      0      0      0      0      0      0      0      0 
     0      0      0      0      0      0      0      0      0      0      0      0      0      0      0      0      0      0      0 
     0      0      0      0      0      0      0      0      0      0      0      0      0      0      0      0      0      0      0 
0 -1 -1
    11     24     21      9     22     53     50     13     33     43     66     37     23     54     43     14      4     29     17 
  7003   7533   7210   7327   7394   7843   7928   7604   7831   7954   8269   7240   7751   8564   7896   7148  10114   8755   7898 
 17236  13361     51    164   7210   7843   7533   7394   7003   7327   7954   7831   7604   7751  10114   8564   8755   7896   7898   7148   7240   8269   7928  13687  26303      0      0  65535 
     0      0      0      0      0      0      0      0      0      0      0      0      0      0      0      0      0      0      0 
     0      0      0      0      0      0      0      0      0      0      0      0      0      0      0      0      0      0      0 
     0      0      0      0      0      0      0      0      0      0      0      0      0      0      0      0      0      0      0 
0 -1 -1
    12     27     24     11     25     61     56     14     38     53     74     41     26     63     50     15      8     33     19 
  7080   7674   7346   7387   7473   8044   8183   7706   7952   8191   8496   7382   7867   8764   8063   7232  10266   8934   8050 
 17236  13361     51    163   7346   8044   7674   7473   7080   7387   8191   7952   7706   7867  10266   8764   8934   8063   8050   7232   7382   8496   8183  13687  26303      0      0  65535 
     0      0      0      0      0      0      0      0      0      0      0      0      0      0      0      0      0      0      0 
     0      0      0      0      0      0      0      0      0      0      0      0      0      0      0      0      0      0      0 
     0      0      0      0      0      0      0      0      0      0      0      0      0      0      0      0      0      0      0 
0 -1 -1
    13     30     27     11     28     67     61     16     41     63     83     45     28     71     56     17     13     36     21 
  7146   7794   7466   7440   7554   8219   8420   7800   8050   8435   8721   7530   7974   8951   8218   7316  10515   9104   8193 
 17236  13361     51    163   7466   8219   7794   7554   7146   7440   8435   8050   7800   7974  10515   8951   9104   8218   8193   7316   7530   8721   8420  13687  26304      0      0  65535 
     0      0      0      0      0      0      0      0      0      0      0      0      0      0      0      0      0      0      0 
     0      0      0      0      0      0      0      0      0      0      0      0      0      0      0      0      0      0      0 
     0      0      0      0      0      0      0      0      0      0      0      0      0      0      0      0      0      0      0 
0 -1 -1
    14     33     30     13     33     76     68     17     47     77     92     50     31     80     64     19     20     41     24 
  7237   7936   7618   7516   7663   8439   8706   7910   8188   8768   8980   7693   8105   9164   8417   7416  10811   9321   8374 
 17236  13361     51    162   7618   8439   7936   7663   7237   7516   8768   8188   7910   8105  10811   9164   9321   8417   8374   7416   7693   8980   8706  13688  26304      1      0  65535 
     0      0      0      0      0      0      0      0      0      0      0      0      0      0      0      0      0      0      0 
     0      0      0      0      0      0      0      0      0      0      0      0      0      0      0      0      0      0      0 
     0      0      0      0      0      0      0      0      0      0      0      0      0      0      0      0      0      0      0 
0 -1 -1
    16     36     32     14     36     83     73     19     51     92    100     54     34     87     71     20     23     45     26 
  7312   8067   7742   7577   7756   8626   8941   8011   8306   9103   9205   7830   8215   9352   8579   7502  10963   9512   8537 
 17236  13361     51    162   7742   8626   8067   7756   7312   7577   9103   8306   8011   8215  10963   9352   9512   8579   8537   7502   7830   9205   8941  13688  26304      0      0  65535 
     0      0      0      0      0      0      0      0      0      0      0      0      0      0      0      0      0      0      0 
     0      0      0      0      0      0      0      0      0      0      0      0      0      0      0      0      0      0      0 
     0      0      0      0      0      0      0      0      0      0      0      0      0      0      0      0      0      0      0 
0 -1 -1
    17     39     35     15     40     89     79     20     55    106    109     58     37     96     77     22     23     49     29 
  7394   8204   7880   7641   7853   8799   9172   8103   8423   9433   9426   7968   8325   9549   8741   7603  10962   9701   8705 
 17236  13361     51    162   7880   8799   8204   7853   7394   7641   9433   8423   8103   8325  10962   9549   9701   8741   8705   7603   7968   9426   9172  13688  26303      0      1  65535 
     0      0      0      0      0      0      0      0      0      0      0      0      0      0      0      0      0      0      0 
     0      0      0      0      0      0      0      0      0      0      0      0      0      0      0      0      0      0      0 
     0      0      0      0      0      0      0      0      0      0      0      0      0      0      0      0      0      0      0 
0 -1 -1
    18     42     38     16     44     95     83     21     60    120    115     62     39    103     84     24     22     53     31 
  7478   8350   8024   7709   7944   8968   9373   8192   8537   9765   9612   8098   8444   9731   8920   7696  10893   9876   8857 
 17236  13361     51    161   8024   8968   8350   7944   7478   7709   9765   8537   8192   8444  10893   9731   9876   8920   8857   7696   8098   9612   9373  13683  26303      0      0  65535 
     0      0      0      0      0      0      0      0      0      0      0      0      0      0      0      0      0      0      0 
     0      0      0      0      0      0      0      0      0      0      0      0      0      0      0      0      0      0      0 
     0      0      0      0      0      0      0      0      0      0      0      0      0      0      0      0      0      0      0 
0 -1 -1
    19     45     41     17     46    100     87     22     63    130    121     65     42    109     90     26     21     56     33 
  7544   8455   8126   7762   8015   9102   9534   8259   8625  10003   9760   8210   8535   9866   9065   7769  10869  10004   8983 
 17236  13361     51    161   8126   9102   8455   8015   7544   7762  10003   8625   8259   8535  10869   9866  10004   9065   8983   7769   8210   9760   9534  13680  26304      0      0  65535 
     0      0      0      0      0      0      0      0      0      0      0      0      0      0      0      0      0      0      0 
     0      0      0      0      0      0      0      0      0      0      0      0      0      0      0      0      0      0      0 
     0      0      0      0      0      0      0      0      0      0      0      0      0      0      0      0      0      0      0 
0 -1 -1
    20     47     42     18     49    104     89     23     66    139    125     68     43    113     94     27     19     58     35 
  7592   8538   8211   7802   8071   9210   9629   8319   8695  10198   9880   8291   8606   9969   9175   7829  10759  10101   9074 
 17236  13361     51    161   8211   9210   8538   8071   7592   7802  10198   8695   8319   8606  10759   9969  10101   9175   9074   7829   8291   9880   9629  13680  26303      0      0  65535 
     0      0      0      0      0      0      0      0      0      0      0      0      0      0      0      0      0      0      0 
     0      0      0      0      0      0      0      0      0      0      0      0      0      0      0      0      0      0      0 
     0      0      0      0      0      0      0      0      0      0      0      0      0      0      0      0      0      0      0 
0 -1 -1
    21     50     45     19     52    110     94     25     70    153    133     72     46    121    102     29     18     62     37 
  7673   8673   8338   7870   8165   9375   9843   8425   8815  10534  10092   8429   8730  10149   9363   7934  10718  10295   9245 
 17236  13361     51    160   8338   9375   8673   8165   7673   7870  10534   8815   8425   8730  10718  10149  10295   9363   9245   7934   8429  10092   9843  13680  26303      0      0  65535 
     0      0      0      0      0      0      0      0      0      0      0      0      0      0      0      0      0      0      0 
     0      0      0      0      0      0      0      0      0      0      0      0      0      0      0      0      0      0      0 
     0      0      0      0      0      0      0      0      0      0      0      0      0      0      0      0      0      0      0 
0 -1 -1
    22     52     47     20     55    115     97     26     73    163    138     74     48    126    107     30     16     65     39 
  7728   8768   8437   7912   8230   9492   9978   8494   8892  10763  10225   8513   8812  10265   9486   8003  10629  10423   9344 
 17236  13361     51    160   8437   9492   8768   8230   7728   7912  10763   8892   8494   8812  10629  10265  10423   9486   9344   8003   8513  10225   9978  13681  26303      0      0  65535 
     0      0      0      0      0      0      0      0      0      0      0      0      0      0      0      0      0      0      0 
     0      0      0      0      0      0      0      0      0      0      0      0      0      0      0      0      0      0      0 
     0      0      0      0      0      0      0      0      0      0      0      0      0      0      0      0      0      0      0 
0 -1 -1
    23     55     50     21     58    120    101     27     77    175    144     77     50    131    112     32     14     68     41 
  7804   8883   8560   7961   8310   9629  10139   8576   8992  11040  10392   8613   8912  10407   9620   8085  10553  10585   9474 
 17236  13361     51    160   8560   9629   8883   8310   7804   7961  11040   8992   8576   8912  10553  10407  10585   9620   9474   8085   8613  10392  10139  13682  26303      0      0  65535 
     0      0      0      0      0      0      0      0      0      0      0      0      0      0      0      0      0      0      0 
     0      0      0      0      0      0      0      0      0      0      0      0      0      0      0      0      0      0      0 
     0      0      0      0      0      0      0      0      0      0      0      0      0      0      0      0      0      0      0 
0 -1 -1
    24     56     51     21     60    122    103     28     79    181    147     79     52    135    116     32     13     70     42 
  7840   8936   8620   7990   8349   9697  10228   8615   9041  11177  10480   8670   8961  10481   9703   8129  10519  10666   9547 
 17236  13361     51    160   8620   9697   8936   8349   7840   7990  11177   9041   8615   8961  10519  10481  10666   9703   9547   8129   8670  10480  10228  13681  26304      0      0  65535 
     0      0      0      0      0      0      0      0      0      0      0      0      0      0      0      0      0      0      0 
     0      0      0      0      0      0      0      0      0      0      0      0      0      0      0      0      0      0      0 
     0      0      0      0      0      0      0      0      0      0      0      0      0      0      0      0      0      0      0 
0 -1 -1
    25     58     53     22     62    126    106     29     82    189    152     81     53    139    120     34     13     73     44 
  7896   9016   8704   8029   8408   9801  10350   8675   9114  11370  10605   8756   9032  10587   9821   8192  10499  10777   9652 
 17236  13361     51    159   8704   9801   9016   8408   7896   8029  11370   9114   8675   9032  10499  10587  10777   9821   9652   8192   8756  10605  10350  13681  26303      0      0  65535 
     0      0      0      0      0      0      0      0      0      0      0      0      0      0      0      0      0      0      0 
     0      0      0      0      0      0      0      0      0      0      0      0      0      0      0      0      0      0      0 
     0      0      0      0      0      0      0      0      0      0      0      0      0      0      0      0      0      0      0 
0 -1 -1
    26     60     55     23     65    130    109     30     85    198    157     84     55    144    125     35     12     75     45 
  7960   9111   8799   8073   8473   9904  10484   8746   9196  11587  10746   8850   9111  10707   9949   8264  10471  10895   9768 
 17236  13361     51    159   8799   9904   9111   8473   7960   8073  11587   9196   8746   9111  10471  10707  10895   9949   9768   8264   8850  10746  10484  13682  26303      0      0  65535 
     0      0      0      0      0      0      0      0      0      0      0      0      0      0      0      0      0      0      0 
     0      0      0      0      0      0      0      0      0      0      0      0      0      0      0      0      0      0      0 
     0      0      0      0      0      0      0      0      0      0      0      0      0      0      0      0      0      0      0 
0 -1 -1
    27     62     57     24     67    134    112     31     88    208    162     87     57    149    130     36     12     78     47 
  8024   9206   8890   8117   8538  10004  10613   8816   9274  11808  10885   8943   9191  10824  10072   8337  10465  11020   9883 
 17236  13361     51    159   8890  10004   9206   8538   8024   8117  11808   9274   8816   9191  10465  10824  11020  10072   9883   8337   8943  10885  10613  13681  26303      0      0  65535 
     0      0      0      0      0      0      0      0      0      0      0      0      0      0      0      0      0      0      0 
     0      0      0      0      0      0      0      0      0      0      0      0      0      0      0      0      0      0      0 
     0      0      0      0      0      0      0      0      0      0      0      0      0      0      0      0      0      0      0 
0 -1 -1
    28     65     59     25     70    139    116     32     91    219    169     90     60    155    136     38     12     81     49 
  8106   9324   9002   8174   8617  10148  10781   8906   9371  12082  11060   9056   9294  10965  10223   8428  10461  11178  10020 
 17236  13361     51    159   9002  10148   9324   8617   8106   8174  12082   9371   8906   9294  10461  10965  11178  10223  10020   8428   9056  11060  10781  13681  26304      0      1  65535 
     0      0      0      0      0      0      0      0      0      0      0      0      0      0      0      0      0      0      0 
     0      0      0      0      0      0      0      0      0      0      0      0      0      0      0      0      0      0      0 
     0      0      0      0      0      0      0      0      0      0      0      0      0      0      0      0      0      0      0 
0 -1 -1
    29     67     61     25     71    143    118     33     94    227    172     92     61    158    140     39     12     83     50 
  8154   9397   9074   8209   8646  10242  10873   8959   9429  12252  11156   9118   9355  11046  10310   8477  10448  11270  10092 
 17236  13361     51    158   9074  10242   9397   8646   8154   8209  12252   9429   8959   9355  10448  11046  11270  10310  10092   8477   9118  11156  10873  13680  26304      0      0  65535 
     0      0      0      0      0      0      0      0      0      0      0      0      0      0      0      0      0      0      0 
     0      0      0      0      0      0      0      0      0      0      0      0      0      0      0      0      0      0      0 
     0      0      0      0      0      0      0      0      0      0      0      0      0      0      0      0      0      0      0 
0 -1 -1
    29     68     62     26     73    145    119     33     95    232    174     93     62    160    142     40     12     84     51 
  8185   9446   9122   8230   8682  10299  10925   8993   9464  12364  11212   9154   9393  11100  10365   8505  10439  11322  10139 
 17236  13361     51    159   9122  10299   9446   8682   8185   8230  12364   9464   8993   9393  10439  11100  11322  10365  10139   8505   9154  11212  10925  13680  26303      0      0  65535 
     0      0      0      0      0      0      0      0      0      0      0      0      0      0      0      0      0      0      0 
     0      0      0      0      0      0      0      0      0      0      0      0      0      0      0      0      0      0      0 
     0      0      0      0      0      0      0      0      0      0      0      0      0      0      0      0      0      0      0 
0 -1 -1
    29     67     62     26     73    144    119     33     94    231    173     92     62    160    141     39     11     84     51 
  8174   9436   9112   8223   8678  10288  10903   8981   9453  12346  11183   9131   9383  11081  10342   8493  10405  11302  10121 
 17236  13361     51    158   9112  10288   9436   8678   8174   8223  12346   9453   8981   9383  10405  11081  11302  10342  10121   8493   9131  11183  10903  13680  26302      0      1  65535 
     0      0      0      0      0      0      0      0      0      0      0      0      0      0      0      0      0      0      0 
     0      0      0      0      0      0      0      0      0      0      0      0      0      0      0      0      0      0      0 
     0      0      0      0      0      0      0      0      0      0      0      0      0      0      0      0      0      0      0 
0 -1 -1
    29     67     61     25     72    143    117     33     93    228    171     91     61    158    139     39     11     83     50 
  8157   9411   9087   8209   8660  10254  10847   8954   9427  12289  11120   9088   9356  11041  10294   8464  10405  11256  10076 
 17236  13361     51    158   9087  10254   9411   8660   8157   8209  12289   9427   8954   9356  10405  11041  11256  10294  10076   8464   9088  11120  10847  13683  26302      0      1  65535 
     0      0      0      0      0      0      0      0      0      0      0      0      0      0      0      0      0      0      0 
     0      0      0      0      0      0      0      0      0      0      0      0      0      0      0      0      0      0      0 
     0      0      0      0      0      0      0      0      0      0      0      0      0      0      0      0      0      0      0 
0 -1 -1
    26     61     56     23     64    132    106     29     84    200    151     81     55    141    121     34      8     73     44 
  7949   9142   8837   8058   8468   9940  10353   8703   9182  11626  10583   8730   9083  10634   9831   8194  10281  10808   9686 
 17236  13361     51    159   8837   9940   9142   8468   7949   8058  11626   9182   8703   9083  10281  10634  10808   9831   9686   8194   8730  10583  10353  13685  26303      0      0  65535 
     0      0      0      0      0      0      0      0      0      0      0      0      0      0      0      0      0      0      0 
     0      0      0      0      0      0      0      0      0      0      0      0      0      0      0      0      0      0      0 
     0      0      0      0      0      0      0      0      0      0      0      0      0      0      0      0      0      0      0 
0 -1 -1
    19     48     44     18     49    107     87     22     66    146    120     63     43    111     90     25      5     57     34 
  7555   8588   8293   7778   8090   9282   9528   8259   8709  10363   9726   8136   8593   9925   9074   7763  10150  10042   9022 
 17236  13361     51    160   8293   9282   8588   8090   7555   7778  10363   8709   8259   8593  10150   9925  10042   9074   9022   7763   8136   9726   9528  13685  26304      0      0  65535 
     0      0      0      0      0      0      0      0      0      0      0      0      0      0      0      0      0      0      0 
     0      0      0      0      0      0      0      0      0      0      0      0      0      0      0      0      0      0      0 
     0      0      0      0      0      0      0      0      0      0      0      0      0      0      0      0      0      0      0 
0 -1 -1
    14     35     32     13     35     81     66     16     48     91     88     46     31     81     61     18      3     40     24 
  7199   8032   7738   7511   7723   8596   8648   7841   8230   9091   8871   7556   8115   9196   8351   7360  10045   9279   8355 
 17236  13361     51    162   7738   8596   8032   7723   7199   7511   9091   8230   7841   8115  10045   9196   9279   8351   8355   7360   7556   8871   8648  13685  26304      0      1  65535 
     0      0      0      0      0      0      0      0      0      0      0      0      0      0      0      0      0      0      0 
     0      0      0      0      0      0      0      0      0      0      0      0      0      0      0      0      0      0      0 
     0      0      0      0      0      0      0      0      0      0      0      0      0      0      0      0      0      0      0 
0 -1 -1
     9     22     20      8     21     53     43     10     30     40     55     29     20     48     35     11      1     24     14 
  6877   7454   7157   7250   7360   7827   7659   7443   7746   7900   7980   6973   7631   8407   7677   6995   9959   8523   7702 
 17236  13361     51    163   7157   7827   7454   7360   6877   7250   7900   7746   7443   7631   9959   8407   8523   7677   7702   6995   6973   7980   7659  13684  26303      0      0  65535 
     0      0      0      0      0      0      0      0      0      0      0      0      0      0      0      0      0      0      0 
     0      0      0      0      0      0      0      0      0      0      0      0      0      0      0      0      0      0      0 
     0      0      0      0      0      0      0      0      0      0      0      0      0      0      0      0      0      0      0 
0 -1 -1
     6     12     11      5     12     30     25      6     17     16     31     17     12     25     17      6      1     13      7 
  6662   7036   6753   7078   7131   7221   6881   7172   7402   7324   7322   6582   7294   7862   7242   6766   9955   8017   7291 
 17236  13361     51    165   6753   7221   7036   7131   6662   7078   7324   7402   7172   7294   9955   7862   8017   7242   7291   6766   6582   7322   6881  13684  26303      0      1  65535 
     0      0      0      0      0      0      0      0      0      0      0      0      0      0      0      0      0      0      0 
     0      0      0      0      0      0      0      0      0      0      0      0      0      0      0      0      0      0      0 
     0      0      0      0      0      0      0      0      0      0      0      0      0      0      0      0      0      0      0 
0 -1 -1
     4      7      7      3      6     16     14      4      9      8     16     11      7     13      8      4      0      7      4 
  6534   6801   6535   6983   7001   6850   6376   7015   7201   7145   6913   6354   7093   7570   7027   6641   9921   7740   7079 
 17236  13361     51    166   6535   6850   6801   7001   6534   6983   7145   7201   7015   7093   9921   7570   7740   7027   7079   6641   6354   6913   6376  13684  26303      0      0  65535 
     0      0      0      0      0      0      0      0      0      0      0      0      0      0      0      0      0      0      0 
     0      0      0      0      0      0      0      0      0      0      0      0      0      0      0      0      0      0      0 
     0      0      0      0      0      0      0      0      0      0      0      0      0      0      0      0      0      0      0 
0 -1 -1
     2      4      4      2      4      9      9      3      6      5     10      8      5      8      5      3      0      4      3 
  6468   6685   6421   6929   6932   6661   6157   6934   7105   7072   6740   6254   6994   7442   6940   6583   9917   7625   6993 
 17236  13361     51    167   6421   6661   6685   6932   6468   6929   7072   7105   6934   6994   9917   7442   7625   6940   6993   6583   6254   6740   6157  13684  26304      0      0  65535 
     0      0      0      0      0      0      0      0      0      0      0      0      0      0      0      0      0      0      0 
     0      0      0      0      0      0      0      0      0      0      0      0      0      0      0      0      0      0      0 
     0      0      0      0      0      0      0      0      0      0      0      0      0      0      0      0      0      0      0 
0 -1 -1
     2      3      3      2      2      7      6      2      4      3      7      6      4      5      3      2      0      3      2 
  6433   6639   6374   6900   6900   6586   6053   6890   7062   7039   6663   6196   6943   7387   6899   6553   9904   7568   6950 
 17236  13361     51    167   6374   6586   6639   6900   6433   6900   7039   7062   6890   6943   9904   7387   7568   6899   6950   6553   6196   6663   6053  13684  26304      0      0  65535 
     0      0      0      0      0      0      0      0      0      0      0      0      0      0      0      0      0      0      0 
     0      0      0      0      0      0      0      0      0      0      0      0      0      0      0      0      0      0      0 
     0      0      0      0      0      0      0      0      0      0      0      0      0      0      0      0      0      0      0 
0 -1 -1
     1      2      2      1      1      3      3      1      2      2      4      4      2      3      2      1      0      1      1 
  6389   6582   6316   6863   6865   6499   5929   6834   7011   6999   6570   6117   6882   7321   6853   6504   9887   7499   6896 
 17236  13361     51    167   6316   6499   6582   6865   6389   6863   6999   7011   6834   6882   9887   7321   7499   6853   6896   6504   6117   6570   5929  13684  26304      0      0  65535 
     0      0      0      0      0      0      0      0      0      0      0      0      0      0      0      0      0      0      0 
     0      0      0      0      0      0      0      0      0      0      0      0      0      0      0      0      0      0      0 
     0      0      0      0      0      0      0      0      0      0      0      0      0      0      0      0      0      0      0 
0 -1 -1
     1      1      1      0      0      1      2      0      1      0      1      2      1      1      0      1      0      0      1 
  6353   6543   6276   6827   6837   6445   5856   6788   6978   6972   6511   6056   6830   7281   6823   6468   9893   7451   6858 
 17236  13361     51    167   6276   6445   6543   6837   6353   6827   6972   6978   6788   6830   9893   7281   7451   6823   6858   6468   6056   6511   5856  13684  26304      0      0  65535 
     0      0      0      0      0      0      0      0      0      0      0      0      0      0      0      0      0      0      0 
     0      0      0      0      0      0      0      0      0      0      0      0      0      0      0      0      0      0      0 
     0      0      0      0      0      0      0      0      0      0      0      0      0      0      0      0      0      0      0 
0 -1 -1
     0      0      0      0      0      0      1      0      0      0      0      1      0      0      0      0      0      0      0 
  6324   6513   6241   6805   6824   6412   5811   6759   6956   6955   6480   6008   6801   7259   6808   6445   9880   7426   6828 
 17236  13361     51    167   6241   6412   6513   6824   6324   6805   6955   6956   6759   6801   9880   7259   7426   6808   6828   6445   6008   6480   5811  13684  26303      0      0  65535 
     0      0      0      0      0      0      0      0      0      0      0      0      0      0      0      0      0      0      0 
     0      0      0      0      0      0      0      0      0      0      0      0      0      0      0      0      0      0      0 
     0      0      0      0      0      0      0      0      0      0      0      0      0      0      0      0      0      0      0 
0 -1 -1
     0      0      0      0      0      0      0      0      0      0      0      0      0      0      0      0      0      0      0 
  6307   6498   6223   6793   6823   6400   5794   6750   6947   6950   6466   5988   6787   7251   6802   6432   9876   7419   6813 
 17236  13361     51    167   6223   6400   6498   6823   6307   6793   6950   6947   6750   6787   9876   7251   7419   6802   6813   6432   5988   6466   5794  13685  26303      0      0  65535 
     0      0      0      0      0      0      0      0      0      0      0      0      0      0      0      0      0      0      0 
     0      0      0      0      0      0      0      0      0      0      0      0      0      0      0      0      0      0      0 
     0      0      0      0      0      0      0      0      0      0      0      0      0      0      0      0      0      0      0 
0 -1 -1
     0      0      0      0      0      0      0      0      0      0      0      0      0      0      0      0      0      0      0 
  6297   6490   6213   6788   6822   6396   5788   6744   6941   6948   6461   5981   6783   7246   6802   6427   9874   7416   6806 
 17236  13361     51    167   6213   6396   6490   6822   6297   6788   6948   6941   6744   6783   9874   7246   7416   6802   6806   6427   5981   6461   5788  13685  26303      1      0  65535 
     0      0      0      0      0      0      0      0      0      0      0      0      0      0      0      0      0      0      0 
     0      0      0      0      0      0      0      0      0      0      0      0      0      0      0      0      0      0      0 
     0      0      0      0      0      0      0      0      0      0      0      0      0      0      0      0      0      0      0 
0 -1 -1
