     0      0      0      0      0      0      0      0      0      0      0      0      0      0      0      0      0      0      0 
  6242   6437   6161   6731   6770   6343   5732   6691   6888   6894   6412   5930   6726   7194   6748   6377   9861   7365   6749 
 17236  13361     51    167   6161   6343   6437   6770   6242   6731   6894   6888   6691   6726   9861   7194   7365   6748   6749   6377   5930   6412   5732  13681  26303      0      0  65535 
     0      0      0      0      0      0      0      0      0      0      0      0      0      0      0      0      0      0      0 
     0      0      0      0      0      0      0      0      0      0      0      0      0      0      0      0      0      0      0 
     0      0      0      0      0      0      0      0      0      0      0      0      0      0      0      0      0      0      0 
0 -1 -1
     0      0      0      0      0      0      0      0      0      0      0      0      0      0      0      0      0      0      0 
  6241   6435   6157   6731   6768   6343   5730   6690   6888   6894   6411   5931   6726   7193   6746   6375   9864   7363   6749 
 17236  13361     51    167   6157   6343   6435   6768   6241   6731   6894   6888   6690   6726   9864   7193   7363   6746   6749   6375   5931   6411   5730  13681  26303      0      0  65535 
     0      0      0      0      0      0      0      0      0      0      0      0      0      0      0      0      0      0      0 
     0      0      0      0      0      0      0      0      0      0      0      0      0      0      0      0      0      0      0 
     0      0      0      0      0      0      0      0      0      0      0      0      0      0      0      0      0      0      0 
0 -1 -1
     0      0      0      0      0      0      0      0      0      0      0      0      0      0      0      0      0      0      0 
  6241   6434   6157   6730   6768   6345   5728   6689   6887   6892   6408   5929   6722   7192   6745   6374   9863   7364   6748 
 17236  13361     51    167   6157   6345   6434   6768   6241   6730   6892   6887   6689   6722   9863   7192   7364   6745   6748   6374   5929   6408   5728  13681  26305      0      0  65535 
     0      0      0      0      0      0      0      0      0      0      0      0      0      0      0      0      0      0      0 
     0      0      0      0      0      0      0      0      0      0      0      0      0      0      0      0      0      0      0 
     0      0      0      0      0      0      0      0      0      0      0      0      0      0      0      0      0      0      0 
0 -1 -1
     0      0      0      0      0      0      0      0      0      0      0      0      0      0      0      0      0      0      0 
  6240   6433   6158   6729   6766   6341   5727   6687   6886   6892   6410   5927   6724   7191   6746   6375   9859   7363   6749 
 17236  13361     51    167   6158   6341   6433   6766   6240   6729   6892   6886   6687   6724   9859   7191   7363   6746   6749   6375   5927   6410   5727  13681  26304      0      0  65535 
     0      0      0      0      0      0      0      0      0      0      0      0      0      0      0      0      0      0      0 
     0      0      0      0      0      0      0      0      0      0      0      0      0      0      0      0      0      0      0 
     0      0      0      0      0      0      0      0      0      0      0      0      0      0      0      0      0      0      0 
0 -1 -1
     0      0      0      0      0      0      0      0      0      0      0      0      0      0      0      0      0      0      0 
  6240   6433   6158   6728   6767   6341   5728   6688   6887   6891   6407   5929   6723   7191   6744   6376   9864   7362   6746 
 17236  13361     51    167   6158   6341   6433   6767   6240   6728   6891   6887   6688   6723   9864   7191   7362   6744   6746   6376   5929   6407   5728  13681  26304      0      0  65535 
     0      0      0      0      0      0      0      0      0      0      0      0      0      0      0      0      0      0      0 
     0      0      0      0      0      0      0      0      0      0      0      0      0      0      0      0      0      0      0 
     0      0      0      0      0      0      0      0      0      0      0      0      0      0      0      0      0      0      0 
0 -1 -1
     0      0      0      0      0      0      0      0      0      0      0      0      0      0      0      0      0      0      0 
  6238   6434   6156   6728   6767   6341   5726   6689   6886   6890   6407   5927   6723   7190   6746   6375   9870   7362   6748 
 17236  13361     51    167   6156   6341   6434   6767   6238   6728   6890   6886   6689   6723   9870   7190   7362   6746   6748   6375   5927   6407   5726  13681  26304      0      0  65535 
     0      0      0      0      0      0      0      0      0      0      0      0      0      0      0      0      0      0      0 
     0      0      0      0      0      0      0      0      0      0      0      0      0      0      0      0      0      0      0 
     0      0      0      0      0      0      0      0      0      0      0      0      0      0      0      0      0      0      0 
0 -1 -1
     0      0      0      0      0      0      0      0      0      0      0      0      0      0      0      0      0      0      0 
  6240   6433   6157   6727   6766   6340   5728   6687   6885   6890   6405   5927   6723   7190   6745   6374   9860   7360   6745 
 17236  13361     51    167   6157   6340   6433   6766   6240   6727   6890   6885   6687   6723   9860   7190   7360   6745   6745   6374   5927   6405   5728  13681  26303      0      0  65535 
     0      0      0      0      0      0      0      0      0      0      0      0      0      0      0      0      0      0      0 
     0      0      0      0      0      0      0      0      0      0      0      0      0      0      0      0      0      0      0 
     0      0      0      0      0      0      0      0      0      0      0      0      0      0      0      0      0      0      0 
0 -1 -1
     0      0      0      0      0      0      0      0      0      0      0      0      0      0      0      0      0      0      0 
  6239   6433   6156   6727   6766   6341   5727   6686   6883   6889   6406   5927   6722   7190   6744   6373   9866   7360   6746 
 17236  13361     51    167   6156   6341   6433   6766   6239   6727   6889   6883   6686   6722   9866   7190   7360   6744   6746   6373   5927   6406   5727  13682  26304      1      0  65535 
     0      0      0      0      0      0      0      0      0      0      0      0      0      0      0      0      0      0      0 
     0      0      0      0      0      0      0      0      0      0      0      0      0      0      0      0      0      0      0 
     0      0      0      0      0      0      0      0      0      0      0      0      0      0      0      0      0      0      0 
0 -1 -1
     0      0      0      0      0      0      0      0      0      0      0      0      0      0      0      0      0      0      0 
  6239   6433   6156   6727   6766   6339   5727   6686   6884   6887   6403   5926   6722   7188   6743   6372   9859   7359   6745 
 17236  13361     51    167   6156   6339   6433   6766   6239   6727   6887   6884   6686   6722   9859   7188   7359   6743   6745   6372   5926   6403   5727  13683  26304      0      0  65535 
     0      0      0      0      0      0      0      0      0      0      0      0      0      0      0      0      0      0      0 
     0      0      0      0      0      0      0      0      0      0      0      0      0      0      0      0      0      0      0 
     0      0      0      0      0      0      0      0      0      0      0      0      0      0      0      0      0      0      0 
0 -1 -1
     0      0      0      0      0      0      0      0      0      0      0      0      0      0      0      0      0      0      0 
  6237   6434   6155   6727   6765   6340   5726   6686   6884   6889   6405   5924   6721   7189   6743   6372   9861   7359   6744 
 17236  13361     51    167   6155   6340   6434   6765   6237   6727   6889   6884   6686   6721   9861   7189   7359   6743   6744   6372   5924   6405   5726  13681  26304      0      0  65535 
     0      0      0      0      0      0      0      0      0      0      0      0      0      0      0      0      0      0      0 
     0      0      0      0      0      0      0      0      0      0      0      0      0      0      0      0      0      0      0 
     0      0      0      0      0      0      0      0      0      0      0      0      0      0      0      0      0      0      0 
0 -1 -1
     0      0      0      0      0      0      0      0      0      0      0      0      0      0      0      0      0      0      0 
  6237   6432   6154   6726   6764   6340   5726   6686   6883   6888   6402   5925   6721   7187   6743   6372   9856   7359   6744 
 17236  13361     51    167   6154   6340   6432   6764   6237   6726   6888   6883   6686   6721   9856   7187   7359   6743   6744   6372   5925   6402   5726  13681  26303      0      0  65535 
     0      0      0      0      0      0      0      0      0      0      0      0      0      0      0      0      0      0      0 
     0      0      0      0      0      0      0      0      0      0      0      0      0      0      0      0      0      0      0 
     0      0      0      0      0      0      0      0      0      0      0      0      0      0      0      0      0      0      0 
0 -1 -1
     0      0      0      0      0      0      0      0      0      0      0      0      0      0      0      0      0      0      0 
  6236   6430   6152   6725   6764   6338   5726   6684   6882   6887   6403   5926   6719   7187   6742   6372   9865   7357   6743 
 17236  13361     51    167   6152   6338   6430   6764   6236   6725   6887   6882   6684   6719   9865   7187   7357   6742   6743   6372   5926   6403   5726  13682  26304      1      1  65535 
     0      0      0      0      0      0      0      0      0      0      0      0      0      0      0      0      0      0      0 
     0      0      0      0      0      0      0      0      0      0      0      0      0      0      0      0      0      0      0 
     0      0      0      0      0      0      0      0      0      0      0      0      0      0      0      0      0      0      0 
0 -1 -1
