     6     17     23     19     23     58     41     10     50     92     79     44     33     72     45     25     12     27     13 
  6674   7258   7365   7913   7361   7989   7667   7498   8265   9102   8716   7584   8266   8954   7963   7820  10446   8694   7702 
 17236  13361     51    163   7365   7989   7258   7361   6674   7913   9102   8265   7498   8266  10446   8954   8694   7963   7702   7820   7584   8716   7667  13685  26303      0      0  65535 
     0      0      0      0      0      0      0      0      0      0      0      0      0      0      0      0      0      0      0 
     0      0      0      0      0      0      0      0      0      0      0      0      0      0      0      0      0      0      0 
     0      0      0      0      0      0      0      0      0      0      0      0      0      0      0      0      0      0      0 
0 -1 -1
     6     18     24     20     24     60     42     10     52     99     82     45     34     74     47     26     15     28     13 
  6686   7287   7410   7954   7386   8057   7729   7522   8322   9249   8794   7630   8320   9020   8014   7877  10566   8754   7739 
 17236  13361     51    163   7410   8057   7287   7386   6686   7954   9249   8322   7522   8320  10566   9020   8754   8014   7739   7877   7630   8794   7729  13685  26303      0      1  65535 
     0      0      0      0      0      0      0      0      0      0      0      0      0      0      0      0      0      0      0 
     0      0      0      0      0      0      0      0      0      0      0      0      0      0      0      0      0      0      0 
     0      0      0      0      0      0      0      0      0      0      0      0      0      0      0      0      0      0      0 
0 -1 -1
     6     18     25     21     25     63     44     11     54    105     85     47     36     78     50     27     17     30     14 
  6703   7323   7456   7998   7414   8124   7815   7548   8384   9408   8890   7691   8381   9095   8075   7940  10640   8819   7784 
 17236  13361     51    163   7456   8124   7323   7414   6703   7998   9408   8384   7548   8381  10640   9095   8819   8075   7784   7940   7691   8890   7815  13685  26303      0      0  65535 
     0      0      0      0      0      0      0      0      0      0      0      0      0      0      0      0      0      0      0 
     0      0      0      0      0      0      0      0      0      0      0      0      0      0      0      0      0      0      0 
     0      0      0      0      0      0      0      0      0      0      0      0      0      0      0      0      0      0      0 
0 -1 -1
     7     20     27     22     27     68     48     12     58    118     92     50     39     83     55     30     19     32     15 
  6736   7397   7555   8083   7469   8249   7981   7607   8495   9694   9076   7817   8499   9230   8197   8066  10761   8950   7870 
 17236  13361     51    163   7555   8249   7397   7469   6736   8083   9694   8495   7607   8499  10761   9230   8950   8197   7870   8066   7817   9076   7981  13685  26304      0      0  65535 
     0      0      0      0      0      0      0      0      0      0      0      0      0      0      0      0      0      0      0 
     0      0      0      0      0      0      0      0      0      0      0      0      0      0      0      0      0      0      0 
     0      0      0      0      0      0      0      0      0      0      0      0      0      0      0      0      0      0      0 
0 -1 -1
     7     22     30     24     29     74     52     13     63    133     99     54     42     90     60     32     19     36     17 
  6776   7496   7682   8185   7532   8415   8141   7673   8627  10053   9264   7943   8636   9395   8324   8196  10763   9095   7961 
 17236  13361     51    163   7682   8415   7496   7532   6776   8185  10053   8627   7673   8636  10763   9395   9095   8324   7961   8196   7943   9264   8141  13686  26304      0      0  65535 
     0      0      0      0      0      0      0      0      0      0      0      0      0      0      0      0      0      0      0 
     0      0      0      0      0      0      0      0      0      0      0      0      0      0      0      0      0      0      0 
     0      0      0      0      0      0      0      0      0      0      0      0      0      0      0      0      0      0      0 
0 -1 -1
     8     25     33     26     32     80     56     14     69    149    107     59     46     98     65     36     21     39     18 
  6820   7592   7807   8292   7599   8581   8337   7744   8764  10429   9487   8097   8790   9585   8461   8361  10836   9262   8076 
 17236  13361     51    162   7807   8581   7592   7599   6820   8292  10429   8764   7744   8790  10836   9585   9262   8461   8076   8361   8097   9487   8337  13685  26304      0      0  65535 
     0      0      0      0      0      0      0      0      0      0      0      0      0      0      0      0      0      0      0 
     0      0      0      0      0      0      0      0      0      0      0      0      0      0      0      0      0      0      0 
     0      0      0      0      0      0      0      0      0      0      0      0      0      0      0      0      0      0      0 
0 -1 -1
     9     27     35     28     35     86     61     15     74    166    114     63     49    106     71     39     21     43     20 
  6866   7686   7944   8406   7667   8753   8523   7823   8902  10819   9689   8238   8939   9776   8594   8526  10854   9435   8188 
 17236  13361     51    162   7944   8753   7686   7667   6866   8406  10819   8902   7823   8939  10854   9776   9435   8594   8188   8526   8238   9689   8523  13685  26304      0      0  65535 
     0      0      0      0      0      0      0      0      0      0      0      0      0      0      0      0      0      0      0 
     0      0      0      0      0      0      0      0      0      0      0      0      0      0      0      0      0      0      0 
     0      0      0      0      0      0      0      0      0      0      0      0      0      0      0      0      0      0      0 
0 -1 -1
    10     29     39     30     37     93     66     16     80    184    123     68     53    115     77     42     22     47     22 
  6919   7795   8093   8529   7732   8930   8726   7911   9056  11242   9925   8404   9097   9982   8763   8715  10898   9616   8308 
 17236  13361     51    162   8093   8930   7795   7732   6919   8529  11242   9056   7911   9097  10898   9982   9616   8763   8308   8715   8404   9925   8726  13685  26304      1      0  65535 
     0      0      0      0      0      0      0      0      0      0      0      0      0      0      0      0      0      0      0 
     0      0      0      0      0      0      0      0      0      0      0      0      0      0      0      0      0      0      0 
     0      0      0      0      0      0      0      0      0      0      0      0      0      0      0      0      0      0      0 
0 -1 -1
    10     32     43     33     41    102     72     18     87    207    134     74     58    125     86     47     21     52     24 
  6980   7896   8285   8682   7830   9169   8991   8036   9258  11789  10227   8624   9302  10238   8977   8947  10846   9849   8452 
 17236  13361     51    161   8285   9169   7896   7830   6980   8682  11789   9258   8036   9302  10846  10238   9849   8977   8452   8947   8624  10227   8991  13685  26304      0      0  65535 
     0      0      0      0      0      0      0      0      0      0      0      0      0      0      0      0      0      0      0 
     0      0      0      0      0      0      0      0      0      0      0      0      0      0      0      0      0      0      0 
     0      0      0      0      0      0      0      0      0      0      0      0      0      0      0      0      0      0      0 
0 -1 -1
    12     35     47     35     45    110     78     20     95    230    145     80     63    136     95     51     19     57     27 
  7049   8033   8469   8821   7929   9400   9247   8163   9449  12316  10512   8837   9499  10487   9197   9183  10746  10084   8611 
 17236  13361     51    161   8469   9400   8033   7929   7049   8821  12316   9449   8163   9499  10746  10487  10084   9197   8611   9183   8837  10512   9247  13686  26304      0      0  65535 
     0      0      0      0      0      0      0      0      0      0      0      0      0      0      0      0      0      0      0 
     0      0      0      0      0      0      0      0      0      0      0      0      0      0      0      0      0      0      0 
     0      0      0      0      0      0      0      0      0      0      0      0      0      0      0      0      0      0      0 
0 -1 -1
    13     38     50     37     49    118     83     22    101    252    155     87     67    146    103     56     17     62     29 
  7113   8180   8648   8933   8030   9605   9496   8294   9629  12822  10788   9048   9691  10724   9412   9412  10649  10318   8766 
 17236  13361     51    160   8648   9605   8180   8030   7113   8933  12822   9629   8294   9691  10649  10724  10318   9412   8766   9412   9048  10788   9496  13686  26303      0      0  65535 
     0      0      0      0      0      0      0      0      0      0      0      0      0      0      0      0      0      0      0 
     0      0      0      0      0      0      0      0      0      0      0      0      0      0      0      0      0      0      0 
     0      0      0      0      0      0      0      0      0      0      0      0      0      0      0      0      0      0      0 
0 -1 -1
    14     43     56     41     55    128     91     24    111    255    168     95     73    159    115     61     16     69     32 
  7198   8384   8892   9116   8171   9878   9822   8465   9871  13526  11145   9328   9950  11039   9700   9698  10623  10631   8964 
 17236  13361     51    160   8892   9878   8384   8171   7198   9116  13526   9871   8465   9950  10623  11039  10631   9700   8964   9698   9328  11145   9822  13683  26303      0      0  65535 
     0      0      0      0      0      0      0      0      0      0      0      0      0      0      0      0      0      0      0 
     0      0      0      0      0      0      0      0      0      0      0      0      0      0      0      0      0      0      0 
     0      0      0      0      0      0      0      0      0      0      0      0      0      0      0      0      0      0      0 
0 -1 -1
    15     46     60     43     59    136     96     26    117    255    177    100     78    168    123     65     16     74     34 
  7261   8540   9088   9248   8293  10088  10041   8598  10052  14060  11392   9518  10149  11265   9895   9903  10614  10856   9100 
 17236  13361     51    159   9088  10088   8540   8293   7261   9248  14060  10052   8598  10149  10614  11265  10856   9895   9100   9903   9518  11392  10041  13677  26303      0      0  65535 
     0      0      0      0      0      0      0      0      0      0      0      0      0      0      0      0      0      0      0 
     0      0      0      0      0      0      0      0      0      0      0      0      0      0      0      0      0      0      0 
     0      0      0      0      0      0      0      0      0      0      0      0      0      0      0      0      0      0      0 
0 -1 -1
    15     48     61     44     61    139     97     27    120    255    179    102     80    171    125     66     16     75     35 
  7290   8599   9159   9285   8338  10165  10100   8642  10109  14257  11456   9571  10211  11334   9962   9963  10613  10927   9150 
 17236  13361     51    159   9159  10165   8599   8338   7290   9285  14257  10109   8642  10211  10613  11334  10927   9962   9150   9963   9571  11456  10100  13677  26303      0      0  65535 
     0      0      0      0      0      0      0      0      0      0      0      0      0      0      0      0      0      0      0 
     0      0      0      0      0      0      0      0      0      0      0      0      0      0      0      0      0      0      0 
     0      0      0      0      0      0      0      0      0      0      0      0      0      0      0      0      0      0      0 
0 -1 -1
    15     48     62     44     62    139     98     27    120    255    180    102     80    171    126     67     16     76     35 
  7295   8615   9170   9285   8346  10176  10114   8649  10119  14290  11466   9579  10218  11340   9969   9973  10590  10935   9159 
 17236  13361     51    159   9170  10176   8615   8346   7295   9285  14290  10119   8649  10218  10590  11340  10935   9969   9159   9973   9579  11466  10114  13676  26303      0      0  65535 
     0      0      0      0      0      0      0      0      0      0      0      0      0      0      0      0      0      0      0 
     0      0      0      0      0      0      0      0      0      0      0      0      0      0      0      0      0      0      0 
     0      0      0      0      0      0      0      0      0      0      0      0      0      0      0      0      0      0      0 
0 -1 -1
    15     48     62     44     62    140     98     27    120    255    180    102     80    172    126     66     16     76     35 
  7301   8626   9178   9290   8352  10181  10124   8653  10128  14323  11474   9584  10226  11347   9976   9969  10608  10943   9167 
 17236  13361     51    159   9178  10181   8626   8352   7301   9290  14323  10128   8653  10226  10608  11347  10943   9976   9167   9969   9584  11474  10124  13678  26302      0      0  65535 
     0      0      0      0      0      0      0      0      0      0      0      0      0      0      0      0      0      0      0 
     0      0      0      0      0      0      0      0      0      0      0      0      0      0      0      0      0      0      0 
     0      0      0      0      0      0      0      0      0      0      0      0      0      0      0      0      0      0      0 
0 -1 -1
    15     48     62     44     62    139     98     27    120    255    179    102     80    171    125     66     16     75     35 
  7296   8620   9167   9281   8349  10168  10108   8648  10119  14305  11450   9568  10217  11334   9963   9950  10597  10931   9160 
 17236  13361     51    159   9167  10168   8620   8349   7296   9281  14305  10119   8648  10217  10597  11334  10931   9963   9160   9950   9568  11450  10108  13679  26302      1      0  65535 
     0      0      0      0      0      0      0      0      0      0      0      0      0      0      0      0      0      0      0 
     0      0      0      0      0      0      0      0      0      0      0      0      0      0      0      0      0      0      0 
     0      0      0      0      0      0      0      0      0      0      0      0      0      0      0      0      0      0      0 
0 -1 -1
    15     48     61     43     61    138     97     27    119    255    178    101     79    170    125     66     16     75     35 
  7290   8611   9150   9268   8341  10152  10087   8638  10106  14281  11430   9548  10203  11318   9951   9936  10597  10915   9149 
 17236  13361     51    159   9150  10152   8611   8341   7290   9268  14281  10106   8638  10203  10597  11318  10915   9951   9149   9936   9548  11430  10087  13679  26302      0      0  65535 
     0      0      0      0      0      0      0      0      0      0      0      0      0      0      0      0      0      0      0 
     0      0      0      0      0      0      0      0      0      0      0      0      0      0      0      0      0      0      0 
     0      0      0      0      0      0      0      0      0      0      0      0      0      0      0      0      0      0      0 
0 -1 -1
    15     48     61     43     61    138     97     27    119    255    178    101     79    170    124     66     16     75     35 
  7286   8603   9134   9257   8336  10136  10072   8630  10093  14256  11410   9527  10188  11300   9937   9925  10597  10901   9140 
 17236  13361     51    159   9134  10136   8603   8336   7286   9257  14256  10093   8630  10188  10597  11300  10901   9937   9140   9925   9527  11410  10072  13677  26303      0      1  65535 
     0      0      0      0      0      0      0      0      0      0      0      0      0      0      0      0      0      0      0 
     0      0      0      0      0      0      0      0      0      0      0      0      0      0      0      0      0      0      0 
     0      0      0      0      0      0      0      0      0      0      0      0      0      0      0      0      0      0      0 
0 -1 -1
    15     48     61     43     61    137     96     27    119    255    177    100     79    169    124     65     15     74     35 
  7282   8596   9123   9247   8327  10121  10059   8621  10083  14237  11395   9514  10178  11288   9926   9912  10585  10880   9130 
 17236  13361     51    159   9123  10121   8596   8327   7282   9247  14237  10083   8621  10178  10585  11288  10880   9926   9130   9912   9514  11395  10059  13677  26303      0      0  65535 
     0      0      0      0      0      0      0      0      0      0      0      0      0      0      0      0      0      0      0 
     0      0      0      0      0      0      0      0      0      0      0      0      0      0      0      0      0      0      0 
     0      0      0      0      0      0      0      0      0      0      0      0      0      0      0      0      0      0      0 
0 -1 -1
    15     47     60     43     61    136     96     27    118    255    177    100     78    169    124     65     15     74     35 
  7278   8588   9111   9241   8322  10099  10044   8615  10072  14215  11379   9501  10168  11275   9917   9903  10566  10865   9122 
 17236  13361     51    159   9111  10099   8588   8322   7278   9241  14215  10072   8615  10168  10566  11275  10865   9917   9122   9903   9501  11379  10044  13677  26303      0      0  65535 
     0      0      0      0      0      0      0      0      0      0      0      0      0      0      0      0      0      0      0 
     0      0      0      0      0      0      0      0      0      0      0      0      0      0      0      0      0      0      0 
     0      0      0      0      0      0      0      0      0      0      0      0      0      0      0      0      0      0      0 
0 -1 -1
    15     47     60     43     60    136     96     27    118    255    176    100     78    168    123     65     15     74     34 
  7275   8581   9103   9230   8317  10081  10034   8608  10064  14197  11365   9490  10159  11263   9906   9893  10573  10853   9115 
 17236  13361     51    159   9103  10081   8581   8317   7275   9230  14197  10064   8608  10159  10573  11263  10853   9906   9115   9893   9490  11365  10034  13675  26303      0      0  65535 
     0      0      0      0      0      0      0      0      0      0      0      0      0      0      0      0      0      0      0 
     0      0      0      0      0      0      0      0      0      0      0      0      0      0      0      0      0      0      0 
     0      0      0      0      0      0      0      0      0      0      0      0      0      0      0      0      0      0      0 
0 -1 -1
    15     47     60     43     60    135     96     26    117    255    175     99     78    168    123     65     15     73     34 
  7269   8576   9092   9222   8311  10069  10021   8602  10053  14178  11350   9476  10148  11251   9895   9883  10568  10842   9108 
 17236  13361     51    159   9092  10069   8576   8311   7269   9222  14178  10053   8602  10148  10568  11251  10842   9895   9108   9883   9476  11350  10021  13677  26303      0      0  65535 
     0      0      0      0      0      0      0      0      0      0      0      0      0      0      0      0      0      0      0 
     0      0      0      0      0      0      0      0      0      0      0      0      0      0      0      0      0      0      0 
     0      0      0      0      0      0      0      0      0      0      0      0      0      0      0      0      0      0      0 
0 -1 -1
    15     47     60     43     60    135     95     26    117    255    175     99     78    167    122     65     15     73     34 
  7266   8568   9082   9217   8305  10058  10007   8597  10046  14160  11337   9464  10137  11239   9885   9873  10569  10832   9100 
 17236  13361     51    159   9082  10058   8568   8305   7266   9217  14160  10046   8597  10137  10569  11239  10832   9885   9100   9873   9464  11337  10007  13677  26304      0      0  65535 
     0      0      0      0      0      0      0      0      0      0      0      0      0      0      0      0      0      0      0 
     0      0      0      0      0      0      0      0      0      0      0      0      0      0      0      0      0      0      0 
     0      0      0      0      0      0      0      0      0      0      0      0      0      0      0      0      0      0      0 
0 -1 -1
    15     47     60     42     60    135     95     26    117    255    175     99     78    167    122     64     15     73     34 
  7263   8563   9076   9209   8301  10051   9998   8590  10038  14146  11326   9451  10132  11231   9879   9866  10558  10823   9094 
 17236  13361     51    159   9076  10051   8563   8301   7263   9209  14146  10038   8590  10132  10558  11231  10823   9879   9094   9866   9451  11326   9998  13676  26304      0      0  65535 
     0      0      0      0      0      0      0      0      0      0      0      0      0      0      0      0      0      0      0 
     0      0      0      0      0      0      0      0      0      0      0      0      0      0      0      0      0      0      0 
     0      0      0      0      0      0      0      0      0      0      0      0      0      0      0      0      0      0      0 
0 -1 -1
    15     47     59     42     60    134     95     26    117    255    174     98     77    166    122     64     15     73     34 
  7260   8558   9066   9204   8297  10041   9989   8585  10032  14126  11315   9442  10126  11222   9871   9859  10547  10815   9089 
 17236  13361     51    159   9066  10041   8558   8297   7260   9204  14126  10032   8585  10126  10547  11222  10815   9871   9089   9859   9442  11315   9989  13677  26303      0      0  65535 
     0      0      0      0      0      0      0      0      0      0      0      0      0      0      0      0      0      0      0 
     0      0      0      0      0      0      0      0      0      0      0      0      0      0      0      0      0      0      0 
     0      0      0      0      0      0      0      0      0      0      0      0      0      0      0      0      0      0      0 
0 -1 -1
    15     47     59     42     59    134     95     26    116    255    174     98     77    166    122     64     15     73     34 
  7258   8554   9063   9198   8291  10034   9981   8582  10027  14115  11307   9435  10118  11214   9865   9854  10548  10810   9084 
 17236  13361     51    159   9063  10034   8554   8291   7258   9198  14115  10027   8582  10118  10548  11214  10810   9865   9084   9854   9435  11307   9981  13681  26303      0      0  65535 
     0      0      0      0      0      0      0      0      0      0      0      0      0      0      0      0      0      0      0 
     0      0      0      0      0      0      0      0      0      0      0      0      0      0      0      0      0      0      0 
     0      0      0      0      0      0      0      0      0      0      0      0      0      0      0      0      0      0      0 
0 -1 -1
    15     47     59     42     59    134     94     26    116    255    173     98     77    166    121     64     15     73     34 
  7252   8550   9055   9194   8288  10024   9974   8577  10020  14101  11294   9425  10111  11205   9858   9847  10547  10799   9078 
 17236  13361     51    159   9055  10024   8550   8288   7252   9194  14101  10020   8577  10111  10547  11205  10799   9858   9078   9847   9425  11294   9974  13681  26302      0      0  65535 
     0      0      0      0      0      0      0      0      0      0      0      0      0      0      0      0      0      0      0 
     0      0      0      0      0      0      0      0      0      0      0      0      0      0      0      0      0      0      0 
     0      0      0      0      0      0      0      0      0      0      0      0      0      0      0      0      0      0      0 
0 -1 -1
    15     47     59     42     59    133     94     26    116    255    173     98     77    165    121     64     15     72     34 
  7251   8546   9049   9188   8285  10013   9966   8572  10015  14089  11286   9420  10105  11198   9853   9840  10555  10793   9074 
 17236  13361     51    159   9049  10013   8546   8285   7251   9188  14089  10015   8572  10105  10555  11198  10793   9853   9074   9840   9420  11286   9966  13681  26302      0      1  65535 
     0      0      0      0      0      0      0      0      0      0      0      0      0      0      0      0      0      0      0 
     0      0      0      0      0      0      0      0      0      0      0      0      0      0      0      0      0      0      0 
     0      0      0      0      0      0      0      0      0      0      0      0      0      0      0      0      0      0      0 
0 -1 -1
    15     46     59     42     59    133     94     26    116    255    173     97     77    165    121     64     15     72     34 
  7250   8541   9044   9182   8282  10009   9959   8569  10009  14080  11279   9414  10100  11192   9846   9834  10542  10788   9068 
 17236  13361     51    159   9044  10009   8541   8282   7250   9182  14080  10009   8569  10100  10542  11192  10788   9846   9068   9834   9414  11279   9959  13681  26303      0      0  65535 
     0      0      0      0      0      0      0      0      0      0      0      0      0      0      0      0      0      0      0 
     0      0      0      0      0      0      0      0      0      0      0      0      0      0      0      0      0      0      0 
     0      0      0      0      0      0      0      0      0      0      0      0      0      0      0      0      0      0      0 
0 -1 -1
    15     46     59     42     59    133     94     26    116    255    173     97     77    165    121     64     14     72     34 
  7247   8537   9039   9177   8277  10000   9952   8563  10005  14069  11272   9407  10094  11185   9841   9829  10537  10780   9065 
 17236  13361     51    159   9039  10000   8537   8277   7247   9177  14069  10005   8563  10094  10537  11185  10780   9841   9065   9829   9407  11272   9952  13681  26303      0      0  65535 
     0      0      0      0      0      0      0      0      0      0      0      0      0      0      0      0      0      0      0 
     0      0      0      0      0      0      0      0      0      0      0      0      0      0      0      0      0      0      0 
     0      0      0      0      0      0      0      0      0      0      0      0      0      0      0      0      0      0      0 
0 -1 -1
    15     46     59     42     59    133     94     26    115    255    172     97     77    165    120     64     14     72     34 
  7246   8536   9034   9173   8277   9998   9947   8560  10001  14063  11265   9401  10090  11180   9837   9825  10532  10776   9062 
 17236  13361     51    159   9034   9998   8536   8277   7246   9173  14063  10001   8560  10090  10532  11180  10776   9837   9062   9825   9401  11265   9947  13681  26303      0      0  65535 
     0      0      0      0      0      0      0      0      0      0      0      0      0      0      0      0      0      0      0 
     0      0      0      0      0      0      0      0      0      0      0      0      0      0      0      0      0      0      0 
     0      0      0      0      0      0      0      0      0      0      0      0      0      0      0      0      0      0      0 
0 -1 -1
    15     46     59     42     59    133     94     26    115    255    172     97     77    164    120     64     14     72     34 
  7244   8535   9033   9171   8276   9993   9945   8557   9997  14058  11262   9397  10085  11174   9832   9821  10539  10771   9059 
 17236  13361     51    159   9033   9993   8535   8276   7244   9171  14058   9997   8557  10085  10539  11174  10771   9832   9059   9821   9397  11262   9945  13681  26302      0      0  65535 
     0      0      0      0      0      0      0      0      0      0      0      0      0      0      0      0      0      0      0 
     0      0      0      0      0      0      0      0      0      0      0      0      0      0      0      0      0      0      0 
     0      0      0      0      0      0      0      0      0      0      0      0      0      0      0      0      0      0      0 
0 -1 -1
    15     46     59     42     59    132     94     26    115    255    172     97     76    164    120     64     15     72     34 
  7243   8532   9029   9169   8272   9989   9938   8555   9993  14052  11255   9392  10082  11169   9831   9818  10543  10769   9057 
 17236  13361     51    159   9029   9989   8532   8272   7243   9169  14052   9993   8555  10082  10543  11169  10769   9831   9057   9818   9392  11255   9938  13681  26302      0      0  65535 
     0      0      0      0      0      0      0      0      0      0      0      0      0      0      0      0      0      0      0 
     0      0      0      0      0      0      0      0      0      0      0      0      0      0      0      0      0      0      0 
     0      0      0      0      0      0      0      0      0      0      0      0      0      0      0      0      0      0      0 
0 -1 -1
    15     46     59     42     59    132     94     26    115    255    172     97     76    164    120     64     14     72     34 
  7242   8530   9026   9165   8271   9986   9936   8554   9990  14049  11254   9388  10079  11166   9827   9817  10526  10767   9055 
 17236  13361     51    159   9026   9986   8530   8271   7242   9165  14049   9990   8554  10079  10526  11166  10767   9827   9055   9817   9388  11254   9936  13681  26303      0      0  65535 
     0      0      0      0      0      0      0      0      0      0      0      0      0      0      0      0      0      0      0 
     0      0      0      0      0      0      0      0      0      0      0      0      0      0      0      0      0      0      0 
     0      0      0      0      0      0      0      0      0      0      0      0      0      0      0      0      0      0      0 
0 -1 -1
    15     46     58     42     58    132     93     26    115    255    172     97     76    164    120     63     15     72     33 
  7241   8527   9023   9162   8269   9983   9931   8551   9988  14043  11249   9385  10075  11161   9822   9812  10543  10762   9052 
 17236  13361     51    159   9023   9983   8527   8269   7241   9162  14043   9988   8551  10075  10543  11161  10762   9822   9052   9812   9385  11249   9931  13681  26304      0      0  65535 
     0      0      0      0      0      0      0      0      0      0      0      0      0      0      0      0      0      0      0 
     0      0      0      0      0      0      0      0      0      0      0      0      0      0      0      0      0      0      0 
     0      0      0      0      0      0      0      0      0      0      0      0      0      0      0      0      0      0      0 
0 -1 -1
    15     46     58     42     58    132     93     26    115    255    172     96     76    164    120     63     14     72     33 
  7240   8525   9021   9159   8267   9979   9928   8550   9983  14037  11242   9382  10072  11156   9820   9809  10526  10758   9050 
 17236  13361     51    159   9021   9979   8525   8267   7240   9159  14037   9983   8550  10072  10526  11156  10758   9820   9050   9809   9382  11242   9928  13681  26303      0      0  65535 
     0      0      0      0      0      0      0      0      0      0      0      0      0      0      0      0      0      0      0 
     0      0      0      0      0      0      0      0      0      0      0      0      0      0      0      0      0      0      0 
     0      0      0      0      0      0      0      0      0      0      0      0      0      0      0      0      0      0      0 
0 -1 -1
    15     46     58     41     58    132     93     26    115    255    171     96     76    164    120     63     14     72     33 
  7239   8524   9017   9156   8265   9975   9924   8546   9981  14032  11237   9379  10067  11153   9817   9806  10538  10754   9046 
 17236  13361     51    159   9017   9975   8524   8265   7239   9156  14032   9981   8546  10067  10538  11153  10754   9817   9046   9806   9379  11237   9924  13681  26302      1      0  65535 
     0      0      0      0      0      0      0      0      0      0      0      0      0      0      0      0      0      0      0 
     0      0      0      0      0      0      0      0      0      0      0      0      0      0      0      0      0      0      0 
     0      0      0      0      0      0      0      0      0      0      0      0      0      0      0      0      0      0      0 
0 -1 -1
    14     46     58     41     58    132     93     26    115    255    171     96     76    163    119     63     14     71     33 
  7236   8521   9014   9153   8264   9972   9919   8543   9976  14023  11232   9372  10065  11150   9814   9802  10530  10750   9043 
 17236  13361     51    159   9014   9972   8521   8264   7236   9153  14023   9976   8543  10065  10530  11150  10750   9814   9043   9802   9372  11232   9919  13681  26302      0      0  65535 
     0      0      0      0      0      0      0      0      0      0      0      0      0      0      0      0      0      0      0 
     0      0      0      0      0      0      0      0      0      0      0      0      0      0      0      0      0      0      0 
     0      0      0      0      0      0      0      0      0      0      0      0      0      0      0      0      0      0      0 
0 -1 -1
    14     46     58     41     58    132     93     26    114    255    171     96     76    163    119     63     14     71     33 
  7233   8517   9010   9150   8263   9968   9914   8541   9974  14020  11228   9370  10061  11145   9810   9798  10535  10747   9041 
 17236  13361     51    159   9010   9968   8517   8263   7233   9150  14020   9974   8541  10061  10535  11145  10747   9810   9041   9798   9370  11228   9914  13681  26303      0      0  65535 
     0      0      0      0      0      0      0      0      0      0      0      0      0      0      0      0      0      0      0 
     0      0      0      0      0      0      0      0      0      0      0      0      0      0      0      0      0      0      0 
     0      0      0      0      0      0      0      0      0      0      0      0      0      0      0      0      0      0      0 
0 -1 -1
    14     46     58     41     58    131     93     26    114    255    171     96     76    163    119     63     14     71     33 
  7234   8516   9007   9149   8261   9965   9911   8538   9970  14017  11225   9367  10059  11142   9807   9795  10526  10744   9039 
 17236  13361     51    159   9007   9965   8516   8261   7234   9149  14017   9970   8538  10059  10526  11142  10744   9807   9039   9795   9367  11225   9911  13681  26303      0      1  65535 
     0      0      0      0      0      0      0      0      0      0      0      0      0      0      0      0      0      0      0 
     0      0      0      0      0      0      0      0      0      0      0      0      0      0      0      0      0      0      0 
     0      0      0      0      0      0      0      0      0      0      0      0      0      0      0      0      0      0      0 
0 -1 -1
    14     46     58     41     58    131     93     25    114    255    171     96     76    163    119     63     14     71     33 
  7233   8516   9007   9145   8261   9963   9911   8536   9970  14015  11223   9366  10055  11140   9805   9794  10537  10742   9037 
 17236  13361     51    159   9007   9963   8516   8261   7233   9145  14015   9970   8536  10055  10537  11140  10742   9805   9037   9794   9366  11223   9911  13675  26303      0      1  65535 
     0      0      0      0      0      0      0      0      0      0      0      0      0      0      0      0      0      0      0 
     0      0      0      0      0      0      0      0      0      0      0      0      0      0      0      0      0      0      0 
     0      0      0      0      0      0      0      0      0      0      0      0      0      0      0      0      0      0      0 
0 -1 -1
    14     46     58     41     58    131     93     25    114    255    171     96     76    163    119     63     14     71     33 
  7231   8514   9004   9142   8258   9961   9905   8535   9966  14008  11218   9361  10052  11133   9803   9791  10537  10739   9034 
 17236  13361     51    159   9004   9961   8514   8258   7231   9142  14008   9966   8535  10052  10537  11133  10739   9803   9034   9791   9361  11218   9905  13675  26303      0      1  65535 
     0      0      0      0      0      0      0      0      0      0      0      0      0      0      0      0      0      0      0 
     0      0      0      0      0      0      0      0      0      0      0      0      0      0      0      0      0      0      0 
     0      0      0      0      0      0      0      0      0      0      0      0      0      0      0      0      0      0      0 
0 -1 -1
    14     46     58     41     58    131     92     25    114    255    170     95     76    162    119     63     14     71     33 
  7227   8506   8994   9138   8252   9951   9888   8532   9960  13988  11201   9347  10046  11126   9793   9780  10520  10728   9026 
 17236  13361     51    159   8994   9951   8506   8252   7227   9138  13988   9960   8532  10046  10520  11126  10728   9793   9026   9780   9347  11201   9888  13674  26302      0      0  65535 
     0      0      0      0      0      0      0      0      0      0      0      0      0      0      0      0      0      0      0 
     0      0      0      0      0      0      0      0      0      0      0      0      0      0      0      0      0      0      0 
     0      0      0      0      0      0      0      0      0      0      0      0      0      0      0      0      0      0      0 
0 -1 -1
    13     42     54     38     53    124     84     23    106    255    156     87     71    151    108     57     12     65     30 
  7133   8344   8797   8985   8132   9757   9531   8380   9758  13449  10823   9056   9833  10840   9520   9500  10440  10451   8804 
 17236  13361     51    160   8797   9757   8344   8132   7133   8985  13449   9758   8380   9833  10440  10840  10451   9520   8804   9500   9056  10823   9531  13674  26303      0      0  65535 
     0      0      0      0      0      0      0      0      0      0      0      0      0      0      0      0      0      0      0 
     0      0      0      0      0      0      0      0      0      0      0      0      0      0      0      0      0      0      0 
     0      0      0      0      0      0      0      0      0      0      0      0      0      0      0      0      0      0      0 
0 -1 -1
    10     33     43     32     42    105     69     18     88    224    131     71     59    125     86     47      9     53     23 
  6929   7942   8287   8609   7850   9250   8882   8048   9288  12187  10129   8519   9344  10240   8982   8971  10307   9889   8397 
 17236  13361     51    161   8287   9250   7942   7850   6929   8609  12187   9288   8048   9344  10307  10240   9889   8982   8397   8971   8519  10129   8882  13678  26302      0      1  65535 
     0      0      0      0      0      0      0      0      0      0      0      0      0      0      0      0      0      0      0 
     0      0      0      0      0      0      0      0      0      0      0      0      0      0      0      0      0      0      0 
     0      0      0      0      0      0      0      0      0      0      0      0      0      0      0      0      0      0      0 
0 -1 -1
     6     22     30     23     29     81     50     13     66    157     98     51     44     93     60     34      7     38     16 
  6720   7492   7693   8152   7535   8603   8048   7674   8702  10619   9233   7852   8735   9472   8328   8299  10182   9193   7925 
 17236  13361     51    162   7693   8603   7492   7535   6720   8152  10619   8702   7674   8735  10182   9472   9193   8328   7925   8299   7852   9233   8048  13678  26302      0      0  65535 
     0      0      0      0      0      0      0      0      0      0      0      0      0      0      0      0      0      0      0 
     0      0      0      0      0      0      0      0      0      0      0      0      0      0      0      0      0      0      0 
     0      0      0      0      0      0      0      0      0      0      0      0      0      0      0      0      0      0      0 
0 -1 -1
     4     13     18     15     18     54     33      8     44     90     68     35     30     62     38     23      3     24     10 
  6554   7096   7122   7707   7254   7893   7340   7359   8119   9052   8434   7278   8133   8733   7766   7689  10038   8552   7525 
 17236  13361     51    164   7122   7893   7096   7254   6554   7707   9052   8119   7359   8133  10038   8733   8552   7766   7525   7689   7278   8434   7340  13678  26303      0      0  65535 
     0      0      0      0      0      0      0      0      0      0      0      0      0      0      0      0      0      0      0 
     0      0      0      0      0      0      0      0      0      0      0      0      0      0      0      0      0      0      0 
     0      0      0      0      0      0      0      0      0      0      0      0      0      0      0      0      0      0      0 
0 -1 -1
     3      9     12     11     13     39     23      5     31     53     50     25     21     44     25     16      3     16      7 
  6475   6905   6842   7457   7115   7478   6901   7195   7778   8183   7925   6938   7777   8292   7461   7324  10021   8189   7307 
 17236  13361     51    165   6842   7478   6905   7115   6475   7457   8183   7778   7195   7777  10021   8292   8189   7461   7307   7324   6938   7925   6901  13678  26303      0      0  65535 
     0      0      0      0      0      0      0      0      0      0      0      0      0      0      0      0      0      0      0 
     0      0      0      0      0      0      0      0      0      0      0      0      0      0      0      0      0      0      0 
     0      0      0      0      0      0      0      0      0      0      0      0      0      0      0      0      0      0      0 
0 -1 -1
     2      6      9      8     10     29     17      4     24     32     38     19     16     33     19     12      3     12      5 
  6432   6799   6684   7305   7036   7224   6653   7106   7576   7698   7622   6742   7561   8030   7298   7121  10022   7992   7189 
 17236  13361     51    165   6684   7224   6799   7036   6432   7305   7698   7576   7106   7561  10022   8030   7992   7298   7189   7121   6742   7622   6653  13679  26303      0      0  65535 
     0      0      0      0      0      0      0      0      0      0      0      0      0      0      0      0      0      0      0 
     0      0      0      0      0      0      0      0      0      0      0      0      0      0      0      0      0      0      0 
     0      0      0      0      0      0      0      0      0      0      0      0      0      0      0      0      0      0      0 
0 -1 -1
     2      5      7      7      8     23     13      3     19     21     30     15     13     26     14      9      2      9      4 
  6404   6734   6588   7208   6984   7058   6474   7044   7443   7429   7399   6601   7412   7854   7187   6980   9992   7862   7110 
 17236  13361     51    165   6588   7058   6734   6984   6404   7208   7429   7443   7044   7412   9992   7854   7862   7187   7110   6980   6601   7399   6474  13677  26303      0      0  65535 
     0      0      0      0      0      0      0      0      0      0      0      0      0      0      0      0      0      0      0 
     0      0      0      0      0      0      0      0      0      0      0      0      0      0      0      0      0      0      0 
     0      0      0      0      0      0      0      0      0      0      0      0      0      0      0      0      0      0      0 
0 -1 -1
     1      3      4      4      5     15      8      2     12     10     19      9      8     16      9      6      2      5      2 
  6369   6651   6466   7071   6919   6833   6246   6956   7263   7186   7094   6414   7210   7620   7047   6801   9958   7697   7010 
 17236  13361     51    166   6466   6833   6651   6919   6369   7071   7186   7263   6956   7210   9958   7620   7697   7047   7010   6801   6414   7094   6246  13681  26303      0      0  65535 
     0      0      0      0      0      0      0      0      0      0      0      0      0      0      0      0      0      0      0 
     0      0      0      0      0      0      0      0      0      0      0      0      0      0      0      0      0      0      0 
     0      0      0      0      0      0      0      0      0      0      0      0      0      0      0      0      0      0      0 
0 -1 -1
     1      2      3      3      4     11      6      1      9      7     14      7      6     12      6      4      1      4      1 
  6350   6608   6406   7006   6887   6722   6152   6915   7182   7107   6961   6335   7120   7523   6987   6729   9942   7631   6971 
 17236  13361     51    166   6406   6722   6608   6887   6350   7006   7107   7182   6915   7120   9942   7523   7631   6987   6971   6729   6335   6961   6152  13683  26303      1      0  65535 
     0      0      0      0      0      0      0      0      0      0      0      0      0      0      0      0      0      0      0 
     0      0      0      0      0      0      0      0      0      0      0      0      0      0      0      0      0      0      0 
     0      0      0      0      0      0      0      0      0      0      0      0      0      0      0      0      0      0      0 
0 -1 -1
     0      1      2      2      3      7      4      1      6      4      9      4      4      8      4      3      1      2      1 
  6333   6574   6357   6954   6858   6632   6061   6877   7111   7051   6832   6257   7040   7438   6930   6658   9936   7572   6932 
 17236  13361     51    166   6357   6632   6574   6858   6333   6954   7051   7111   6877   7040   9936   7438   7572   6930   6932   6658   6257   6832   6061  13683  26304      1      1  65535 
     0      0      0      0      0      0      0      0      0      0      0      0      0      0      0      0      0      0      0 
     0      0      0      0      0      0      0      0      0      0      0      0      0      0      0      0      0      0      0 
     0      0      0      0      0      0      0      0      0      0      0      0      0      0      0      0      0      0      0 
0 -1 -1
     0      0      0      1      1      3      1      0      3      2      3      1      2      4      1      1      0      1      0 
  6310   6533   6299   6885   6822   6523   5948   6825   7029   6992   6668   6155   6939   7335   6859   6563   9902   7499   6879 
 17236  13361     51    166   6299   6523   6533   6822   6310   6885   6992   7029   6825   6939   9902   7335   7499   6859   6879   6563   6155   6668   5948  13683  26303      0      1  65535 
     0      0      0      0      0      0      0      0      0      0      0      0      0      0      0      0      0      0      0 
     0      0      0      0      0      0      0      0      0      0      0      0      0      0      0      0      0      0      0 
     0      0      0      0      0      0      0      0      0      0      0      0      0      0      0      0      0      0      0 
0 -1 -1
     0      0      0      0      0      0      0      0      0      0      0      0      0      1      0      0      1      0      0 
  6284   6494   6245   6825   6791   6437   5867   6781   6960   6941   6558   6080   6858   7263   6808   6495   9908   7446   6834 
 17236  13361     51    167   6245   6437   6494   6791   6284   6825   6941   6960   6781   6858   9908   7263   7446   6808   6834   6495   6080   6558   5867  13683  26303      0      0  65535 
     0      0      0      0      0      0      0      0      0      0      0      0      0      0      0      0      0      0      0 
     0      0      0      0      0      0      0      0      0      0      0      0      0      0      0      0      0      0      0 
     0      0      0      0      0      0      0      0      0      0      0      0      0      0      0      0      0      0      0 
0 -1 -1
     0      0      0      0      0      0      0      0      0      0      0      0      0      0      0      0      0      0      0 
  6258   6461   6205   6774   6763   6382   5801   6743   6911   6906   6480   6017   6794   7210   6769   6434   9898   7402   6795 
 17236  13361     51    167   6205   6382   6461   6763   6258   6774   6906   6911   6743   6794   9898   7210   7402   6769   6795   6434   6017   6480   5801  13684  26303      0      1  65535 
     0      0      0      0      0      0      0      0      0      0      0      0      0      0      0      0      0      0      0 
     0      0      0      0      0      0      0      0      0      0      0      0      0      0      0      0      0      0      0 
     0      0      0      0      0      0      0      0      0      0      0      0      0      0      0      0      0      0      0 
0 -1 -1
     0      0      0      0      0      0      0      0      0      0      0      0      0      0      0      0      0      0      0 
  6245   6447   6186   6754   6752   6360   5780   6728   6893   6891   6457   5996   6769   7193   6755   6414   9879   7389   6780 
 17236  13361     51    167   6186   6360   6447   6752   6245   6754   6891   6893   6728   6769   9879   7193   7389   6755   6780   6414   5996   6457   5780  13684  26303      0      0  65535 
     0      0      0      0      0      0      0      0      0      0      0      0      0      0      0      0      0      0      0 
     0      0      0      0      0      0      0      0      0      0      0      0      0      0      0      0      0      0      0 
     0      0      0      0      0      0      0      0      0      0      0      0      0      0      0      0      0      0      0 
0 -1 -1
