    28     22      9      9    125     47     17      8     42    255     33     14     32     59    148     18      7     32     16 
  5907   5239   4599   4993   7588   5372   4437   5017   5686  12621   5025   4335   5780   6238   8115   5101   9452   6424   5573 
 17236  13361     51    153   4599   5372   5239   7588   5907   4993  12621   5686   5017   5780   9452   6238   6424   8115   5573   5101   4335   5025   4437  13573  26304      0      0  65535 
     0      0      0      0      0      0      0      0      0      0      0      0      0      0      0      0      0      0      0 
     0      0      0      0      0      0      0      0      0      0      0      0      0      0      0      0      0      0      0 
     0      0      0      0      0      0      0      0      0      0      0      0      0      0      0      0      0      0      0 
0 -1 -1
    37     29     11     11    160     58     21     10     51    255     40     17     39     73    187     22      8     39     20 
  6491   5515   4698   5099   8455   5677   4610   5141   5931  14281   5211   4428   6073   6575   9080   5309   9507   6773   5826 
 17236  13361     51    153   4698   5677   5515   8455   6491   5099  14281   5931   5141   6073   9507   6575   6773   9080   5826   5309   4428   5211   4610  13574  26304      0      0  65535 
     0      0      0      0      0      0      0      0      0      0      0      0      0      0      0      0      0      0      0 
     0      0      0      0      0      0      0      0      0      0      0      0      0      0      0      0      0      0      0 
     0      0      0      0      0      0      0      0      0      0      0      0      0      0      0      0      0      0      0 
0 -1 -1
    43     34     13     12    184     68     24     11     56    255     45     19     43     80    212     26      9     43     23 
  6911   5731   4795   5159   9077   5934   4750   5201   6072  15425   5347   4503   6226   6734   9700   5475   9561   6966   5993 
 17236  13361     51    153   4795   5934   5731   9077   6911   5159  15425   6072   5201   6226   9561   6734   6966   9700   5993   5475   4503   5347   4750  13575  26304      0      0  65535 
     0      0      0      0      0      0      0      0      0      0      0      0      0      0      0      0      0      0      0 
     0      0      0      0      0      0      0      0      0      0      0      0      0      0      0      0      0      0      0 
     0      0      0      0      0      0      0      0      0      0      0      0      0      0      0      0      0      0      0 
0 -1 -1
    49     37     15     13    205     75     26     12     61    255     49     20     47     86    234     28     10     47     25 
  7288   5858   4872   5218   9606   6129   4851   5252   6201  16335   5461   4552   6381   6882  10265   5610   9615   7147   6152 
 17236  13361     51    153   4872   6129   5858   9606   7288   5218  16335   6201   5252   6381   9615   6882   7147  10265   6152   5610   4552   5461   4851  13573  26305      0      0  65535 
     0      0      0      0      0      0      0      0      0      0      0      0      0      0      0      0      0      0      0 
     0      0      0      0      0      0      0      0      0      0      0      0      0      0      0      0      0      0      0 
     0      0      0      0      0      0      0      0      0      0      0      0      0      0      0      0      0      0      0 
0 -1 -1
    50     35     14     14    209     73     25     13     64    255     48     19     49     89    236     28     11     50     26 
  7342   5795   4834   5252   9697   6088   4786   5305   6268  16451   5435   4515   6493   6961  10306   5592   9649   7247   6176 
 17236  13361     51    153   4834   6088   5795   9697   7342   5252  16451   6268   5305   6493   9649   6961   7247  10306   6176   5592   4515   5435   4786  13576  26304      0      0  65535 
     0      0      0      0      0      0      0      0      0      0      0      0      0      0      0      0      0      0      0 
     0      0      0      0      0      0      0      0      0      0      0      0      0      0      0      0      0      0      0 
     0      0      0      0      0      0      0      0      0      0      0      0      0      0      0      0      0      0      0 
0 -1 -1
    48     33     14     14    204     71     24     12     63    255     48     19     49     88    233     28     11     50     26 
  7232   5705   4803   5232   9585   6032   4759   5285   6244  16317   5418   4506   6482   6933  10227   5583   9649   7258   6165 
 17236  13361     51    153   4803   6032   5705   9585   7232   5232  16317   6244   5285   6482   9649   6933   7258  10227   6165   5583   4506   5418   4759  13577  26304      0      0  65535 
     0      0      0      0      0      0      0      0      0      0      0      0      0      0      0      0      0      0      0 
     0      0      0      0      0      0      0      0      0      0      0      0      0      0      0      0      0      0      0 
     0      0      0      0      0      0      0      0      0      0      0      0      0      0      0      0      0      0      0 
0 -1 -1
    47     32     13     13    201     70     24     12     62    255     47     19     49     87    231     27     11     49     25 
  7148   5665   4793   5218   9494   6002   4750   5270   6216  16213   5404   4502   6455   6899  10175   5573   9634   7237   6150 
 17236  13361     51    153   4793   6002   5665   9494   7148   5218  16213   6216   5270   6455   9634   6899   7237  10175   6150   5573   4502   5404   4750  13578  26305      0      0  65535 
     0      0      0      0      0      0      0      0      0      0      0      0      0      0      0      0      0      0      0 
     0      0      0      0      0      0      0      0      0      0      0      0      0      0      0      0      0      0      0 
     0      0      0      0      0      0      0      0      0      0      0      0      0      0      0      0      0      0      0 
0 -1 -1
    47     32     13     13    197     69     23     12     60    255     46     18     47     82    223     26     10     46     24 
  7133   5644   4789   5202   9405   5973   4730   5247   6173  15996   5363   4478   6390   6789   9973   5504   9590   7095   6038 
 17236  13361     51    153   4789   5973   5644   9405   7133   5202  15996   6173   5247   6390   9590   6789   7095   9973   6038   5504   4478   5363   4730  13578  26304      0      0  65535 
     0      0      0      0      0      0      0      0      0      0      0      0      0      0      0      0      0      0      0 
     0      0      0      0      0      0      0      0      0      0      0      0      0      0      0      0      0      0      0 
     0      0      0      0      0      0      0      0      0      0      0      0      0      0      0      0      0      0      0 
0 -1 -1
    46     31     13     13    190     67     23     11     58    255     44     17     45     77    213     25      9     43     22 
  7081   5602   4773   5181   9238   5917   4696   5219   6117  15674   5312   4447   6308   6670   9733   5434   9572   6940   5931 
 17236  13361     51    153   4773   5917   5602   9238   7081   5181  15674   6117   5219   6308   9572   6670   6940   9733   5931   5434   4447   5312   4696  13578  26304      0      0  65535 
     0      0      0      0      0      0      0      0      0      0      0      0      0      0      0      0      0      0      0 
     0      0      0      0      0      0      0      0      0      0      0      0      0      0      0      0      0      0      0 
     0      0      0      0      0      0      0      0      0      0      0      0      0      0      0      0      0      0      0 
0 -1 -1
    45     29     12     12    185     65     22     11     57    255     43     17     44     75    207     24      9     41     21 
  7006   5551   4752   5167   9102   5866   4669   5201   6086  15448   5283   4431   6264   6618   9577   5399   9564   6873   5877 
 17236  13361     51    153   4752   5866   5551   9102   7006   5167  15448   6086   5201   6264   9564   6618   6873   9577   5877   5399   4431   5283   4669  13579  26304      0      0  65535 
     0      0      0      0      0      0      0      0      0      0      0      0      0      0      0      0      0      0      0 
     0      0      0      0      0      0      0      0      0      0      0      0      0      0      0      0      0      0      0 
     0      0      0      0      0      0      0      0      0      0      0      0      0      0      0      0      0      0      0 
0 -1 -1
    44     29     12     12    182     64     22     11     56    255     42     17     43     74    205     24      9     41     21 
  6949   5529   4745   5155   9032   5846   4660   5191   6064  15356   5272   4428   6240   6590   9535   5387   9555   6849   5864 
 17236  13361     51    153   4745   5846   5529   9032   6949   5155  15356   6064   5191   6240   9555   6590   6849   9535   5864   5387   4428   5272   4660  13580  26304      0      0  65535 
     0      0      0      0      0      0      0      0      0      0      0      0      0      0      0      0      0      0      0 
     0      0      0      0      0      0      0      0      0      0      0      0      0      0      0      0      0      0      0 
     0      0      0      0      0      0      0      0      0      0      0      0      0      0      0      0      0      0      0 
0 -1 -1
    43     28     12     12    180     63     21     11     55    255     42     16     43     73    204     24      9     41     21 
  6907   5500   4736   5147   8976   5823   4648   5182   6049  15275   5261   4420   6229   6575   9495   5376   9544   6840   5852 
 17236  13361     51    153   4736   5823   5500   8976   6907   5147  15275   6049   5182   6229   9544   6575   6840   9495   5852   5376   4420   5261   4648  13579  26304      0      0  65535 
     0      0      0      0      0      0      0      0      0      0      0      0      0      0      0      0      0      0      0 
     0      0      0      0      0      0      0      0      0      0      0      0      0      0      0      0      0      0      0 
     0      0      0      0      0      0      0      0      0      0      0      0      0      0      0      0      0      0      0 
0 -1 -1
    43     28     12     12    180     63     21     11     55    255     42     16     43     73    203     24      9     41     21 
  6908   5491   4734   5146   8963   5814   4644   5181   6048  15242   5258   4418   6223   6571   9473   5372   9550   6832   5847 
 17236  13361     51    153   4734   5814   5491   8963   6908   5146  15242   6048   5181   6223   9550   6571   6832   9473   5847   5372   4418   5258   4644  13579  26304      0      1  65535 
     0      0      0      0      0      0      0      0      0      0      0      0      0      0      0      0      0      0      0 
     0      0      0      0      0      0      0      0      0      0      0      0      0      0      0      0      0      0      0 
     0      0      0      0      0      0      0      0      0      0      0      0      0      0      0      0      0      0      0 
0 -1 -1
    43     28     12     12    178     63     21     11     55    255     41     16     43     72    200     23      9     40     20 
  6888   5484   4730   5142   8931   5807   4631   5174   6034  15173   5241   4409   6207   6542   9403   5354   9546   6798   5820 
 17236  13361     51    153   4730   5807   5484   8931   6888   5142  15173   6034   5174   6207   9546   6542   6798   9403   5820   5354   4409   5241   4631  13579  26304      0      1  65535 
     0      0      0      0      0      0      0      0      0      0      0      0      0      0      0      0      0      0      0 
     0      0      0      0      0      0      0      0      0      0      0      0      0      0      0      0      0      0      0 
     0      0      0      0      0      0      0      0      0      0      0      0      0      0      0      0      0      0      0 
0 -1 -1
    34     22     10     10    147     54     17      9     46    255     33     13     36     56    160     19      7     31     16 
  6316   5240   4647   5031   8133   5565   4437   5052   5792  13866   5028   4304   5923   6155   8411   5127   9472   6387   5512 
 17236  13361     51    153   4647   5565   5240   8133   6316   5031  13866   5792   5052   5923   9472   6155   6387   8411   5512   5127   4304   5028   4437  13573  26305      0      0  65535 
     0      0      0      0      0      0      0      0      0      0      0      0      0      0      0      0      0      0      0 
     0      0      0      0      0      0      0      0      0      0      0      0      0      0      0      0      0      0      0 
     0      0      0      0      0      0      0      0      0      0      0      0      0      0      0      0      0      0      0 
0 -1 -1
     8      7      5      4     42     21      6      4     17    157     12      6     15     16     40      7      3     10      6 
  4656   4594   4392   4725   5489   4696   3968   4731   5037   8202   4460   4055   5052   5209   5408   4524   9286   5427   4860 
 17236  13361     51    154   4392   4696   4594   5489   4656   4725   8202   5037   4731   5052   9286   5209   5427   5408   4860   4524   4055   4460   3968  13570  26305      0      0  65535 
     0      0      0      0      0      0      0      0      0      0      0      0      0      0      0      0      0      0      0 
     0      0      0      0      0      0      0      0      0      0      0      0      0      0      0      0      0      0      0 
     0      0      0      0      0      0      0      0      0      0      0      0      0      0      0      0      0      0      0 
0 -1 -1
     0      1      1      1      2      2      1      1      1      4      1      1      2      1      2      1      0      1      1 
  4141   4296   4197   4511   4463   4166   3749   4504   4612   4620   4149   3879   4498   4845   4448   4178   9161   5003   4541 
 17236  13361     51    154   4197   4166   4296   4463   4141   4511   4620   4612   4504   4498   9161   4845   5003   4448   4541   4178   3879   4149   3749  13568  26304      0      0  65535 
     0      0      0      0      0      0      0      0      0      0      0      0      0      0      0      0      0      0      0 
     0      0      0      0      0      0      0      0      0      0      0      0      0      0      0      0      0      0      0 
     0      0      0      0      0      0      0      0      0      0      0      0      0      0      0      0      0      0      0 
0 -1 -1
     0      0      0      0      0      0      0      0      0      1      0      0      0      0      0      0      0      0      0 
  4127   4272   4166   4477   4430   4124   3726   4465   4593   4561   4125   3859   4423   4828   4420   4148   9144   4969   4503 
 17236  13361     51    155   4166   4124   4272   4430   4127   4477   4561   4593   4465   4423   9144   4828   4969   4420   4503   4148   3859   4125   3726  13567  26304      0      0  65535 
     0      0      0      0      0      0      0      0      0      0      0      0      0      0      0      0      0      0      0 
     0      0      0      0      0      0      0      0      0      0      0      0      0      0      0      0      0      0      0 
     0      0      0      0      0      0      0      0      0      0      0      0      0      0      0      0      0      0      0 
0 -1 -1
     0      0      0      0      0      0      0      0      0      1      0      0      0      0      0      0      0      0      0 
  4125   4271   4166   4477   4430   4124   3725   4466   4593   4553   4125   3861   4423   4826   4418   4146   9141   4967   4503 
 17236  13361     51    154   4166   4124   4271   4430   4125   4477   4553   4593   4466   4423   9141   4826   4967   4418   4503   4146   3861   4125   3725  13570  26305      0      0  65535 
     0      0      0      0      0      0      0      0      0      0      0      0      0      0      0      0      0      0      0 
     0      0      0      0      0      0      0      0      0      0      0      0      0      0      0      0      0      0      0 
     0      0      0      0      0      0      0      0      0      0      0      0      0      0      0      0      0      0      0 
0 -1 -1
     0      0      0      0      0      0      0      0      0      1      0      0      0      0      0      0      0      0      0 
  4125   4271   4167   4476   4428   4123   3724   4465   4592   4551   4126   3859   4421   4827   4416   4145   9140   4967   4503 
 17236  13361     51    154   4167   4123   4271   4428   4125   4476   4551   4592   4465   4421   9140   4827   4967   4416   4503   4145   3859   4126   3724  13570  26304      0      0  65535 
     0      0      0      0      0      0      0      0      0      0      0      0      0      0      0      0      0      0      0 
     0      0      0      0      0      0      0      0      0      0      0      0      0      0      0      0      0      0      0 
     0      0      0      0      0      0      0      0      0      0      0      0      0      0      0      0      0      0      0 
0 -1 -1
     0      0      0      0      0      0      0      0      0      0      0      0      0      0      0      0      0      0      0 
  4122   4270   4165   4476   4426   4121   3726   4465   4593   4549   4124   3859   4419   4825   4416   4145   9144   4967   4502 
 17236  13361     51    154   4165   4121   4270   4426   4122   4476   4549   4593   4465   4419   9144   4825   4967   4416   4502   4145   3859   4124   3726  13569  26303      0      0  65535 
     0      0      0      0      0      0      0      0      0      0      0      0      0      0      0      0      0      0      0 
     0      0      0      0      0      0      0      0      0      0      0      0      0      0      0      0      0      0      0 
     0      0      0      0      0      0      0      0      0      0      0      0      0      0      0      0      0      0      0 
0 -1 -1
     0      0      0      0      0      0      0      0      0      0      0      0      0      0      0      0      0      0      0 
  4125   4272   4164   4475   4426   4120   3725   4465   4591   4546   4123   3859   4421   4825   4414   4144   9132   4966   4502 
 17236  13361     51    155   4164   4120   4272   4426   4125   4475   4546   4591   4465   4421   9132   4825   4966   4414   4502   4144   3859   4123   3725  13568  26303      0      0  65535 
     0      0      0      0      0      0      0      0      0      0      0      0      0      0      0      0      0      0      0 
     0      0      0      0      0      0      0      0      0      0      0      0      0      0      0      0      0      0      0 
     0      0      0      0      0      0      0      0      0      0      0      0      0      0      0      0      0      0      0 
0 -1 -1
     0      0      0      0      0      0      0      0      0      0      0      0      0      0      0      0      0      0      0 
  4124   4271   4164   4475   4426   4121   3725   4465   4591   4547   4123   3858   4419   4824   4415   4143   9141   4964   4501 
 17236  13361     51    155   4164   4121   4271   4426   4124   4475   4547   4591   4465   4419   9141   4824   4964   4415   4501   4143   3858   4123   3725  13568  26303      0      0  65535 
     0      0      0      0      0      0      0      0      0      0      0      0      0      0      0      0      0      0      0 
     0      0      0      0      0      0      0      0      0      0      0      0      0      0      0      0      0      0      0 
     0      0      0      0      0      0      0      0      0      0      0      0      0      0      0      0      0      0      0 
0 -1 -1
     0      0      0      0      0      0      0      0      0      0      0      0      0      0      0      0      0      0      0 
  4123   4270   4164   4475   4425   4121   3724   4464   4590   4546   4124   3859   4419   4823   4413   4144   9143   4967   4500 
 17236  13361     51    155   4164   4121   4270   4425   4123   4475   4546   4590   4464   4419   9143   4823   4967   4413   4500   4144   3859   4124   3724  13568  26303      0      0  65535 
     0      0      0      0      0      0      0      0      0      0      0      0      0      0      0      0      0      0      0 
     0      0      0      0      0      0      0      0      0      0      0      0      0      0      0      0      0      0      0 
     0      0      0      0      0      0      0      0      0      0      0      0      0      0      0      0      0      0      0 
0 -1 -1
     0      0      0      0      0      0      0      0      0      0      0      0      0      0      0      0      0      0      0 
  4122   4270   4164   4475   4426   4120   3724   4466   4590   4545   4124   3857   4418   4826   4414   4143   9152   4965   4500 
 17236  13361     51    154   4164   4120   4270   4426   4122   4475   4545   4590   4466   4418   9152   4826   4965   4414   4500   4143   3857   4124   3724  13568  26304      0      0  65535 
     0      0      0      0      0      0      0      0      0      0      0      0      0      0      0      0      0      0      0 
     0      0      0      0      0      0      0      0      0      0      0      0      0      0      0      0      0      0      0 
     0      0      0      0      0      0      0      0      0      0      0      0      0      0      0      0      0      0      0 
0 -1 -1
     0      0      0      0      0      0      0      0      0      0      0      0      0      0      0      0      0      0      0 
  4122   4270   4164   4474   4424   4120   3724   4462   4588   4545   4123   3858   4417   4825   4412   4143   9139   4964   4501 
 17236  13361     51    154   4164   4120   4270   4424   4122   4474   4545   4588   4462   4417   9139   4825   4964   4412   4501   4143   3858   4123   3724  13569  26305      0      0  65535 
     0      0      0      0      0      0      0      0      0      0      0      0      0      0      0      0      0      0      0 
     0      0      0      0      0      0      0      0      0      0      0      0      0      0      0      0      0      0      0 
     0      0      0      0      0      0      0      0      0      0      0      0      0      0      0      0      0      0      0 
0 -1 -1
     0      0      0      0      0      0      0      0      0      0      0      0      0      0      0      0      0      0      0 
  4123   4269   4166   4474   4425   4119   3724   4463   4591   4543   4123   3859   4417   4822   4413   4144   9140   4964   4500 
 17236  13361     51    154   4166   4119   4269   4425   4123   4474   4543   4591   4463   4417   9140   4822   4964   4413   4500   4144   3859   4123   3724  13568  26305      0      0  65535 
     0      0      0      0      0      0      0      0      0      0      0      0      0      0      0      0      0      0      0 
     0      0      0      0      0      0      0      0      0      0      0      0      0      0      0      0      0      0      0 
     0      0      0      0      0      0      0      0      0      0      0      0      0      0      0      0      0      0      0 
0 -1 -1
     0      0      0      0      0      0      0      0      0      0      0      0      0      0      0      0      0      0      0 
  4122   4270   4165   4474   4424   4120   3722   4464   4590   4543   4124   3858   4418   4823   4412   4144   9140   4963   4499 
 17236  13361     51    154   4165   4120   4270   4424   4122   4474   4543   4590   4464   4418   9140   4823   4963   4412   4499   4144   3858   4124   3722  13573  26304      0      0  65535 
     0      0      0      0      0      0      0      0      0      0      0      0      0      0      0      0      0      0      0 
     0      0      0      0      0      0      0      0      0      0      0      0      0      0      0      0      0      0      0 
     0      0      0      0      0      0      0      0      0      0      0      0      0      0      0      0      0      0      0 
0 -1 -1
     0      0      0      0      0      0      0      0      0      0      0      0      0      0      0      0      0      0      0 
  4123   4269   4166   4475   4424   4120   3724   4464   4589   4542   4123   3856   4418   4823   4412   4144   9148   4964   4501 
 17236  13361     51    155   4166   4120   4269   4424   4123   4475   4542   4589   4464   4418   9148   4823   4964   4412   4501   4144   3856   4123   3724  13572  26304      0      0  65535 
     0      0      0      0      0      0      0      0      0      0      0      0      0      0      0      0      0      0      0 
     0      0      0      0      0      0      0      0      0      0      0      0      0      0      0      0      0      0      0 
     0      0      0      0      0      0      0      0      0      0      0      0      0      0      0      0      0      0      0 
0 -1 -1
     0      0      0      0      0      0      0      0      0      0      0      0      0      0      0      0      0      0      0 
  4122   4270   4164   4474   4424   4120   3723   4464   4588   4542   4123   3858   4418   4824   4412   4142   9145   4966   4500 
 17236  13361     51    154   4164   4120   4270   4424   4122   4474   4542   4588   4464   4418   9145   4824   4966   4412   4500   4142   3858   4123   3723  13572  26305      0      0  65535 
     0      0      0      0      0      0      0      0      0      0      0      0      0      0      0      0      0      0      0 
     0      0      0      0      0      0      0      0      0      0      0      0      0      0      0      0      0      0      0 
     0      0      0      0      0      0      0      0      0      0      0      0      0      0      0      0      0      0      0 
0 -1 -1
     0      0      0      0      0      0      0      0      0      0      0      0      0      0      0      0      0      0      0 
  4123   4270   4163   4475   4424   4120   3724   4465   4589   4542   4123   3858   4417   4823   4412   4145   9143   4965   4500 
 17236  13361     51    154   4163   4120   4270   4424   4123   4475   4542   4589   4465   4417   9143   4823   4965   4412   4500   4145   3858   4123   3724  13573  26305      0      0  65535 
     0      0      0      0      0      0      0      0      0      0      0      0      0      0      0      0      0      0      0 
     0      0      0      0      0      0      0      0      0      0      0      0      0      0      0      0      0      0      0 
     0      0      0      0      0      0      0      0      0      0      0      0      0      0      0      0      0      0      0 
0 -1 -1
     0      0      0      0      0      0      0      0      0      0      0      0      0      0      0      0      0      0      0 
  4121   4269   4164   4473   4423   4120   3723   4463   4590   4543   4122   3857   4418   4822   4411   4143   9143   4964   4500 
 17236  13361     51    154   4164   4120   4269   4423   4121   4473   4543   4590   4463   4418   9143   4822   4964   4411   4500   4143   3857   4122   3723  13572  26304      0      0  65535 
     0      0      0      0      0      0      0      0      0      0      0      0      0      0      0      0      0      0      0 
     0      0      0      0      0      0      0      0      0      0      0      0      0      0      0      0      0      0      0 
     0      0      0      0      0      0      0      0      0      0      0      0      0      0      0      0      0      0      0 
0 -1 -1
     0      0      0      0      0      0      0      0      0      0      0      0      0      0      0      0      0      0      0 
  4123   4268   4164   4475   4423   4119   3724   4462   4589   4542   4123   3857   4418   4822   4412   4142   9140   4965   4500 
 17236  13361     51    154   4164   4119   4268   4423   4123   4475   4542   4589   4462   4418   9140   4822   4965   4412   4500   4142   3857   4123   3724  13571  26303      1      1  65535 
     0      0      0      0      0      0      0      0      0      0      0      0      0      0      0      0      0      0      0 
     0      0      0      0      0      0      0      0      0      0      0      0      0      0      0      0      0      0      0 
     0      0      0      0      0      0      0      0      0      0      0      0      0      0      0      0      0      0      0 
0 -1 -1
     0      0      0      0      0      0      0      0      0      0      0      0      0      0      0      0      0      0      0 
  4121   4269   4165   4474   4424   4120   3722   4463   4588   4542   4122   3858   4417   4821   4412   4142   9148   4964   4499 
 17236  13361     51    154   4165   4120   4269   4424   4121   4474   4542   4588   4463   4417   9148   4821   4964   4412   4499   4142   3858   4122   3722  13571  26303      0      0  65535 
     0      0      0      0      0      0      0      0      0      0      0      0      0      0      0      0      0      0      0 
     0      0      0      0      0      0      0      0      0      0      0      0      0      0      0      0      0      0      0 
     0      0      0      0      0      0      0      0      0      0      0      0      0      0      0      0      0      0      0 
0 -1 -1
     0      0      0      0      0      0      0      0      0      0      0      0      0      0      0      0      0      0      0 
  4122   4270   4164   4473   4422   4119   3724   4463   4590   4541   4123   3857   4416   4823   4410   4143   9142   4964   4500 
 17236  13361     51    154   4164   4119   4270   4422   4122   4473   4541   4590   4463   4416   9142   4823   4964   4410   4500   4143   3857   4123   3724  13571  26304      0      0  65535 
     0      0      0      0      0      0      0      0      0      0      0      0      0      0      0      0      0      0      0 
     0      0      0      0      0      0      0      0      0      0      0      0      0      0      0      0      0      0      0 
     0      0      0      0      0      0      0      0      0      0      0      0      0      0      0      0      0      0      0 
0 -1 -1
     0      0      0      0      0      0      0      0      0      0      0      0      0      0      0      0      0      0      0 
  4122   4272   4165   4473   4423   4119   3723   4463   4588   4543   4123   3859   4416   4821   4410   4142   9145   4965   4499 
 17236  13361     51    154   4165   4119   4272   4423   4122   4473   4543   4588   4463   4416   9145   4821   4965   4410   4499   4142   3859   4123   3723  13572  26304      0      0  65535 
     0      0      0      0      0      0      0      0      0      0      0      0      0      0      0      0      0      0      0 
     0      0      0      0      0      0      0      0      0      0      0      0      0      0      0      0      0      0      0 
     0      0      0      0      0      0      0      0      0      0      0      0      0      0      0      0      0      0      0 
0 -1 -1
     0      0      0      0      0      0      0      0      0      0      0      0      0      0      0      0      0      0      0 
  4120   4270   4165   4473   4422   4118   3723   4464   4589   4542   4123   3857   4416   4823   4411   4142   9139   4964   4500 
 17236  13361     51    154   4165   4118   4270   4422   4120   4473   4542   4589   4464   4416   9139   4823   4964   4411   4500   4142   3857   4123   3723  13571  26304      0      0  65535 
     0      0      0      0      0      0      0      0      0      0      0      0      0      0      0      0      0      0      0 
     0      0      0      0      0      0      0      0      0      0      0      0      0      0      0      0      0      0      0 
     0      0      0      0      0      0      0      0      0      0      0      0      0      0      0      0      0      0      0 
0 -1 -1
     0      0      0      0      0      0      0      0      0      0      0      0      0      0      0      0      0      0      0 
  4122   4268   4163   4474   4422   4118   3724   4463   4587   4541   4122   3857   4416   4821   4409   4143   9144   4965   4500 
 17236  13361     51    155   4163   4118   4268   4422   4122   4474   4541   4587   4463   4416   9144   4821   4965   4409   4500   4143   3857   4122   3724  13573  26304      0      0  65535 
     0      0      0      0      0      0      0      0      0      0      0      0      0      0      0      0      0      0      0 
     0      0      0      0      0      0      0      0      0      0      0      0      0      0      0      0      0      0      0 
     0      0      0      0      0      0      0      0      0      0      0      0      0      0      0      0      0      0      0 
0 -1 -1
     0      0      0      0      0      0      0      0      0      0      0      0      0      0      0      0      0      0      0 
  4121   4269   4165   4474   4422   4118   3724   4463   4590   4541   4124   3858   4416   4822   4410   4143   9154   4962   4499 
 17236  13361     51    154   4165   4118   4269   4422   4121   4474   4541   4590   4463   4416   9154   4822   4962   4410   4499   4143   3858   4124   3724  13573  26304      0      0  65535 
     0      0      0      0      0      0      0      0      0      0      0      0      0      0      0      0      0      0      0 
     0      0      0      0      0      0      0      0      0      0      0      0      0      0      0      0      0      0      0 
     0      0      0      0      0      0      0      0      0      0      0      0      0      0      0      0      0      0      0 
0 -1 -1
     0      0      0      0      0      0      0      0      0      0      0      0      0      0      0      0      0      0      0 
  4122   4268   4163   4472   4422   4118   3725   4463   4588   4541   4124   3858   4416   4822   4410   4143   9140   4963   4499 
 17236  13361     51    155   4163   4118   4268   4422   4122   4472   4541   4588   4463   4416   9140   4822   4963   4410   4499   4143   3858   4124   3725  13573  26306      0      0  65535 
     0      0      0      0      0      0      0      0      0      0      0      0      0      0      0      0      0      0      0 
     0      0      0      0      0      0      0      0      0      0      0      0      0      0      0      0      0      0      0 
     0      0      0      0      0      0      0      0      0      0      0      0      0      0      0      0      0      0      0 
0 -1 -1
     0      0      0      0      0      0      0      0      0      0      0      0      0      0      0      0      0      0      0 
  4121   4269   4164   4473   4423   4119   3723   4462   4588   4542   4123   3856   4416   4822   4410   4141   9145   4963   4499 
 17236  13361     51    155   4164   4119   4269   4423   4121   4473   4542   4588   4462   4416   9145   4822   4963   4410   4499   4141   3856   4123   3723  13574  26304      0      0  65535 
     0      0      0      0      0      0      0      0      0      0      0      0      0      0      0      0      0      0      0 
     0      0      0      0      0      0      0      0      0      0      0      0      0      0      0      0      0      0      0 
     0      0      0      0      0      0      0      0      0      0      0      0      0      0      0      0      0      0      0 
0 -1 -1
     0      0      0      0      0      0      0      0      0      0      0      0      0      0      0      0      0      0      0 
  4123   4268   4165   4474   4424   4119   3723   4460   4588   4542   4121   3858   4417   4823   4409   4142   9145   4962   4499 
 17236  13361     51    155   4165   4119   4268   4424   4123   4474   4542   4588   4460   4417   9145   4823   4962   4409   4499   4142   3858   4121   3723  13574  26304      0      0  65535 
     0      0      0      0      0      0      0      0      0      0      0      0      0      0      0      0      0      0      0 
     0      0      0      0      0      0      0      0      0      0      0      0      0      0      0      0      0      0      0 
     0      0      0      0      0      0      0      0      0      0      0      0      0      0      0      0      0      0      0 
0 -1 -1
     0      0      0      0      0      0      0      0      0      0      0      0      0      0      0      0      0      0      0 
  4121   4269   4165   4474   4421   4118   3723   4463   4587   4541   4123   3857   4416   4821   4410   4142   9146   4963   4498 
 17236  13361     51    154   4165   4118   4269   4421   4121   4474   4541   4587   4463   4416   9146   4821   4963   4410   4498   4142   3857   4123   3723  13569  26304      0      0  65535 
     0      0      0      0      0      0      0      0      0      0      0      0      0      0      0      0      0      0      0 
     0      0      0      0      0      0      0      0      0      0      0      0      0      0      0      0      0      0      0 
     0      0      0      0      0      0      0      0      0      0      0      0      0      0      0      0      0      0      0 
0 -1 -1
     0      0      0      0      0      0      0      0      0      0      0      0      0      0      0      0      0      0      0 
  4121   4269   4165   4473   4422   4118   3723   4462   4588   4541   4123   3857   4416   4820   4408   4143   9153   4964   4498 
 17236  13361     51    154   4165   4118   4269   4422   4121   4473   4541   4588   4462   4416   9153   4820   4964   4408   4498   4143   3857   4123   3723  13562  26304      0      0  65535 
     0      0      0      0      0      0      0      0      0      0      0      0      0      0      0      0      0      0      0 
     0      0      0      0      0      0      0      0      0      0      0      0      0      0      0      0      0      0      0 
     0      0      0      0      0      0      0      0      0      0      0      0      0      0      0      0      0      0      0 
0 -1 -1
     0      0      0      0      0      0      0      0      0      0      0      0      0      0      0      0      0      0      0 
  4120   4269   4164   4472   4423   4119   3724   4462   4587   4540   4121   3859   4417   4821   4409   4141   9151   4962   4498 
 17236  13361     51    154   4164   4119   4269   4423   4120   4472   4540   4587   4462   4417   9151   4821   4962   4409   4498   4141   3859   4121   3724  13565  26304      0      0  65535 
     0      0      0      0      0      0      0      0      0      0      0      0      0      0      0      0      0      0      0 
     0      0      0      0      0      0      0      0      0      0      0      0      0      0      0      0      0      0      0 
     0      0      0      0      0      0      0      0      0      0      0      0      0      0      0      0      0      0      0 
0 -1 -1
     0      0      0      0      0      0      0      0      0      0      0      0      0      0      0      0      0      0      0 
  4120   4269   4164   4472   4423   4118   3724   4461   4588   4540   4122   3857   4415   4821   4410   4143   9150   4962   4499 
 17236  13361     51    154   4164   4118   4269   4423   4120   4472   4540   4588   4461   4415   9150   4821   4962   4410   4499   4143   3857   4122   3724  13564  26304      0      0  65535 
     0      0      0      0      0      0      0      0      0      0      0      0      0      0      0      0      0      0      0 
     0      0      0      0      0      0      0      0      0      0      0      0      0      0      0      0      0      0      0 
     0      0      0      0      0      0      0      0      0      0      0      0      0      0      0      0      0      0      0 
0 -1 -1
     0      0      0      0      0      0      0      0      0      0      0      0      0      0      0      0      0      0      0 
  4119   4268   4166   4472   4420   4119   3723   4461   4588   4540   4121   3858   4416   4820   4410   4142   9142   4962   4499 
 17236  13361     51    155   4166   4119   4268   4420   4119   4472   4540   4588   4461   4416   9142   4820   4962   4410   4499   4142   3858   4121   3723  13566  26304      1      1  65535 
     0      0      0      0      0      0      0      0      0      0      0      0      0      0      0      0      0      0      0 
     0      0      0      0      0      0      0      0      0      0      0      0      0      0      0      0      0      0      0 
     0      0      0      0      0      0      0      0      0      0      0      0      0      0      0      0      0      0      0 
0 -1 -1
     0      0      0      0      0      0      0      0      0      0      0      0      0      0      0      0      0      0      0 
  4121   4268   4164   4472   4421   4119   3725   4462   4588   4539   4123   3858   4414   4820   4408   4141   9144   4963   4499 
 17236  13361     51    154   4164   4119   4268   4421   4121   4472   4539   4588   4462   4414   9144   4820   4963   4408   4499   4141   3858   4123   3725  13567  26305      0      0  65535 
     0      0      0      0      0      0      0      0      0      0      0      0      0      0      0      0      0      0      0 
     0      0      0      0      0      0      0      0      0      0      0      0      0      0      0      0      0      0      0 
     0      0      0      0      0      0      0      0      0      0      0      0      0      0      0      0      0      0      0 
0 -1 -1
     0      0      0      0      0      0      0      0      0      0      0      0      0      0      0      0      0      0      0 
  4121   4267   4165   4472   4420   4118   3724   4463   4587   4540   4122   3859   4415   4822   4410   4141   9146   4962   4497 
 17236  13361     51    155   4165   4118   4267   4420   4121   4472   4540   4587   4463   4415   9146   4822   4962   4410   4497   4141   3859   4122   3724  13567  26304      0      0  65535 
     0      0      0      0      0      0      0      0      0      0      0      0      0      0      0      0      0      0      0 
     0      0      0      0      0      0      0      0      0      0      0      0      0      0      0      0      0      0      0 
     0      0      0      0      0      0      0      0      0      0      0      0      0      0      0      0      0      0      0 
0 -1 -1
     0      0      0      0      0      0      0      0      0      0      0      0      0      0      0      0      0      0      0 
  4120   4267   4164   4472   4421   4117   3723   4462   4587   4540   4122   3856   4414   4820   4409   4141   9143   4962   4498 
 17236  13361     51    155   4164   4117   4267   4421   4120   4472   4540   4587   4462   4414   9143   4820   4962   4409   4498   4141   3856   4122   3723  13569  26304      0      0  65535 
     0      0      0      0      0      0      0      0      0      0      0      0      0      0      0      0      0      0      0 
     0      0      0      0      0      0      0      0      0      0      0      0      0      0      0      0      0      0      0 
     0      0      0      0      0      0      0      0      0      0      0      0      0      0      0      0      0      0      0 
0 -1 -1
     0      0      0      0      0      0      0      0      0      0      0      0      0      0      0      0      0      0      0 
  4119   4270   4165   4473   4420   4118   3724   4464   4588   4538   4121   3858   4416   4821   4410   4142   9143   4962   4500 
 17236  13361     51    154   4165   4118   4270   4420   4119   4473   4538   4588   4464   4416   9143   4821   4962   4410   4500   4142   3858   4121   3724  13567  26304      0      0  65535 
     0      0      0      0      0      0      0      0      0      0      0      0      0      0      0      0      0      0      0 
     0      0      0      0      0      0      0      0      0      0      0      0      0      0      0      0      0      0      0 
     0      0      0      0      0      0      0      0      0      0      0      0      0      0      0      0      0      0      0 
0 -1 -1
     0      0      0      0      0      0      0      0      0      0      0      0      0      0      0      0      0      0      0 
  4122   4269   4164   4472   4420   4116   3724   4463   4587   4540   4122   3857   4415   4820   4409   4142   9144   4962   4498 
 17236  13361     51    155   4164   4116   4269   4420   4122   4472   4540   4587   4463   4415   9144   4820   4962   4409   4498   4142   3857   4122   3724  13568  26304      0      0  65535 
     0      0      0      0      0      0      0      0      0      0      0      0      0      0      0      0      0      0      0 
     0      0      0      0      0      0      0      0      0      0      0      0      0      0      0      0      0      0      0 
     0      0      0      0      0      0      0      0      0      0      0      0      0      0      0      0      0      0      0 
0 -1 -1
     0      0      0      0      0      0      0      0      0      0      0      0      0      0      0      0      0      0      0 
  4123   4268   4166   4472   4421   4117   3723   4462   4588   4539   4122   3858   4415   4821   4409   4142   9153   4963   4499 
 17236  13361     51    154   4166   4117   4268   4421   4123   4472   4539   4588   4462   4415   9153   4821   4963   4409   4499   4142   3858   4122   3723  13571  26304      0      0  65535 
     0      0      0      0      0      0      0      0      0      0      0      0      0      0      0      0      0      0      0 
     0      0      0      0      0      0      0      0      0      0      0      0      0      0      0      0      0      0      0 
     0      0      0      0      0      0      0      0      0      0      0      0      0      0      0      0      0      0      0 
0 -1 -1
     0      0      0      0      0      0      0      0      0      0      0      0      0      0      0      0      0      0      0 
  4120   4269   4165   4473   4419   4118   3723   4463   4586   4538   4121   3858   4416   4819   4408   4141   9145   4962   4499 
 17236  13361     51    155   4165   4118   4269   4419   4120   4473   4538   4586   4463   4416   9145   4819   4962   4408   4499   4141   3858   4121   3723  13575  26305      0      0  65535 
     0      0      0      0      0      0      0      0      0      0      0      0      0      0      0      0      0      0      0 
     0      0      0      0      0      0      0      0      0      0      0      0      0      0      0      0      0      0      0 
     0      0      0      0      0      0      0      0      0      0      0      0      0      0      0      0      0      0      0 
0 -1 -1
     0      0      0      0      0      0      0      0      0      0      0      0      0      0      0      0      0      0      0 
  4120   4269   4165   4471   4420   4118   3723   4463   4587   4540   4121   3857   4416   4819   4408   4141   9146   4962   4498 
 17236  13361     51    155   4165   4118   4269   4420   4120   4471   4540   4587   4463   4416   9146   4819   4962   4408   4498   4141   3857   4121   3723  13576  26304      0      0  65535 
     0      0      0      0      0      0      0      0      0      0      0      0      0      0      0      0      0      0      0 
     0      0      0      0      0      0      0      0      0      0      0      0      0      0      0      0      0      0      0 
     0      0      0      0      0      0      0      0      0      0      0      0      0      0      0      0      0      0      0 
0 -1 -1
     0      0      0      0      0      0      0      0      0      0      0      0      0      0      0      0      0      0      0 
  4120   4269   4166   4473   4421   4118   3724   4463   4586   4538   4121   3858   4416   4821   4410   4142   9140   4962   4498 
 17236  13361     51    154   4166   4118   4269   4421   4120   4473   4538   4586   4463   4416   9140   4821   4962   4410   4498   4142   3858   4121   3724  13576  26304      0      0  65535 
     0      0      0      0      0      0      0      0      0      0      0      0      0      0      0      0      0      0      0 
     0      0      0      0      0      0      0      0      0      0      0      0      0      0      0      0      0      0      0 
     0      0      0      0      0      0      0      0      0      0      0      0      0      0      0      0      0      0      0 
0 -1 -1
     0      0      0      0      0      0      0      0      0      0      0      0      0      0      0      0      0      0      0 
  4120   4271   4165   4473   4422   4117   3723   4462   4587   4538   4121   3857   4416   4821   4410   4142   9148   4963   4499 
 17236  13361     51    154   4165   4117   4271   4422   4120   4473   4538   4587   4462   4416   9148   4821   4963   4410   4499   4142   3857   4121   3723  13576  26304      1      0  65535 
     0      0      0      0      0      0      0      0      0      0      0      0      0      0      0      0      0      0      0 
     0      0      0      0      0      0      0      0      0      0      0      0      0      0      0      0      0      0      0 
     0      0      0      0      0      0      0      0      0      0      0      0      0      0      0      0      0      0      0 
0 -1 -1
     0      0      0      0      0      0      0      0      0      0      0      0      0      0      0      0      0      0      0 
  4120   4267   4166   4472   4421   4118   3722   4461   4587   4539   4122   3859   4415   4820   4408   4141   9145   4962   4497 
 17236  13361     51    155   4166   4118   4267   4421   4120   4472   4539   4587   4461   4415   9145   4820   4962   4408   4497   4141   3859   4122   3722  13577  26304      0      0  65535 
     0      0      0      0      0      0      0      0      0      0      0      0      0      0      0      0      0      0      0 
     0      0      0      0      0      0      0      0      0      0      0      0      0      0      0      0      0      0      0 
     0      0      0      0      0      0      0      0      0      0      0      0      0      0      0      0      0      0      0 
0 -1 -1
     0      0      0      0      0      0      0      0      0      0      0      0      0      0      0      0      0      0      0 
  4120   4269   4166   4471   4420   4118   3724   4461   4587   4538   4120   3857   4415   4821   4409   4141   9140   4963   4497 
 17236  13361     51    154   4166   4118   4269   4420   4120   4471   4538   4587   4461   4415   9140   4821   4963   4409   4497   4141   3857   4120   3724  13577  26304      0      0  65535 
     0      0      0      0      0      0      0      0      0      0      0      0      0      0      0      0      0      0      0 
     0      0      0      0      0      0      0      0      0      0      0      0      0      0      0      0      0      0      0 
     0      0      0      0      0      0      0      0      0      0      0      0      0      0      0      0      0      0      0 
0 -1 -1
     0      0      0      0      0      0      0      0      0      0      0      0      0      0      0      0      0      0      0 
  4119   4269   4166   4473   4420   4116   3723   4461   4587   4537   4121   3857   4416   4820   4408   4141   9149   4962   4498 
 17236  13361     51    154   4166   4116   4269   4420   4119   4473   4537   4587   4461   4416   9149   4820   4962   4408   4498   4141   3857   4121   3723  13577  26304      0      0  65535 
     0      0      0      0      0      0      0      0      0      0      0      0      0      0      0      0      0      0      0 
     0      0      0      0      0      0      0      0      0      0      0      0      0      0      0      0      0      0      0 
     0      0      0      0      0      0      0      0      0      0      0      0      0      0      0      0      0      0      0 
0 -1 -1
     0      0      0      0      0      0      0      0      0      0      0      0      0      0      0      0      0      0      0 
  4120   4270   4166   4472   4419   4118   3724   4461   4586   4538   4121   3856   4414   4819   4407   4140   9140   4961   4497 
 17236  13361     51    154   4166   4118   4270   4419   4120   4472   4538   4586   4461   4414   9140   4819   4961   4407   4497   4140   3856   4121   3724  13577  26304      0      0  65535 
     0      0      0      0      0      0      0      0      0      0      0      0      0      0      0      0      0      0      0 
     0      0      0      0      0      0      0      0      0      0      0      0      0      0      0      0      0      0      0 
     0      0      0      0      0      0      0      0      0      0      0      0      0      0      0      0      0      0      0 
0 -1 -1
     0      0      0      0      0      0      0      0      0      0      0      0      0      0      0      0      0      0      0 
  4121   4269   4164   4472   4421   4118   3724   4461   4588   4537   4121   3857   4415   4821   4408   4142   9148   4963   4497 
 17236  13361     51    154   4164   4118   4269   4421   4121   4472   4537   4588   4461   4415   9148   4821   4963   4408   4497   4142   3857   4121   3724  13577  26304      0      0  65535 
     0      0      0      0      0      0      0      0      0      0      0      0      0      0      0      0      0      0      0 
     0      0      0      0      0      0      0      0      0      0      0      0      0      0      0      0      0      0      0 
     0      0      0      0      0      0      0      0      0      0      0      0      0      0      0      0      0      0      0 
0 -1 -1
