     2      3      5      1      5      3      3      1      2      2      2      1      1      1      2      2      0      1      2 
  3970   4098   4121   4230   4249   3904   3555   4249   4344   4279   3887   3617   4176   4546   4149   3958   9392   4719   4376 
 17236  13361     51    153   4121   3904   4098   4249   3970   4230   4279   4344   4249   4176   9392   4546   4719   4149   4376   3958   3617   3887   3555  13578  26304      0      0  65535 
     0      0      0      0      0      0      0      0      0      0      0      0      0      0      0      0      0      0      0 
     0      0      0      0      0      0      0      0      0      0      0      0      0      0      0      0      0      0      0 
     0      0      0      0      0      0      0      0      0      0      0      0      0      0      0      0      0      0      0 
0 -1 -1
     3      5      8      2      8      5      4      1      2      3      3      1      1      1      2      2      0      1      3 
  4031   4184   4241   4257   4309   3962   3603   4266   4361   4299   3908   3627   4185   4547   4167   3984   9356   4732   4398 
 17236  13361     51    153   4241   3962   4184   4309   4031   4257   4299   4361   4266   4185   9356   4547   4732   4167   4398   3984   3627   3908   3603  13582  26304      0      0  65535 
     0      0      0      0      0      0      0      0      0      0      0      0      0      0      0      0      0      0      0 
     0      0      0      0      0      0      0      0      0      0      0      0      0      0      0      0      0      0      0 
     0      0      0      0      0      0      0      0      0      0      0      0      0      0      0      0      0      0      0 
0 -1 -1
     6     11     17      3     20     11     10      2      6      5      7      3      2      2      5      5      0      2      4 
  4208   4429   4655   4341   4627   4110   3870   4316   4444   4352   4015   3677   4214   4565   4232   4111   9290   4759   4512 
 17236  13361     51    153   4655   4110   4429   4627   4208   4341   4352   4444   4316   4214   9290   4565   4759   4232   4512   4111   3677   4015   3870  13582  26304      0      0  65535 
     0      0      0      0      0      0      0      0      0      0      0      0      0      0      0      0      0      0      0 
     0      0      0      0      0      0      0      0      0      0      0      0      0      0      0      0      0      0      0 
     0      0      0      0      0      0      0      0      0      0      0      0      0      0      0      0      0      0      0 
0 -1 -1
     9     17     27      5     38     17     16      3      9      7     10      4      2      2      8      7      0      2      6 
  4399   4704   5145   4430   5068   4274   4114   4361   4549   4404   4098   3732   4239   4587   4296   4233   9256   4778   4606 
 17236  13361     51    152   5145   4274   4704   5068   4399   4430   4404   4549   4361   4239   9256   4587   4778   4296   4606   4233   3732   4098   4114  13581  26304      1      0  65535 
     0      0      0      0      0      0      0      0      0      0      0      0      0      0      0      0      0      0      0 
     0      0      0      0      0      0      0      0      0      0      0      0      0      0      0      0      0      0      0 
     0      0      0      0      0      0      0      0      0      0      0      0      0      0      0      0      0      0      0 
0 -1 -1
    11     21     33      6     51     22     21      3     13      9     13      6      3      3     10      9      0      3      7 
  4534   4889   5442   4488   5403   4404   4355   4390   4647   4440   4164   3775   4253   4606   4353   4338   9230   4798   4684 
 17236  13361     51    152   5442   4404   4889   5403   4534   4488   4440   4647   4390   4253   9230   4606   4798   4353   4684   4338   3775   4164   4355  13581  26305      0      0  65535 
     0      0      0      0      0      0      0      0      0      0      0      0      0      0      0      0      0      0      0 
     0      0      0      0      0      0      0      0      0      0      0      0      0      0      0      0      0      0      0 
     0      0      0      0      0      0      0      0      0      0      0      0      0      0      0      0      0      0      0 
0 -1 -1
    14     26     41      7     69     29     28      4     18     11     16      7      3      4     13     12      0      3      8 
  4697   5113   5805   4546   5866   4589   4668   4426   4786   4480   4252   3829   4269   4627   4430   4475   9186   4817   4778 
 17236  13361     51    151   5805   4589   5113   5866   4697   4546   4480   4786   4426   4269   9186   4627   4817   4430   4778   4475   3829   4252   4668  13581  26304      0      0  65535 
     0      0      0      0      0      0      0      0      0      0      0      0      0      0      0      0      0      0      0 
     0      0      0      0      0      0      0      0      0      0      0      0      0      0      0      0      0      0      0 
     0      0      0      0      0      0      0      0      0      0      0      0      0      0      0      0      0      0      0 
0 -1 -1
    17     34     52      8     97     39     40      5     28     13     21     10      4      6     18     16      0      4     11 
  4932   5430   6306   4626   6570   4850   5160   4491   5043   4546   4389   3911   4298   4663   4551   4669   9160   4850   4931 
 17236  13361     51    150   6306   4850   5430   6570   4932   4626   4546   5043   4491   4298   9160   4663   4850   4551   4931   4669   3911   4389   5160  13581  26304      0      1  65535 
     0      0      0      0      0      0      0      0      0      0      0      0      0      0      0      0      0      0      0 
     0      0      0      0      0      0      0      0      0      0      0      0      0      0      0      0      0      0      0 
     0      0      0      0      0      0      0      0      0      0      0      0      0      0      0      0      0      0      0 
0 -1 -1
    22     43     65     10    132     53     52      6     42     16     26     12      5      7     23     20      0      5     13 
  5199   5847   6907   4737   7437   5227   5689   4559   5410   4615   4532   3999   4330   4700   4683   4918   9158   4884   5108 
 17236  13361     51    150   6907   5227   5847   7437   5199   4737   4615   5410   4559   4330   9158   4700   4884   4683   5108   4918   3999   4532   5689  13580  26305      0      0  65535 
     0      0      0      0      0      0      0      0      0      0      0      0      0      0      0      0      0      0      0 
     0      0      0      0      0      0      0      0      0      0      0      0      0      0      0      0      0      0      0 
     0      0      0      0      0      0      0      0      0      0      0      0      0      0      0      0      0      0      0 
0 -1 -1
    25     52     75     12    161     65     66      7     54     19     31     15      5      8     28     26      0      5     16 
  5440   6228   7385   4828   8178   5573   6272   4619   5735   4678   4673   4089   4352   4732   4812   5203   9134   4907   5273 
 17236  13361     51    148   7385   5573   6228   8178   5440   4828   4678   5735   4619   4352   9134   4732   4907   4812   5273   5203   4089   4673   6272  13595  26305      0      0  65535 
     0      0      0      0      0      0      0      0      0      0      0      0      0      0      0      0      0      0      0 
     0      0      0      0      0      0      0      0      0      0      0      0      0      0      0      0      0      0      0 
     0      0      0      0      0      0      0      0      0      0      0      0      0      0      0      0      0      0      0 
0 -1 -1
    29     60     84     13    187     77     76      7     68     22     36     17      6     10     33     31      0      6     18 
  5661   6573   7800   4916   8838   5894   6724   4676   6082   4739   4798   4164   4380   4766   4943   5460   9125   4939   5398 
 17236  13361     51    148   7800   5894   6573   8838   5661   4916   4739   6082   4676   4380   9125   4766   4939   4943   5398   5460   4164   4798   6724  13625  26304      0      0  65535 
     0      0      0      0      0      0      0      0      0      0      0      0      0      0      0      0      0      0      0 
     0      0      0      0      0      0      0      0      0      0      0      0      0      0      0      0      0      0      0 
     0      0      0      0      0      0      0      0      0      0      0      0      0      0      0      0      0      0      0 
0 -1 -1
    32     68     92     16    214     88     85      8     83     25     42     19      7     12     40     36      0      7     21 
  5886   6900   8192   5039   9531   6176   7106   4750   6503   4812   4969   4240   4415   4810   5097   5740   9126   4986   5585 
 17236  13361     51    147   8192   6176   6900   9531   5886   5039   4812   6503   4750   4415   9126   4810   4986   5097   5585   5740   4240   4969   7106  13580  26304      0      0  65535 
     0      0      0      0      0      0      0      0      0      0      0      0      0      0      0      0      0      0      0 
     0      0      0      0      0      0      0      0      0      0      0      0      0      0      0      0      0      0      0 
     0      0      0      0      0      0      0      0      0      0      0      0      0      0      0      0      0      0      0 
0 -1 -1
    35     74     99     18    237     99     94      9     97     27     48     22      7     13     44     41      0      8     23 
  6088   7192   8536   5154  10109   6468   7504   4808   6861   4871   5120   4319   4442   4850   5216   5993   9126   5028   5734 
 17236  13361     51    146   8536   6468   7192  10109   6088   5154   4871   6861   4808   4442   9126   4850   5028   5216   5734   5993   4319   5120   7504  13581  26304      0      0  65535 
     0      0      0      0      0      0      0      0      0      0      0      0      0      0      0      0      0      0      0 
     0      0      0      0      0      0      0      0      0      0      0      0      0      0      0      0      0      0      0 
     0      0      0      0      0      0      0      0      0      0      0      0      0      0      0      0      0      0      0 
0 -1 -1
    38     81    105     19    255    109    103     10    107     29     51     24      8     14     49     45      0      8     25 
  6273   7470   8824   5214  10576   6739   7894   4851   7124   4915   5223   4394   4457   4871   5336   6208   9133   5046   5843 
 17236  13361     51    146   8824   6739   7470  10576   6273   5214   4915   7124   4851   4457   9133   4871   5046   5336   5843   6208   4394   5223   7894  13580  26303      0      0  65535 
     0      0      0      0      0      0      0      0      0      0      0      0      0      0      0      0      0      0      0 
     0      0      0      0      0      0      0      0      0      0      0      0      0      0      0      0      0      0      0 
     0      0      0      0      0      0      0      0      0      0      0      0      0      0      0      0      0      0      0 
0 -1 -1
    41     86    110     20    255    117    110     11    116     31     55     25      8     15     54     49      0      8     26 
  6426   7685   9047   5277  10960   6949   8178   4897   7356   4956   5321   4445   4478   4897   5449   6389   9136   5066   5952 
 17236  13361     51    145   9047   6949   7685  10960   6426   5277   4956   7356   4897   4478   9136   4897   5066   5449   5952   6389   4445   5321   8178  13580  26303      0      0  65535 
     0      0      0      0      0      0      0      0      0      0      0      0      0      0      0      0      0      0      0 
     0      0      0      0      0      0      0      0      0      0      0      0      0      0      0      0      0      0      0 
     0      0      0      0      0      0      0      0      0      0      0      0      0      0      0      0      0      0      0 
0 -1 -1
    42     89    114     21    255    122    114     11    124     33     58     27      9     16     57     51      0      9     28 
  6544   7845   9220   5342  11241   7089   8351   4944   7572   4997   5395   4484   4500   4921   5540   6505   9135   5088   6052 
 17236  13361     51    145   9220   7089   7845  11241   6544   5342   4997   7572   4944   4500   9135   4921   5088   5540   6052   6505   4484   5395   8351  13580  26304      0      0  65535 
     0      0      0      0      0      0      0      0      0      0      0      0      0      0      0      0      0      0      0 
     0      0      0      0      0      0      0      0      0      0      0      0      0      0      0      0      0      0      0 
     0      0      0      0      0      0      0      0      0      0      0      0      0      0      0      0      0      0      0 
0 -1 -1
    45     94    118     22    255    129    120     12    133     35     62     28      9     18     62     54      0     10     30 
  6684   8048   9432   5409  11591   7283   8618   4988   7823   5040   5507   4538   4524   4948   5657   6665   9149   5115   6162 
 17236  13361     51    144   9432   7283   8048  11591   6684   5409   5040   7823   4988   4524   9149   4948   5115   5657   6162   6665   4538   5507   8618  13581  26304      0      0  65535 
     0      0      0      0      0      0      0      0      0      0      0      0      0      0      0      0      0      0      0 
     0      0      0      0      0      0      0      0      0      0      0      0      0      0      0      0      0      0      0 
     0      0      0      0      0      0      0      0      0      0      0      0      0      0      0      0      0      0      0 
0 -1 -1
    47     98    122     23    255    136    126     12    141     36     65     30     10     18     66     57      0     10     31 
  6805   8232   9600   5458  11902   7471   8877   5010   8032   5076   5604   4591   4541   4968   5769   6823   9146   5136   6247 
 17236  13361     51    144   9600   7471   8232  11902   6805   5458   5076   8032   5010   4541   9146   4968   5136   5769   6247   6823   4591   5604   8877  13576  26303      0      1  65535 
     0      0      0      0      0      0      0      0      0      0      0      0      0      0      0      0      0      0      0 
     0      0      0      0      0      0      0      0      0      0      0      0      0      0      0      0      0      0      0 
     0      0      0      0      0      0      0      0      0      0      0      0      0      0      0      0      0      0      0 
0 -1 -1
    49    103    126     24    255    144    133     13    151     38     70     32     10     19     72     61      0     11     33 
  6935   8425   9799   5519  12242   7670   9162   5061   8276   5121   5714   4653   4562   4990   5918   7023   9147   5161   6359 
 17236  13361     51    143   9799   7670   8425  12242   6935   5519   5121   8276   5061   4562   9147   4990   5161   5918   6359   7023   4653   5714   9162  13573  26303      0      0  65535 
     0      0      0      0      0      0      0      0      0      0      0      0      0      0      0      0      0      0      0 
     0      0      0      0      0      0      0      0      0      0      0      0      0      0      0      0      0      0      0 
     0      0      0      0      0      0      0      0      0      0      0      0      0      0      0      0      0      0      0 
0 -1 -1
    51    109    132     26    255    153    140     14    163     40     74     34     11     21     79     65      0     11     35 
  7117   8688  10072   5605  12684   7918   9490   5125   8593   5175   5849   4724   4591   5029   6092   7248   9155   5195   6508 
 17236  13361     51    143  10072   7918   8688  12684   7117   5605   5175   8593   5125   4591   9155   5029   5195   6092   6508   7248   4724   5849   9490  13573  26304      0      0  65535 
     0      0      0      0      0      0      0      0      0      0      0      0      0      0      0      0      0      0      0 
     0      0      0      0      0      0      0      0      0      0      0      0      0      0      0      0      0      0      0 
     0      0      0      0      0      0      0      0      0      0      0      0      0      0      0      0      0      0      0 
0 -1 -1
    54    114    137     27    255    160    147     15    175     43     80     36     12     23     86     68      0     12     37 
  7301   8936  10302   5701  13036   8119   9768   5196   8916   5229   5994   4786   4628   5074   6253   7421   9164   5235   6658 
 17236  13361     51    142  10302   8119   8936  13036   7301   5701   5229   8916   5196   4628   9164   5074   5235   6253   6658   7421   4786   5994   9768  13575  26303      0      0  65535 
     0      0      0      0      0      0      0      0      0      0      0      0      0      0      0      0      0      0      0 
     0      0      0      0      0      0      0      0      0      0      0      0      0      0      0      0      0      0      0 
     0      0      0      0      0      0      0      0      0      0      0      0      0      0      0      0      0      0      0 
0 -1 -1
    58    121    143     30    255    170    157     16    191     46     88     38     13     25     95     74      0     13     41 
  7520   9228  10605   5828  13514   8368  10192   5273   9340   5300   6209   4886   4675   5136   6492   7706   9179   5295   6883 
 17236  13361     51    141  10605   8368   9228  13514   7520   5828   5300   9340   5273   4675   9179   5136   5295   6492   6883   7706   4886   6209  10192  13575  26303      0      0  65535 
     0      0      0      0      0      0      0      0      0      0      0      0      0      0      0      0      0      0      0 
     0      0      0      0      0      0      0      0      0      0      0      0      0      0      0      0      0      0      0 
     0      0      0      0      0      0      0      0      0      0      0      0      0      0      0      0      0      0      0 
0 -1 -1
    61    129    151     32    255    181    167     18    208     49     95     41     14     28    105     79      0     14     44 
  7761   9569  10954   5953  14083   8684  10619   5367   9787   5384   6404   4986   4719   5191   6731   7989   9179   5336   7096 
 17236  13361     51    141  10954   8684   9569  14083   7761   5953   5384   9787   5367   4719   9179   5191   5336   6731   7096   7989   4986   6404  10619  13575  26304      0      0  65535 
     0      0      0      0      0      0      0      0      0      0      0      0      0      0      0      0      0      0      0 
     0      0      0      0      0      0      0      0      0      0      0      0      0      0      0      0      0      0      0 
     0      0      0      0      0      0      0      0      0      0      0      0      0      0      0      0      0      0      0 
0 -1 -1
    64    134    156     33    255    189    173     19    219     52    100     43     15     29    111     82      0     15     46 
  7918   9767  11175   6033  14429   8899  10885   5436  10087   5435   6536   5054   4747   5232   6884   8151   9193   5384   7225 
 17236  13361     51    140  11175   8899   9767  14429   7918   6033   5435  10087   5436   4747   9193   5232   5384   6884   7225   8151   5054   6536  10885  13576  26303      0      0  65535 
     0      0      0      0      0      0      0      0      0      0      0      0      0      0      0      0      0      0      0 
     0      0      0      0      0      0      0      0      0      0      0      0      0      0      0      0      0      0      0 
     0      0      0      0      0      0      0      0      0      0      0      0      0      0      0      0      0      0      0 
0 -1 -1
    67    140    161     35    255    199    181     20    233     54    107     46     15     31    120     87      0     17     49 
  8128  10046  11444   6134  14863   9155  11265   5531  10459   5504   6720   5150   4784   5282   7100   8372   9208   5447   7391 
 17236  13361     51    140  11444   9155  10046  14863   8128   6134   5504  10459   5531   4784   9208   5282   5447   7100   7391   8372   5150   6720  11265  13576  26303      0      0  65535 
     0      0      0      0      0      0      0      0      0      0      0      0      0      0      0      0      0      0      0 
     0      0      0      0      0      0      0      0      0      0      0      0      0      0      0      0      0      0      0 
     0      0      0      0      0      0      0      0      0      0      0      0      0      0      0      0      0      0      0 
0 -1 -1
    72    149    170     39    255    212    192     22    255     59    117     50     17     36    134     93      0     19     53 
  8436  10460  11857   6314  15532   9514  11736   5684  11041   5621   6997   5277   4854   5382   7445   8716   9228   5559   7684 
 17236  13361     51    139  11857   9514  10460  15532   8436   6314   5621  11041   5684   4854   9228   5382   5559   7445   7684   8716   5277   6997  11736  13577  26303      0      0  65535 
     0      0      0      0      0      0      0      0      0      0      0      0      0      0      0      0      0      0      0 
     0      0      0      0      0      0      0      0      0      0      0      0      0      0      0      0      0      0      0 
     0      0      0      0      0      0      0      0      0      0      0      0      0      0      0      0      0      0      0 
0 -1 -1
    74    154    175     41    255    220    199     24    255     63    124     53     19     39    142     98      0     21     56 
  8591  10668  12083   6448  15902   9711  12010   5760  11423   5698   7195   5363   4911   5457   7665   8962   9238   5658   7893 
 17236  13361     51    139  12083   9711  10668  15902   8591   6448   5698  11423   5760   4911   9238   5457   5658   7665   7893   8962   5363   7195  12010  13577  26304      0      0  65535 
     0      0      0      0      0      0      0      0      0      0      0      0      0      0      0      0      0      0      0 
     0      0      0      0      0      0      0      0      0      0      0      0      0      0      0      0      0      0      0 
     0      0      0      0      0      0      0      0      0      0      0      0      0      0      0      0      0      0      0 
0 -1 -1
    77    160    180     43    255    228    205     25    255     65    129     54     19     41    148    101      0     23     58 
  8763  10925  12306   6556  16279   9929  12269   5847  11754   5758   7343   5420   4950   5499   7809   9114   9240   5725   8016 
 17236  13361     51    138  12306   9929  10925  16279   8763   6556   5758  11754   5847   4950   9240   5499   5725   7809   8016   9114   5420   7343  12269  13579  26304      0      0  65535 
     0      0      0      0      0      0      0      0      0      0      0      0      0      0      0      0      0      0      0 
     0      0      0      0      0      0      0      0      0      0      0      0      0      0      0      0      0      0      0 
     0      0      0      0      0      0      0      0      0      0      0      0      0      0      0      0      0      0      0 
0 -1 -1
    77    161    180     43    255    227    205     25    255     65    129     54     19     40    147    100      0     23     58 
  8789  10978  12326   6569  16290   9923  12259   5853  11778   5751   7334   5410   4949   5496   7779   9064   9247   5718   7984 
 17236  13361     51    138  12326   9923  10978  16290   8789   6569   5751  11778   5853   4949   9247   5496   5718   7779   7984   9064   5410   7334  12259  13582  26305      0      0  65535 
     0      0      0      0      0      0      0      0      0      0      0      0      0      0      0      0      0      0      0 
     0      0      0      0      0      0      0      0      0      0      0      0      0      0      0      0      0      0      0 
     0      0      0      0      0      0      0      0      0      0      0      0      0      0      0      0      0      0      0 
0 -1 -1
    77    160    179     43    255    224    202     25    255     65    128     53     19     40    146     99      0     23     57 
  8752  10938  12277   6562  16199   9836  12170   5848  11747   5741   7304   5389   4947   5494   7751   9008   9237   5717   7955 
 17236  13361     51    138  12277   9836  10938  16199   8752   6562   5741  11747   5848   4947   9237   5494   5717   7751   7955   9008   5389   7304  12170  13581  26304      0      0  65535 
     0      0      0      0      0      0      0      0      0      0      0      0      0      0      0      0      0      0      0 
     0      0      0      0      0      0      0      0      0      0      0      0      0      0      0      0      0      0      0 
     0      0      0      0      0      0      0      0      0      0      0      0      0      0      0      0      0      0      0 
0 -1 -1
    76    159    178     43    255    221    200     25    255     64    127     53     19     40    145     98      0     23     57 
  8708  10875  12213   6562  16097   9752  12058   5844  11715   5733   7272   5369   4935   5496   7722   8950   9237   5719   7931 
 17236  13361     51    138  12213   9752  10875  16097   8708   6562   5733  11715   5844   4935   9237   5496   5719   7722   7931   8950   5369   7272  12058  13621  26304      0      1  65535 
     0      0      0      0      0      0      0      0      0      0      0      0      0      0      0      0      0      0      0 
     0      0      0      0      0      0      0      0      0      0      0      0      0      0      0      0      0      0      0 
     0      0      0      0      0      0      0      0      0      0      0      0      0      0      0      0      0      0      0 
0 -1 -1
    75    157    176     43    255    219    198     25    255     64    126     52     19     40    143     97      0     22     56 
  8662  10802  12155   6549  15996   9692  11981   5832  11665   5722   7241   5350   4927   5487   7687   8902   9231   5711   7907 
 17236  13361     51    138  12155   9692  10802  15996   8662   6549   5722  11665   5832   4927   9231   5487   5711   7687   7907   8902   5350   7241  11981  13597  26304      0      0  65535 
     0      0      0      0      0      0      0      0      0      0      0      0      0      0      0      0      0      0      0 
     0      0      0      0      0      0      0      0      0      0      0      0      0      0      0      0      0      0      0 
     0      0      0      0      0      0      0      0      0      0      0      0      0      0      0      0      0      0      0 
0 -1 -1
    74    155    175     42    255    216    194     24    255     63    123     51     19     39    140     95      0     22     55 
  8593  10710  12071   6514  15837   9610  11817   5798  11550   5699   7160   5309   4913   5464   7601   8802   9238   5682   7843 
 17236  13361     51    139  12071   9610  10710  15837   8593   6514   5699  11550   5798   4913   9238   5464   5682   7601   7843   8802   5309   7160  11817  13584  26305      0      0  65535 
     0      0      0      0      0      0      0      0      0      0      0      0      0      0      0      0      0      0      0 
     0      0      0      0      0      0      0      0      0      0      0      0      0      0      0      0      0      0      0 
     0      0      0      0      0      0      0      0      0      0      0      0      0      0      0      0      0      0      0 
0 -1 -1
    68    143    164     38    255    197    175     21    248     56    106     44     16     33    119     84      0     18     49 
  8191  10187  11590   6301  14963   9100  10968   5599  10854   5548   6707   5076   4815   5315   7075   8237   9207   5505   7445 
 17236  13361     51    139  11590   9100  10187  14963   8191   6301   5548  10854   5599   4815   9207   5315   5505   7075   7445   8237   5076   6707  10968  13583  26303      0      0  65535 
     0      0      0      0      0      0      0      0      0      0      0      0      0      0      0      0      0      0      0 
     0      0      0      0      0      0      0      0      0      0      0      0      0      0      0      0      0      0      0 
     0      0      0      0      0      0      0      0      0      0      0      0      0      0      0      0      0      0      0 
0 -1 -1
    58    123    146     33    255    165    145     17    211     48     85     35     14     26     90     68      0     14     41 
  7561   9310  10747   6021  13557   8249   9696   5349   9863   5343   6127   4769   4703   5148   6366   7415   9180   5325   6917 
 17236  13361     51    142  10747   8249   9310  13557   7561   6021   5343   9863   5349   4703   9180   5148   5325   6366   6917   7415   4769   6127   9696  13583  26304      0      1  65535 
     0      0      0      0      0      0      0      0      0      0      0      0      0      0      0      0      0      0      0 
     0      0      0      0      0      0      0      0      0      0      0      0      0      0      0      0      0      0      0 
     0      0      0      0      0      0      0      0      0      0      0      0      0      0      0      0      0      0      0 
0 -1 -1
    48    102    126     29    255    132    118     14    174     39     67     27     11     20     65     53      0     11     34 
  6929   8385   9779   5759  12059   7374   8510   5121   8892   5154   5639   4510   4609   5017   5728   6632   9160   5193   6434 
 17236  13361     51    144   9779   7374   8385  12059   6929   5759   5154   8892   5121   4609   9160   5017   5193   5728   6434   6632   4510   5639   8510  13583  26304      0      1  65535 
     0      0      0      0      0      0      0      0      0      0      0      0      0      0      0      0      0      0      0 
     0      0      0      0      0      0      0      0      0      0      0      0      0      0      0      0      0      0      0 
     0      0      0      0      0      0      0      0      0      0      0      0      0      0      0      0      0      0      0 
0 -1 -1
    39     81    105     23    255    103     93     11    136     31     51     21      9     16     43     40      0      9     27 
  6319   7501   8820   5448  10588   6595   7456   4903   7890   4960   5201   4303   4508   4900   5178   5939   9140   5075   5965 
 17236  13361     51    146   8820   6595   7501  10588   6319   5448   4960   7890   4903   4508   9140   4900   5075   5178   5965   5939   4303   5201   7456  13583  26304      0      0  65535 
     0      0      0      0      0      0      0      0      0      0      0      0      0      0      0      0      0      0      0 
     0      0      0      0      0      0      0      0      0      0      0      0      0      0      0      0      0      0      0 
     0      0      0      0      0      0      0      0      0      0      0      0      0      0      0      0      0      0      0 
0 -1 -1
    32     66     90     18    212     83     75      8    106     25     39     17      7     12     30     31      0      7     21 
  5861   6842   8085   5188   9462   6033   6668   4750   7111   4811   4879   4152   4433   4812   4859   5454   9123   4990   5601 
 17236  13361     51    147   8085   6033   6842   9462   5861   5188   4811   7111   4750   4433   9123   4812   4990   4859   5601   5454   4152   4879   6668  13584  26304      0      0  65535 
     0      0      0      0      0      0      0      0      0      0      0      0      0      0      0      0      0      0      0 
     0      0      0      0      0      0      0      0      0      0      0      0      0      0      0      0      0      0      0 
     0      0      0      0      0      0      0      0      0      0      0      0      0      0      0      0      0      0      0 
0 -1 -1
    25     52     74     14    168     63     58      7     80     19     30     13      6      9     22     23      0      5     16 
  5446   6230   7366   4970   8371   5504   5948   4630   6419   4686   4627   4031   4378   4747   4658   5050   9116   4922   5296 
 17236  13361     51    149   7366   5504   6230   8371   5446   4970   4686   6419   4630   4378   9116   4747   4922   4658   5296   5050   4031   4627   5948  13584  26304      0      0  65535 
     0      0      0      0      0      0      0      0      0      0      0      0      0      0      0      0      0      0      0 
     0      0      0      0      0      0      0      0      0      0      0      0      0      0      0      0      0      0      0 
     0      0      0      0      0      0      0      0      0      0      0      0      0      0      0      0      0      0      0 
0 -1 -1
    21     42     63     12    137     49     45      6     63     16     24     11      5      8     17     18      0      5     13 
  5163   5801   6829   4836   7566   5139   5400   4554   5952   4607   4468   3950   4345   4709   4542   4786   9111   4887   5108 
 17236  13361     51    149   6829   5139   5801   7566   5163   4836   4607   5952   4554   4345   9111   4709   4887   4542   5108   4786   3950   4468   5400  13584  26304      0      1  65535 
     0      0      0      0      0      0      0      0      0      0      0      0      0      0      0      0      0      0      0 
     0      0      0      0      0      0      0      0      0      0      0      0      0      0      0      0      0      0      0 
     0      0      0      0      0      0      0      0      0      0      0      0      0      0      0      0      0      0      0 
0 -1 -1
    15     30     48      9     94     34     28      4     40     12     16      8      4      5     12     11      0      3     10 
  4804   5265   6117   4667   6479   4721   4667   4462   5345   4508   4260   3843   4298   4656   4409   4459   9134   4835   4857 
 17236  13361     51    151   6117   4721   5265   6479   4804   4667   4508   5345   4462   4298   9134   4656   4835   4409   4857   4459   3843   4260   4667  13584  26304      0      0  65535 
     0      0      0      0      0      0      0      0      0      0      0      0      0      0      0      0      0      0      0 
     0      0      0      0      0      0      0      0      0      0      0      0      0      0      0      0      0      0      0 
     0      0      0      0      0      0      0      0      0      0      0      0      0      0      0      0      0      0      0 
0 -1 -1
     8     15     25      5     38     16     12      2     14      7      7      4      2      3      6      5      0      2      5 
  4353   4625   5069   4439   5080   4254   3939   4343   4670   4386   4022   3714   4231   4589   4249   4136   9286   4764   4552 
 17236  13361     51    152   5069   4254   4625   5080   4353   4439   4386   4670   4343   4231   9286   4589   4764   4249   4552   4136   3714   4022   3939  13584  26304      0      0  65535 
     0      0      0      0      0      0      0      0      0      0      0      0      0      0      0      0      0      0      0 
     0      0      0      0      0      0      0      0      0      0      0      0      0      0      0      0      0      0      0 
     0      0      0      0      0      0      0      0      0      0      0      0      0      0      0      0      0      0      0 
0 -1 -1
     4      6      9      2     10      6      4      1      3      3      2      2      1      0      2      2      0      1      2 
  4044   4208   4303   4274   4352   3971   3595   4258   4386   4300   3891   3631   4175   4539   4149   3967   9552   4706   4373 
 17236  13361     51    153   4303   3971   4208   4352   4044   4274   4300   4386   4258   4175   9552   4539   4706   4149   4373   3967   3631   3891   3595  13584  26304      0      0  65535 
     0      0      0      0      0      0      0      0      0      0      0      0      0      0      0      0      0      0      0 
     0      0      0      0      0      0      0      0      0      0      0      0      0      0      0      0      0      0      0 
     0      0      0      0      0      0      0      0      0      0      0      0      0      0      0      0      0      0      0 
0 -1 -1
     1      1      2      0      2      1      1      0      1      0      0      0      0      0      0      1      8      0      1 
  3880   4008   3983   4189   4168   3837   3467   4197   4312   4239   3827   3582   4134   4520   4105   3889   9944   4674   4275 
 17236  13361     51    153   3983   3837   4008   4168   3880   4189   4239   4312   4197   4134   9944   4520   4674   4105   4275   3889   3582   3827   3467  13583  26304      0      0  65535 
     0      0      0      0      0      0      0      0      0      0      0      0      0      0      0      0      0      0      0 
     0      0      0      0      0      0      0      0      0      0      0      0      0      0      0      0      0      0      0 
     0      0      0      0      0      0      0      0      0      0      0      0      0      0      0      0      0      0      0 
0 -1 -1
     0      0      0      0      0      0      0      0      0      0      0      0      0      0      0      0     12      0      0 
  3816   3959   3886   4158   4112   3807   3440   4168   4292   4217   3811   3567   4119   4512   4093   3852  10128   4660   4226 
 17236  13361     51    153   3886   3807   3959   4112   3816   4158   4217   4292   4168   4119  10128   4512   4660   4093   4226   3852   3567   3811   3440  13577  26303      0      0  65535 
     0      0      0      0      0      0      0      0      0      0      0      0      0      0      0      0      0      0      0 
     0      0      0      0      0      0      0      0      0      0      0      0      0      0      0      0      0      0      0 
     0      0      0      0      0      0      0      0      0      0      0      0      0      0      0      0      0      0      0 
0 -1 -1
     0      0      0      0      0      0      0      0      0      0      0      0      0      0      0      0     13      0      0 
  3813   3955   3872   4158   4108   3804   3436   4169   4292   4216   3808   3567   4120   4511   4090   3849  10147   4660   4220 
 17236  13361     51    153   3872   3804   3955   4108   3813   4158   4216   4292   4169   4120  10147   4511   4660   4090   4220   3849   3567   3808   3436  13574  26303      0      0  65535 
     0      0      0      0      0      0      0      0      0      0      0      0      0      0      0      0      0      0      0 
     0      0      0      0      0      0      0      0      0      0      0      0      0      0      0      0      0      0      0 
     0      0      0      0      0      0      0      0      0      0      0      0      0      0      0      0      0      0      0 
0 -1 -1
     0      0      0      0      0      0      0      0      0      0      0      0      0      0      0      0     12      0      0 
  3812   3956   3871   4156   4108   3804   3435   4169   4289   4214   3808   3565   4119   4512   4090   3848  10113   4660   4218 
 17236  13361     51    153   3871   3804   3956   4108   3812   4156   4214   4289   4169   4119  10113   4512   4660   4090   4218   3848   3565   3808   3435  13575  26304      0      0  65535 
     0      0      0      0      0      0      0      0      0      0      0      0      0      0      0      0      0      0      0 
     0      0      0      0      0      0      0      0      0      0      0      0      0      0      0      0      0      0      0 
     0      0      0      0      0      0      0      0      0      0      0      0      0      0      0      0      0      0      0 
0 -1 -1
     0      0      0      0      0      0      0      0      0      0      0      0      0      0      0      0     12      0      0 
  3812   3954   3870   4156   4106   3803   3437   4166   4290   4215   3806   3565   4117   4511   4090   3849  10141   4658   4217 
 17236  13361     51    153   3870   3803   3954   4106   3812   4156   4215   4290   4166   4117  10141   4511   4658   4090   4217   3849   3565   3806   3437  13577  26305      0      1  65535 
     0      0      0      0      0      0      0      0      0      0      0      0      0      0      0      0      0      0      0 
     0      0      0      0      0      0      0      0      0      0      0      0      0      0      0      0      0      0      0 
     0      0      0      0      0      0      0      0      0      0      0      0      0      0      0      0      0      0      0 
0 -1 -1
     0      0      0      0      0      0      0      0      0      0      0      0      0      0      0      0     12      0      0 
  3811   3954   3870   4155   4106   3802   3437   4166   4289   4214   3807   3566   4118   4509   4089   3848  10113   4659   4218 
 17236  13361     51    153   3870   3802   3954   4106   3811   4155   4214   4289   4166   4118  10113   4509   4659   4089   4218   3848   3566   3807   3437  13576  26304      0      1  65535 
     0      0      0      0      0      0      0      0      0      0      0      0      0      0      0      0      0      0      0 
     0      0      0      0      0      0      0      0      0      0      0      0      0      0      0      0      0      0      0 
     0      0      0      0      0      0      0      0      0      0      0      0      0      0      0      0      0      0      0 
0 -1 -1
     0      0      0      0      0      0      0      0      0      0      0      0      0      0      0      0      9      0      0 
  3811   3953   3870   4154   4106   3801   3434   4167   4288   4214   3806   3566   4117   4509   4090   3848   9997   4660   4216 
 17236  13361     51    153   3870   3801   3953   4106   3811   4154   4214   4288   4167   4117   9997   4509   4660   4090   4216   3848   3566   3806   3434  13575  26304      0      0  65535 
     0      0      0      0      0      0      0      0      0      0      0      0      0      0      0      0      0      0      0 
     0      0      0      0      0      0      0      0      0      0      0      0      0      0      0      0      0      0      0 
     0      0      0      0      0      0      0      0      0      0      0      0      0      0      0      0      0      0      0 
0 -1 -1
     0      0      0      0      0      0      0      0      0      0      0      0      0      0      0      0     12      0      0 
  3809   3952   3868   4156   4104   3802   3434   4165   4286   4213   3806   3564   4117   4509   4088   3847  10114   4658   4215 
 17236  13361     51    153   3868   3802   3952   4104   3809   4156   4213   4286   4165   4117  10114   4509   4658   4088   4215   3847   3564   3806   3434  13588  26304      0      0  65535 
     0      0      0      0      0      0      0      0      0      0      0      0      0      0      0      0      0      0      0 
     0      0      0      0      0      0      0      0      0      0      0      0      0      0      0      0      0      0      0 
     0      0      0      0      0      0      0      0      0      0      0      0      0      0      0      0      0      0      0 
0 -1 -1
     0      0      0      0      0      0      0      0      0      0      0      0      0      0      0      0     13      0      0 
  3810   3953   3867   4155   4104   3802   3433   4167   4287   4212   3805   3565   4117   4509   4087   3847  10151   4657   4215 
 17236  13361     51    153   3867   3802   3953   4104   3810   4155   4212   4287   4167   4117  10151   4509   4657   4087   4215   3847   3565   3805   3433  13615  26304      0      0  65535 
     0      0      0      0      0      0      0      0      0      0      0      0      0      0      0      0      0      0      0 
     0      0      0      0      0      0      0      0      0      0      0      0      0      0      0      0      0      0      0 
     0      0      0      0      0      0      0      0      0      0      0      0      0      0      0      0      0      0      0 
0 -1 -1
     0      0      0      0      0      0      0      0      0      0      0      0      0      0      0      0     14      0      0 
  3808   3953   3868   4155   4102   3801   3434   4164   4286   4212   3806   3564   4116   4508   4088   3845  10200   4658   4215 
 17236  13361     51    153   3868   3801   3953   4102   3808   4155   4212   4286   4164   4116  10200   4508   4658   4088   4215   3845   3564   3806   3434  13574  26304      0      0  65535 
     0      0      0      0      0      0      0      0      0      0      0      0      0      0      0      0      0      0      0 
     0      0      0      0      0      0      0      0      0      0      0      0      0      0      0      0      0      0      0 
     0      0      0      0      0      0      0      0      0      0      0      0      0      0      0      0      0      0      0 
0 -1 -1
     0      0      0      0      0      0      0      0      0      0      0      0      0      0      0      0     14      0      0 
  3809   3952   3869   4155   4100   3801   3431   4165   4283   4212   3805   3564   4115   4508   4086   3846  10199   4657   4215 
 17236  13361     51    153   3869   3801   3952   4100   3809   4155   4212   4283   4165   4115  10199   4508   4657   4086   4215   3846   3564   3805   3431  13576  26304      0      1  65535 
     0      0      0      0      0      0      0      0      0      0      0      0      0      0      0      0      0      0      0 
     0      0      0      0      0      0      0      0      0      0      0      0      0      0      0      0      0      0      0 
     0      0      0      0      0      0      0      0      0      0      0      0      0      0      0      0      0      0      0 
0 -1 -1
     0      0      0      0      0      0      0      0      0      0      0      0      0      0      0      0     10      0      0 
  3810   3952   3867   4153   4102   3800   3432   4165   4285   4211   3804   3564   4114   4506   4087   3845  10049   4656   4216 
 17236  13361     51    153   3867   3800   3952   4102   3810   4153   4211   4285   4165   4114  10049   4506   4656   4087   4216   3845   3564   3804   3432  13576  26304      0      0  65535 
     0      0      0      0      0      0      0      0      0      0      0      0      0      0      0      0      0      0      0 
     0      0      0      0      0      0      0      0      0      0      0      0      0      0      0      0      0      0      0 
     0      0      0      0      0      0      0      0      0      0      0      0      0      0      0      0      0      0      0 
0 -1 -1
     0      0      0      0      0      0      0      0      0      0      0      0      0      0      0      0      8      0      0 
  3808   3951   3867   4153   4101   3799   3433   4164   4285   4212   3803   3563   4115   4506   4086   3844   9944   4656   4215 
 17236  13361     51    153   3867   3799   3951   4101   3808   4153   4212   4285   4164   4115   9944   4506   4656   4086   4215   3844   3563   3803   3433  13576  26304      0      0  65535 
     0      0      0      0      0      0      0      0      0      0      0      0      0      0      0      0      0      0      0 
     0      0      0      0      0      0      0      0      0      0      0      0      0      0      0      0      0      0      0 
     0      0      0      0      0      0      0      0      0      0      0      0      0      0      0      0      0      0      0 
0 -1 -1
     0      0      0      0      0      0      0      0      0      0      0      0      0      0      0      0      8      0      0 
  3807   3950   3867   4154   4100   3799   3432   4164   4283   4211   3802   3564   4115   4507   4084   3844   9939   4656   4214 
 17236  13361     51    153   3867   3799   3950   4100   3807   4154   4211   4283   4164   4115   9939   4507   4656   4084   4214   3844   3564   3802   3432  13578  26306      0      0  65535 
     0      0      0      0      0      0      0      0      0      0      0      0      0      0      0      0      0      0      0 
     0      0      0      0      0      0      0      0      0      0      0      0      0      0      0      0      0      0      0 
     0      0      0      0      0      0      0      0      0      0      0      0      0      0      0      0      0      0      0 
0 -1 -1
     0      0      0      0      0      0      0      0      0      0      0      0      0      0      0      0      8      0      0 
  3808   3950   3867   4154   4100   3798   3431   4162   4283   4212   3804   3562   4114   4505   4084   3844   9959   4655   4214 
 17236  13361     51    153   3867   3798   3950   4100   3808   4154   4212   4283   4162   4114   9959   4505   4655   4084   4214   3844   3562   3804   3431  13579  26304      0      0  65535 
     0      0      0      0      0      0      0      0      0      0      0      0      0      0      0      0      0      0      0 
     0      0      0      0      0      0      0      0      0      0      0      0      0      0      0      0      0      0      0 
     0      0      0      0      0      0      0      0      0      0      0      0      0      0      0      0      0      0      0 
0 -1 -1
     0      0      0      0      0      0      0      0      0      0      0      0      0      0      0      0      9      0      0 
  3808   3951   3866   4152   4099   3798   3432   4163   4282   4210   3801   3562   4114   4505   4084   3843   9982   4655   4214 
 17236  13361     51    153   3866   3798   3951   4099   3808   4152   4210   4282   4163   4114   9982   4505   4655   4084   4214   3843   3562   3801   3432  13579  26303      1      0  65535 
     0      0      0      0      0      0      0      0      0      0      0      0      0      0      0      0      0      0      0 
     0      0      0      0      0      0      0      0      0      0      0      0      0      0      0      0      0      0      0 
     0      0      0      0      0      0      0      0      0      0      0      0      0      0      0      0      0      0      0 
0 -1 -1
     0      0      0      0      0      0      0      0      0      0      0      0      0      0      0      0      9      0      0 
  3808   3949   3866   4151   4098   3798   3430   4162   4282   4210   3803   3562   4113   4505   4083   3842  10009   4654   4212 
 17236  13361     51    153   3866   3798   3949   4098   3808   4151   4210   4282   4162   4113  10009   4505   4654   4083   4212   3842   3562   3803   3430  13580  26304      0      0  65535 
     0      0      0      0      0      0      0      0      0      0      0      0      0      0      0      0      0      0      0 
     0      0      0      0      0      0      0      0      0      0      0      0      0      0      0      0      0      0      0 
     0      0      0      0      0      0      0      0      0      0      0      0      0      0      0      0      0      0      0 
0 -1 -1
     0      0      0      0      0      0      0      0      0      0      0      0      0      0      0      0      8      0      0 
  3808   3950   3866   4151   4099   3797   3432   4162   4282   4208   3803   3560   4111   4506   4083   3843   9945   4654   4213 
 17236  13361     51    153   3866   3797   3950   4099   3808   4151   4208   4282   4162   4111   9945   4506   4654   4083   4213   3843   3560   3803   3432  13580  26304      0      0  65535 
     0      0      0      0      0      0      0      0      0      0      0      0      0      0      0      0      0      0      0 
     0      0      0      0      0      0      0      0      0      0      0      0      0      0      0      0      0      0      0 
     0      0      0      0      0      0      0      0      0      0      0      0      0      0      0      0      0      0      0 
0 -1 -1
     0      0      0      0      0      0      0      0      0      0      0      0      0      0      0      0      8      0      0 
  3808   3950   3865   4151   4099   3797   3430   4163   4281   4208   3801   3560   4113   4505   4083   3842   9963   4652   4211 
 17236  13361     51    153   3865   3797   3950   4099   3808   4151   4208   4281   4163   4113   9963   4505   4652   4083   4211   3842   3560   3801   3430  13582  26304      0      0  65535 
     0      0      0      0      0      0      0      0      0      0      0      0      0      0      0      0      0      0      0 
     0      0      0      0      0      0      0      0      0      0      0      0      0      0      0      0      0      0      0 
     0      0      0      0      0      0      0      0      0      0      0      0      0      0      0      0      0      0      0 
0 -1 -1
     0      0      0      0      0      0      0      0      0      0      0      0      0      0      0      0      7      0      0 
  3806   3949   3863   4150   4098   3797   3430   4161   4281   4209   3800   3561   4113   4505   4081   3842   9896   4653   4211 
 17236  13361     51    153   3863   3797   3949   4098   3806   4150   4209   4281   4161   4113   9896   4505   4653   4081   4211   3842   3561   3800   3430  13582  26304      0      0  65535 
     0      0      0      0      0      0      0      0      0      0      0      0      0      0      0      0      0      0      0 
     0      0      0      0      0      0      0      0      0      0      0      0      0      0      0      0      0      0      0 
     0      0      0      0      0      0      0      0      0      0      0      0      0      0      0      0      0      0      0 
0 -1 -1
     0      0      0      0      0      0      0      0      0      0      0      0      0      0      0      0      6      0      0 
  3806   3950   3865   4152   4096   3798   3429   4161   4280   4207   3800   3561   4112   4504   4083   3841   9869   4653   4212 
 17236  13361     51    153   3865   3798   3950   4096   3806   4152   4207   4280   4161   4112   9869   4504   4653   4083   4212   3841   3561   3800   3429  13582  26304      0      1  65535 
     0      0      0      0      0      0      0      0      0      0      0      0      0      0      0      0      0      0      0 
     0      0      0      0      0      0      0      0      0      0      0      0      0      0      0      0      0      0      0 
     0      0      0      0      0      0      0      0      0      0      0      0      0      0      0      0      0      0      0 
0 -1 -1
     0      0      0      0      0      0      0      0      0      0      0      0      0      0      0      0      7      0      0 
  3808   3948   3863   4151   4097   3797   3428   4162   4279   4209   3801   3561   4112   4504   4080   3840   9897   4654   4211 
 17236  13361     51    153   3863   3797   3948   4097   3808   4151   4209   4279   4162   4112   9897   4504   4654   4080   4211   3840   3561   3801   3428  13583  26305      0      0  65535 
     0      0      0      0      0      0      0      0      0      0      0      0      0      0      0      0      0      0      0 
     0      0      0      0      0      0      0      0      0      0      0      0      0      0      0      0      0      0      0 
     0      0      0      0      0      0      0      0      0      0      0      0      0      0      0      0      0      0      0 
0 -1 -1
     0      0      0      0      0      0      0      0      0      0      0      0      0      0      0      0      7      0      0 
  3806   3949   3865   4149   4096   3796   3428   4161   4279   4208   3800   3561   4112   4504   4083   3841   9898   4653   4210 
 17236  13361     51    153   3865   3796   3949   4096   3806   4149   4208   4279   4161   4112   9898   4504   4653   4083   4210   3841   3561   3800   3428  13583  26303      0      0  65535 
     0      0      0      0      0      0      0      0      0      0      0      0      0      0      0      0      0      0      0 
     0      0      0      0      0      0      0      0      0      0      0      0      0      0      0      0      0      0      0 
     0      0      0      0      0      0      0      0      0      0      0      0      0      0      0      0      0      0      0 
0 -1 -1
     0      0      0      0      0      0      0      0      0      0      0      0      0      0      0      0      7      0      0 
  3806   3948   3864   4149   4096   3796   3430   4160   4279   4208   3800   3558   4112   4504   4081   3840   9919   4653   4210 
 17236  13361     51    153   3864   3796   3948   4096   3806   4149   4208   4279   4160   4112   9919   4504   4653   4081   4210   3840   3558   3800   3430  13582  26303      0      0  65535 
     0      0      0      0      0      0      0      0      0      0      0      0      0      0      0      0      0      0      0 
     0      0      0      0      0      0      0      0      0      0      0      0      0      0      0      0      0      0      0 
     0      0      0      0      0      0      0      0      0      0      0      0      0      0      0      0      0      0      0 
0 -1 -1
     0      0      0      0      0      0      0      0      0      0      0      0      0      0      0      0      6      0      0 
  3806   3947   3864   4151   4096   3795   3428   4160   4279   4207   3799   3560   4112   4503   4082   3840   9870   4652   4211 
 17236  13361     51    153   3864   3795   3947   4096   3806   4151   4207   4279   4160   4112   9870   4503   4652   4082   4211   3840   3560   3799   3428  13584  26304      0      0  65535 
     0      0      0      0      0      0      0      0      0      0      0      0      0      0      0      0      0      0      0 
     0      0      0      0      0      0      0      0      0      0      0      0      0      0      0      0      0      0      0 
     0      0      0      0      0      0      0      0      0      0      0      0      0      0      0      0      0      0      0 
0 -1 -1
     0      0      0      0      0      0      0      0      0      0      0      0      0      0      0      0      8      0      0 
  3806   3948   3864   4150   4096   3794   3427   4160   4279   4205   3800   3560   4110   4502   4082   3840   9924   4651   4210 
 17236  13361     51    153   3864   3794   3948   4096   3806   4150   4205   4279   4160   4110   9924   4502   4651   4082   4210   3840   3560   3800   3427  13584  26304      0      0  65535 
     0      0      0      0      0      0      0      0      0      0      0      0      0      0      0      0      0      0      0 
     0      0      0      0      0      0      0      0      0      0      0      0      0      0      0      0      0      0      0 
     0      0      0      0      0      0      0      0      0      0      0      0      0      0      0      0      0      0      0 
0 -1 -1
     0      0      0      0      0      0      0      0      0      0      0      0      0      0      0      0      9      0      0 
  3805   3948   3864   4150   4094   3794   3426   4160   4279   4207   3799   3559   4111   4502   4080   3839   9973   4652   4210 
 17236  13361     51    153   3864   3794   3948   4094   3805   4150   4207   4279   4160   4111   9973   4502   4652   4080   4210   3839   3559   3799   3426  13584  26303      0      0  65535 
     0      0      0      0      0      0      0      0      0      0      0      0      0      0      0      0      0      0      0 
     0      0      0      0      0      0      0      0      0      0      0      0      0      0      0      0      0      0      0 
     0      0      0      0      0      0      0      0      0      0      0      0      0      0      0      0      0      0      0 
0 -1 -1
     0      0      0      0      0      0      0      0      0      0      0      0      0      0      0      0      9      0      0 
  3806   3949   3864   4149   4096   3793   3427   4161   4276   4206   3798   3559   4110   4501   4081   3839   9982   4651   4210 
 17236  13361     51    153   3864   3793   3949   4096   3806   4149   4206   4276   4161   4110   9982   4501   4651   4081   4210   3839   3559   3798   3427  13585  26304      0      0  65535 
     0      0      0      0      0      0      0      0      0      0      0      0      0      0      0      0      0      0      0 
     0      0      0      0      0      0      0      0      0      0      0      0      0      0      0      0      0      0      0 
     0      0      0      0      0      0      0      0      0      0      0      0      0      0      0      0      0      0      0 
0 -1 -1
     0      0      0      0      0      0      0      0      0      0      0      0      0      0      0      0     10      0      0 
  3805   3947   3864   4150   4095   3794   3427   4159   4277   4206   3797   3558   4110   4502   4080   3838  10024   4650   4209 
 17236  13361     51    153   3864   3794   3947   4095   3805   4150   4206   4277   4159   4110  10024   4502   4650   4080   4209   3838   3558   3797   3427  13608  26304      0      0  65535 
     0      0      0      0      0      0      0      0      0      0      0      0      0      0      0      0      0      0      0 
     0      0      0      0      0      0      0      0      0      0      0      0      0      0      0      0      0      0      0 
     0      0      0      0      0      0      0      0      0      0      0      0      0      0      0      0      0      0      0 
0 -1 -1
     0      0      0      0      0      0      0      0      0      0      0      0      0      0      0      0     11      0      0 
  3803   3947   3863   4150   4095   3793   3427   4159   4277   4205   3797   3557   4111   4502   4079   3838  10056   4650   4209 
 17236  13361     51    153   3863   3793   3947   4095   3803   4150   4205   4277   4159   4111  10056   4502   4650   4079   4209   3838   3557   3797   3427  13590  26304      0      0  65535 
     0      0      0      0      0      0      0      0      0      0      0      0      0      0      0      0      0      0      0 
     0      0      0      0      0      0      0      0      0      0      0      0      0      0      0      0      0      0      0 
     0      0      0      0      0      0      0      0      0      0      0      0      0      0      0      0      0      0      0 
0 -1 -1
     0      0      0      0      0      0      0      0      0      0      0      0      0      0      0      0      8      0      0 
  3807   3947   3863   4149   4094   3793   3428   4158   4277   4204   3798   3557   4110   4501   4080   3838   9958   4650   4210 
 17236  13361     51    153   3863   3793   3947   4094   3807   4149   4204   4277   4158   4110   9958   4501   4650   4080   4210   3838   3557   3798   3428  13578  26304      0      0  65535 
     0      0      0      0      0      0      0      0      0      0      0      0      0      0      0      0      0      0      0 
     0      0      0      0      0      0      0      0      0      0      0      0      0      0      0      0      0      0      0 
     0      0      0      0      0      0      0      0      0      0      0      0      0      0      0      0      0      0      0 
0 -1 -1
     0      0      0      0      0      0      0      0      0      0      0      0      0      0      0      0      6      0      0 
  3804   3946   3863   4149   4093   3792   3426   4159   4276   4205   3799   3558   4109   4501   4080   3839   9832   4649   4208 
 17236  13361     51    153   3863   3792   3946   4093   3804   4149   4205   4276   4159   4109   9832   4501   4649   4080   4208   3839   3558   3799   3426  13580  26305      0      0  65535 
     0      0      0      0      0      0      0      0      0      0      0      0      0      0      0      0      0      0      0 
     0      0      0      0      0      0      0      0      0      0      0      0      0      0      0      0      0      0      0 
     0      0      0      0      0      0      0      0      0      0      0      0      0      0      0      0      0      0      0 
0 -1 -1
     0      0      0      0      0      0      0      0      0      0      0      0      0      0      0      0      6      0      0 
  3804   3946   3865   4150   4094   3793   3426   4160   4278   4204   3796   3557   4109   4498   4080   3837   9832   4649   4209 
 17236  13361     51    153   3865   3793   3946   4094   3804   4150   4204   4278   4160   4109   9832   4498   4649   4080   4209   3837   3557   3796   3426  13579  26304      0      0  65535 
     0      0      0      0      0      0      0      0      0      0      0      0      0      0      0      0      0      0      0 
     0      0      0      0      0      0      0      0      0      0      0      0      0      0      0      0      0      0      0 
     0      0      0      0      0      0      0      0      0      0      0      0      0      0      0      0      0      0      0 
0 -1 -1
     0      0      0      0      0      0      0      0      0      0      0      0      0      0      0      0      7      0      0 
  3805   3945   3863   4149   4093   3793   3424   4158   4276   4204   3795   3557   4110   4501   4079   3837   9891   4647   4209 
 17236  13361     51    153   3863   3793   3945   4093   3805   4149   4204   4276   4158   4110   9891   4501   4647   4079   4209   3837   3557   3795   3424  13579  26304      1      0  65535 
     0      0      0      0      0      0      0      0      0      0      0      0      0      0      0      0      0      0      0 
     0      0      0      0      0      0      0      0      0      0      0      0      0      0      0      0      0      0      0 
     0      0      0      0      0      0      0      0      0      0      0      0      0      0      0      0      0      0      0 
0 -1 -1
     0      0      0      0      0      0      0      0      0      0      0      0      0      0      0      0      8      0      0 
  3805   3945   3864   4148   4093   3792   3425   4158   4275   4204   3796   3557   4108   4499   4078   3837   9938   4650   4208 
 17236  13361     51    153   3864   3792   3945   4093   3805   4148   4204   4275   4158   4108   9938   4499   4650   4078   4208   3837   3557   3796   3425  13578  26305      0      0  65535 
     0      0      0      0      0      0      0      0      0      0      0      0      0      0      0      0      0      0      0 
     0      0      0      0      0      0      0      0      0      0      0      0      0      0      0      0      0      0      0 
     0      0      0      0      0      0      0      0      0      0      0      0      0      0      0      0      0      0      0 
0 -1 -1
     0      0      0      0      0      0      0      0      0      0      0      0      0      0      0      0      8      0      0 
  3805   3946   3862   4147   4092   3792   3425   4157   4276   4203   3796   3556   4107   4500   4077   3837   9936   4647   4207 
 17236  13361     51    153   3862   3792   3946   4092   3805   4147   4203   4276   4157   4107   9936   4500   4647   4077   4207   3837   3556   3796   3425  13578  26304      0      0  65535 
     0      0      0      0      0      0      0      0      0      0      0      0      0      0      0      0      0      0      0 
     0      0      0      0      0      0      0      0      0      0      0      0      0      0      0      0      0      0      0 
     0      0      0      0      0      0      0      0      0      0      0      0      0      0      0      0      0      0      0 
0 -1 -1
     0      0      0      0      0      0      0      0      0      0      0      0      0      0      0      0      9      0      0 
  3804   3944   3861   4147   4092   3791   3423   4158   4275   4203   3795   3554   4108   4499   4079   3836   9978   4649   4206 
 17236  13361     51    153   3861   3791   3944   4092   3804   4147   4203   4275   4158   4108   9978   4499   4649   4079   4206   3836   3554   3795   3423  13579  26304      0      0  65535 
     0      0      0      0      0      0      0      0      0      0      0      0      0      0      0      0      0      0      0 
     0      0      0      0      0      0      0      0      0      0      0      0      0      0      0      0      0      0      0 
     0      0      0      0      0      0      0      0      0      0      0      0      0      0      0      0      0      0      0 
0 -1 -1
