     1      6      9      3     12     71     15      1      6     11     37     34      4     19     15     30      4     40      8 
  4026   4548   4699   4488   4530   6776   4707   4253   4507   4714   5302   5689   4407   5133   4656   6272   9693   7098   5148 
 17236  13361     51    150   4699   6776   4548   4530   4026   4488   4714   4507   4253   4407   9693   5133   7098   4656   5148   6272   5689   5302   4707  13569  26303      1      1  65535 
     0      0      0      0      0      0      0      0      0      0      0      0      0      0      0      0      0      0      0 
     0      0      0      0      0      0      0      0      0      0      0      0      0      0      0      0      0      0      0 
     0      0      0      0      0      0      0      0      0      0      0      0      0      0      0      0      0      0      0 
0 -1 -1
     1      7     10      3     13     74     16      1      6     12     39     35      4     20     15     32      3     42      8 
  4027   4554   4717   4492   4545   6853   4733   4257   4515   4724   5362   5734   4414   5165   4672   6341   9674   7197   5167 
 17236  13361     51    150   4717   6853   4554   4545   4027   4492   4724   4515   4257   4414   9674   5165   7197   4672   5167   6341   5734   5362   4733  13569  26304      0      0  65535 
     0      0      0      0      0      0      0      0      0      0      0      0      0      0      0      0      0      0      0 
     0      0      0      0      0      0      0      0      0      0      0      0      0      0      0      0      0      0      0 
     0      0      0      0      0      0      0      0      0      0      0      0      0      0      0      0      0      0      0 
0 -1 -1
     2      7     10      3     14     79     17      1      7     13     43     38      4     22     17     34      2     46      9 
  4037   4574   4753   4506   4573   6996   4794   4262   4531   4746   5471   5821   4433   5216   4708   6483   9626   7372   5211 
 17236  13361     51    150   4753   6996   4574   4573   4037   4506   4746   4531   4262   4433   9626   5216   7372   4708   5211   6483   5821   5471   4794  13568  26305      0      0  65535 
     0      0      0      0      0      0      0      0      0      0      0      0      0      0      0      0      0      0      0 
     0      0      0      0      0      0      0      0      0      0      0      0      0      0      0      0      0      0      0 
     0      0      0      0      0      0      0      0      0      0      0      0      0      0      0      0      0      0      0 
0 -1 -1
     2      8     11      3     15     87     19      1      7     14     47     40      5     24     18     37      0     50     10 
  4048   4603   4801   4522   4606   7202   4851   4267   4552   4773   5583   5904   4451   5269   4741   6625   9458   7545   5253 
 17236  13361     51    149   4801   7202   4603   4606   4048   4522   4773   4552   4267   4451   9458   5269   7545   4741   5253   6625   5904   5583   4851  13570  26304      0      0  65535 
     0      0      0      0      0      0      0      0      0      0      0      0      0      0      0      0      0      0      0 
     0      0      0      0      0      0      0      0      0      0      0      0      0      0      0      0      0      0      0 
     0      0      0      0      0      0      0      0      0      0      0      0      0      0      0      0      0      0      0 
0 -1 -1
     2      8     11      3     16     88     19      1      8     14     48     40      5     24     18     38      0     51     10 
  4046   4606   4807   4521   4611   7238   4852   4268   4555   4772   5609   5907   4452   5276   4747   6645   9391   7580   5257 
 17236  13361     51    149   4807   7238   4606   4611   4046   4521   4772   4555   4268   4452   9391   5276   7580   4747   5257   6645   5907   5609   4852  13568  26304      0      0  65535 
     0      0      0      0      0      0      0      0      0      0      0      0      0      0      0      0      0      0      0 
     0      0      0      0      0      0      0      0      0      0      0      0      0      0      0      0      0      0      0 
     0      0      0      0      0      0      0      0      0      0      0      0      0      0      0      0      0      0      0 
0 -1 -1
     2      8     11      3     15     88     18      1      7     14     48     40      5     24     18     37      0     50     10 
  4046   4602   4800   4519   4606   7220   4841   4268   4552   4765   5595   5890   4451   5271   4741   6619   9378   7564   5248 
 17236  13361     51    149   4800   7220   4602   4606   4046   4519   4765   4552   4268   4451   9378   5271   7564   4741   5248   6619   5890   5595   4841  13568  26304      0      1  65535 
     0      0      0      0      0      0      0      0      0      0      0      0      0      0      0      0      0      0      0 
     0      0      0      0      0      0      0      0      0      0      0      0      0      0      0      0      0      0      0 
     0      0      0      0      0      0      0      0      0      0      0      0      0      0      0      0      0      0      0 
0 -1 -1
     2      8     11      3     15     87     18      1      7     14     48     39      5     24     18     37      0     50     10 
  4047   4599   4795   4520   4605   7203   4833   4269   4552   4764   5587   5877   4449   5267   4736   6596   9361   7548   5242 
 17236  13361     51    149   4795   7203   4599   4605   4047   4520   4764   4552   4269   4449   9361   5267   7548   4736   5242   6596   5877   5587   4833  13570  26304      0      1  65535 
     0      0      0      0      0      0      0      0      0      0      0      0      0      0      0      0      0      0      0 
     0      0      0      0      0      0      0      0      0      0      0      0      0      0      0      0      0      0      0 
     0      0      0      0      0      0      0      0      0      0      0      0      0      0      0      0      0      0      0 
0 -1 -1
     2      8     11      3     16     88     18      1      8     14     49     40      5     25     18     37      0     51     10 
  4050   4605   4802   4524   4612   7229   4844   4271   4556   4768   5611   5888   4455   5283   4744   6617   9370   7583   5249 
 17236  13361     51    149   4802   7229   4605   4612   4050   4524   4768   4556   4271   4455   9370   5283   7583   4744   5249   6617   5888   5611   4844  13572  26304      0      0  65535 
     0      0      0      0      0      0      0      0      0      0      0      0      0      0      0      0      0      0      0 
     0      0      0      0      0      0      0      0      0      0      0      0      0      0      0      0      0      0      0 
     0      0      0      0      0      0      0      0      0      0      0      0      0      0      0      0      0      0      0 
0 -1 -1
     2      8     12      3     16     92     19      1      8     14     51     41      5     26     19     39      0     53     10 
  4054   4620   4824   4531   4634   7328   4880   4274   4569   4785   5677   5937   4465   5321   4769   6711   9392   7693   5281 
 17236  13361     51    149   4824   7328   4620   4634   4054   4531   4785   4569   4274   4465   9392   5321   7693   4769   5281   6711   5937   5677   4880  13574  26304      0      0  65535 
     0      0      0      0      0      0      0      0      0      0      0      0      0      0      0      0      0      0      0 
     0      0      0      0      0      0      0      0      0      0      0      0      0      0      0      0      0      0      0 
     0      0      0      0      0      0      0      0      0      0      0      0      0      0      0      0      0      0      0 
0 -1 -1
     2      8     12      3     17     95     20      1      9     15     53     43      5     28     20     41      0     55     11 
  4059   4633   4847   4537   4646   7409   4918   4276   4579   4798   5744   5988   4475   5356   4793   6799   9354   7789   5310 
 17236  13361     51    149   4847   7409   4633   4646   4059   4537   4798   4579   4276   4475   9354   5356   7789   4793   5310   6799   5988   5744   4918  13573  26304      0      0  65535 
     0      0      0      0      0      0      0      0      0      0      0      0      0      0      0      0      0      0      0 
     0      0      0      0      0      0      0      0      0      0      0      0      0      0      0      0      0      0      0 
     0      0      0      0      0      0      0      0      0      0      0      0      0      0      0      0      0      0      0 
0 -1 -1
     2      9     13      4     18    100     21      1      9     16     57     45      6     30     21     43      0     58     11 
  4065   4654   4882   4547   4665   7545   4961   4281   4592   4817   5833   6061   4487   5406   4823   6920   9305   7931   5348 
 17236  13361     51    149   4882   7545   4654   4665   4065   4547   4817   4592   4281   4487   9305   5406   7931   4823   5348   6920   6061   5833   4961  13573  26304      0      0  65535 
     0      0      0      0      0      0      0      0      0      0      0      0      0      0      0      0      0      0      0 
     0      0      0      0      0      0      0      0      0      0      0      0      0      0      0      0      0      0      0 
     0      0      0      0      0      0      0      0      0      0      0      0      0      0      0      0      0      0      0 
0 -1 -1
     2      9     14      4     19    105     22      1     10     17     61     47      6     32     23     45      0     62     12 
  4074   4677   4917   4560   4694   7690   5015   4284   4610   4839   5938   6142   4504   5466   4856   7050   9311   8084   5388 
 17236  13361     51    149   4917   7690   4677   4694   4074   4560   4839   4610   4284   4504   9311   5466   8084   4856   5388   7050   6142   5938   5015  13574  26304      0      0  65535 
     0      0      0      0      0      0      0      0      0      0      0      0      0      0      0      0      0      0      0 
     0      0      0      0      0      0      0      0      0      0      0      0      0      0      0      0      0      0      0 
     0      0      0      0      0      0      0      0      0      0      0      0      0      0      0      0      0      0      0 
0 -1 -1
     2     10     15      4     21    113     24      1     11     18     65     50      6     36     24     48      0     66     13 
  4087   4709   4964   4575   4739   7888   5077   4290   4633   4864   6066   6239   4526   5544   4898   7203   9302   8275   5439 
 17236  13361     51    149   4964   7888   4709   4739   4087   4575   4864   4633   4290   4526   9302   5544   8275   4898   5439   7203   6239   6066   5077  13576  26303      0      0  65535 
     0      0      0      0      0      0      0      0      0      0      0      0      0      0      0      0      0      0      0 
     0      0      0      0      0      0      0      0      0      0      0      0      0      0      0      0      0      0      0 
     0      0      0      0      0      0      0      0      0      0      0      0      0      0      0      0      0      0      0 
0 -1 -1
     3     11     16      4     23    121     26      1     12     19     70     53      7     40     26     51      0     70     13 
  4099   4746   5016   4594   4790   8103   5151   4295   4661   4894   6206   6339   4552   5638   4942   7362   9329   8486   5492 
 17236  13361     51    149   5016   8103   4746   4790   4099   4594   4894   4661   4295   4552   9329   5638   8486   4942   5492   7362   6339   6206   5151  13575  26304      0      0  65535 
     0      0      0      0      0      0      0      0      0      0      0      0      0      0      0      0      0      0      0 
     0      0      0      0      0      0      0      0      0      0      0      0      0      0      0      0      0      0      0 
     0      0      0      0      0      0      0      0      0      0      0      0      0      0      0      0      0      0      0 
0 -1 -1
     3     12     17      5     25    129     27      1     13     20     75     55      8     44     28     54      0     74     14 
  4114   4790   5066   4615   4843   8320   5213   4305   4691   4921   6324   6423   4577   5733   4985   7494   9328   8673   5536 
 17236  13361     51    149   5066   8320   4790   4843   4114   4615   4921   4691   4305   4577   9328   5733   8673   4985   5536   7494   6423   6324   5213  13575  26305      0      0  65535 
     0      0      0      0      0      0      0      0      0      0      0      0      0      0      0      0      0      0      0 
     0      0      0      0      0      0      0      0      0      0      0      0      0      0      0      0      0      0      0 
     0      0      0      0      0      0      0      0      0      0      0      0      0      0      0      0      0      0      0 
0 -1 -1
     3     13     18      5     27    136     28      1     14     21     79     58      8     47     29     56      0     78     15 
  4128   4827   5112   4634   4895   8526   5271   4312   4719   4947   6433   6500   4600   5811   5023   7623   9316   8845   5579 
 17236  13361     51    149   5112   8526   4827   4895   4128   4634   4947   4719   4312   4600   9316   5811   8845   5023   5579   7623   6500   6433   5271  13576  26305      0      0  65535 
     0      0      0      0      0      0      0      0      0      0      0      0      0      0      0      0      0      0      0 
     0      0      0      0      0      0      0      0      0      0      0      0      0      0      0      0      0      0      0 
     0      0      0      0      0      0      0      0      0      0      0      0      0      0      0      0      0      0      0 
0 -1 -1
     3     13     19      5     28    142     30      2     15     22     82     60      9     49     31     59      0     82     15 
  4134   4851   5152   4647   4929   8674   5325   4316   4741   4965   6529   6585   4618   5860   5058   7759   9312   9004   5625 
 17236  13361     51    149   5152   8674   4851   4929   4134   4647   4965   4741   4316   4618   9312   5860   9004   5058   5625   7759   6585   6529   5325  13577  26305      0      0  65535 
     0      0      0      0      0      0      0      0      0      0      0      0      0      0      0      0      0      0      0 
     0      0      0      0      0      0      0      0      0      0      0      0      0      0      0      0      0      0      0 
     0      0      0      0      0      0      0      0      0      0      0      0      0      0      0      0      0      0      0 
0 -1 -1
     3     14     20      6     29    147     31      2     15     23     86     62      9     52     32     62      0     85     16 
  4141   4873   5187   4657   4960   8807   5371   4321   4758   4985   6627   6662   4633   5934   5095   7898   9300   9161   5672 
 17236  13361     51    149   5187   8807   4873   4960   4141   4657   4985   4758   4321   4633   9300   5934   9161   5095   5672   7898   6662   6627   5371  13578  26304      0      0  65535 
     0      0      0      0      0      0      0      0      0      0      0      0      0      0      0      0      0      0      0 
     0      0      0      0      0      0      0      0      0      0      0      0      0      0      0      0      0      0      0 
     0      0      0      0      0      0      0      0      0      0      0      0      0      0      0      0      0      0      0 
0 -1 -1
     3     14     20      6     31    152     32      2     16     24     90     65      9     55     34     64      0     89     17 
  4148   4894   5219   4669   4997   8952   5421   4326   4778   5006   6733   6742   4651   6013   5130   8032   9297   9324   5714 
 17236  13361     51    149   5219   8952   4894   4997   4148   4669   5006   4778   4326   4651   9297   6013   9324   5130   5714   8032   6742   6733   5421  13578  26304      0      0  65535 
     0      0      0      0      0      0      0      0      0      0      0      0      0      0      0      0      0      0      0 
     0      0      0      0      0      0      0      0      0      0      0      0      0      0      0      0      0      0      0 
     0      0      0      0      0      0      0      0      0      0      0      0      0      0      0      0      0      0      0 
0 -1 -1
     3     15     21      6     32    155     32      2     16     24     91     66     10     57     34     65      0     90     17 
  4150   4905   5234   4673   5016   9019   5442   4328   4789   5007   6779   6775   4658   6053   5147   8086   9283   9394   5729 
 17236  13361     51    148   5234   9019   4905   5016   4150   4673   5007   4789   4328   4658   9283   6053   9394   5147   5729   8086   6775   6779   5442  13578  26304      0      1  65535 
     0      0      0      0      0      0      0      0      0      0      0      0      0      0      0      0      0      0      0 
     0      0      0      0      0      0      0      0      0      0      0      0      0      0      0      0      0      0      0 
     0      0      0      0      0      0      0      0      0      0      0      0      0      0      0      0      0      0      0 
0 -1 -1
     3     14     21      6     31    155     32      2     16     24     92     66     10     57     34     65      0     90     17 
  4149   4899   5234   4672   5014   9019   5439   4328   4788   5005   6783   6771   4658   6055   5146   8088   9261   9400   5729 
 17236  13361     51    148   5234   9019   4899   5014   4149   4672   5005   4788   4328   4658   9261   6055   9400   5146   5729   8088   6771   6783   5439  13578  26305      0      0  65535 
     0      0      0      0      0      0      0      0      0      0      0      0      0      0      0      0      0      0      0 
     0      0      0      0      0      0      0      0      0      0      0      0      0      0      0      0      0      0      0 
     0      0      0      0      0      0      0      0      0      0      0      0      0      0      0      0      0      0      0 
0 -1 -1
     3     14     21      6     32    155     32      2     16     24     92     66     10     58     34     66      0     91     17 
  4152   4899   5238   4675   5020   9029   5441   4328   4790   5007   6796   6774   4660   6068   5151   8101   9272   9417   5734 
 17236  13361     51    149   5238   9029   4899   5020   4152   4675   5007   4790   4328   4660   9272   6068   9417   5151   5734   8101   6774   6796   5441  13579  26303      0      0  65535 
     0      0      0      0      0      0      0      0      0      0      0      0      0      0      0      0      0      0      0 
     0      0      0      0      0      0      0      0      0      0      0      0      0      0      0      0      0      0      0 
     0      0      0      0      0      0      0      0      0      0      0      0      0      0      0      0      0      0      0 
0 -1 -1
     3     14     20      6     32    154     32      2     16     24     92     65     10     57     34     65      0     90     17 
  4150   4899   5233   4674   5019   9005   5431   4328   4790   5005   6785   6761   4657   6061   5148   8084   9272   9403   5726 
 17236  13361     51    148   5233   9005   4899   5019   4150   4674   5005   4790   4328   4657   9272   6061   9403   5148   5726   8084   6761   6785   5431  13579  26303      0      0  65535 
     0      0      0      0      0      0      0      0      0      0      0      0      0      0      0      0      0      0      0 
     0      0      0      0      0      0      0      0      0      0      0      0      0      0      0      0      0      0      0 
     0      0      0      0      0      0      0      0      0      0      0      0      0      0      0      0      0      0      0 
0 -1 -1
     3     14     20      6     32    154     32      2     16     24     92     65     10     57     34     65      0     90     17 
  4150   4896   5231   4673   5018   8996   5425   4328   4789   5006   6781   6758   4659   6059   5144   8068   9263   9390   5721 
 17236  13361     51    148   5231   8996   4896   5018   4150   4673   5006   4789   4328   4659   9263   6059   9390   5144   5721   8068   6758   6781   5425  13579  26303      0      0  65535 
     0      0      0      0      0      0      0      0      0      0      0      0      0      0      0      0      0      0      0 
     0      0      0      0      0      0      0      0      0      0      0      0      0      0      0      0      0      0      0 
     0      0      0      0      0      0      0      0      0      0      0      0      0      0      0      0      0      0      0 
0 -1 -1
     3     15     21      6     32    156     32      2     17     24     93     66     10     59     35     66      0     91     17 
  4156   4908   5243   4679   5036   9043   5446   4332   4801   5015   6821   6784   4671   6095   5164   8110   9271   9444   5739 
 17236  13361     51    148   5243   9043   4908   5036   4156   4679   5015   4801   4332   4671   9271   6095   9444   5164   5739   8110   6784   6821   5446  13576  26305      0      0  65535 
     0      0      0      0      0      0      0      0      0      0      0      0      0      0      0      0      0      0      0 
     0      0      0      0      0      0      0      0      0      0      0      0      0      0      0      0      0      0      0 
     0      0      0      0      0      0      0      0      0      0      0      0      0      0      0      0      0      0      0 
0 -1 -1
     4     15     21      6     33    158     33      2     17     25     94     67     10     60     36     67      0     92     17 
  4162   4922   5263   4690   5059   9101   5469   4336   4810   5026   6858   6815   4683   6126   5178   8148   9298   9493   5755 
 17236  13361     51    148   5263   9101   4922   5059   4162   4690   5026   4810   4336   4683   9298   6126   9493   5178   5755   8148   6815   6858   5469  13572  26304      0      0  65535 
     0      0      0      0      0      0      0      0      0      0      0      0      0      0      0      0      0      0      0 
     0      0      0      0      0      0      0      0      0      0      0      0      0      0      0      0      0      0      0 
     0      0      0      0      0      0      0      0      0      0      0      0      0      0      0      0      0      0      0 
0 -1 -1
     4     16     22      6     35    162     34      2     18     26     97     69     11     63     37     68      0     94     18 
  4173   4950   5299   4705   5098   9207   5516   4340   4827   5048   6932   6882   4706   6187   5208   8228   9332   9594   5781 
 17236  13361     51    148   5299   9207   4950   5098   4173   4705   5048   4827   4340   4706   9332   6187   9594   5208   5781   8228   6882   6932   5516  13569  26304      0      0  65535 
     0      0      0      0      0      0      0      0      0      0      0      0      0      0      0      0      0      0      0 
     0      0      0      0      0      0      0      0      0      0      0      0      0      0      0      0      0      0      0 
     0      0      0      0      0      0      0      0      0      0      0      0      0      0      0      0      0      0      0 
0 -1 -1
     4     16     23      7     36    166     35      2     19     26    100     71     11     65     38     70      0     97     18 
  4179   4980   5336   4713   5136   9335   5565   4344   4847   5066   7022   6953   4719   6256   5241   8333   9335   9725   5821 
 17236  13361     51    148   5336   9335   4980   5136   4179   4713   5066   4847   4344   4719   9335   6256   9725   5241   5821   8333   6953   7022   5565  13572  26304      0      0  65535 
     0      0      0      0      0      0      0      0      0      0      0      0      0      0      0      0      0      0      0 
     0      0      0      0      0      0      0      0      0      0      0      0      0      0      0      0      0      0      0 
     0      0      0      0      0      0      0      0      0      0      0      0      0      0      0      0      0      0      0 
0 -1 -1
     4     17     23      7     38    171     36      2     19     27    104     73     11     69     40     73      0    101     19 
  4189   5005   5373   4725   5173   9465   5609   4350   4867   5086   7119   7027   4735   6333   5279   8460   9351   9881   5869 
 17236  13361     51    148   5373   9465   5005   5173   4189   4725   5086   4867   4350   4735   9351   6333   9881   5279   5869   8460   7027   7119   5609  13573  26304      0      0  65535 
     0      0      0      0      0      0      0      0      0      0      0      0      0      0      0      0      0      0      0 
     0      0      0      0      0      0      0      0      0      0      0      0      0      0      0      0      0      0      0 
     0      0      0      0      0      0      0      0      0      0      0      0      0      0      0      0      0      0      0 
0 -1 -1
     4     18     24      7     40    176     38      2     20     28    107     76     12     72     41     74      0    103     20 
  4199   5043   5420   4741   5231   9601   5672   4357   4890   5109   7212   7120   4761   6404   5316   8539   9407  10001   5901 
 17236  13361     51    148   5420   9601   5043   5231   4199   4741   5109   4890   4357   4761   9407   6404  10001   5316   5901   8539   7120   7212   5672  13573  26305      0      0  65535 
     0      0      0      0      0      0      0      0      0      0      0      0      0      0      0      0      0      0      0 
     0      0      0      0      0      0      0      0      0      0      0      0      0      0      0      0      0      0      0 
     0      0      0      0      0      0      0      0      0      0      0      0      0      0      0      0      0      0      0 
0 -1 -1
     4     20     26      8     44    183     39      2     21     29    112     80     13     73     43     74      0    107     20 
  4213   5129   5502   4771   5336   9786   5743   4364   4920   5129   7328   7247   4820   6446   5370   8534   9484  10153   5925 
 17236  13361     51    148   5502   9786   5129   5336   4213   4771   5129   4920   4364   4820   9484   6446  10153   5370   5925   8534   7247   7328   5743  13572  26304      0      0  65535 
     0      0      0      0      0      0      0      0      0      0      0      0      0      0      0      0      0      0      0 
     0      0      0      0      0      0      0      0      0      0      0      0      0      0      0      0      0      0      0 
     0      0      0      0      0      0      0      0      0      0      0      0      0      0      0      0      0      0      0 
0 -1 -1
     4     21     27      8     46    184     39      2     22     29    113     80     15     73     45     73      0    108     20 
  4217   5173   5524   4786   5394   9794   5747   4369   4940   5130   7360   7269   4872   6440   5406   8478   9503  10201   5929 
 17236  13361     51    148   5524   9794   5173   5394   4217   4786   5130   4940   4369   4872   9503   6440  10201   5406   5929   8478   7269   7360   5747  13572  26304      0      0  65535 
     0      0      0      0      0      0      0      0      0      0      0      0      0      0      0      0      0      0      0 
     0      0      0      0      0      0      0      0      0      0      0      0      0      0      0      0      0      0      0 
     0      0      0      0      0      0      0      0      0      0      0      0      0      0      0      0      0      0      0 
0 -1 -1
     4     21     27      8     47    184     40      2     23     30    115     81     15     75     46     74      1    109     21 
  4219   5185   5527   4796   5414   9818   5767   4373   4955   5139   7414   7295   4895   6481   5436   8538   9547  10285   5957 
 17236  13361     51    148   5527   9818   5185   5414   4219   4796   5139   4955   4373   4895   9547   6481  10285   5436   5957   8538   7295   7414   5767  13570  26304      0      0  65535 
     0      0      0      0      0      0      0      0      0      0      0      0      0      0      0      0      0      0      0 
     0      0      0      0      0      0      0      0      0      0      0      0      0      0      0      0      0      0      0 
     0      0      0      0      0      0      0      0      0      0      0      0      0      0      0      0      0      0      0 
0 -1 -1
     5     21     27      8     48    186     40      2     23     30    117     82     15     77     47     76      2    112     21 
  4224   5195   5527   4803   5436   9871   5793   4375   4969   5150   7473   7313   4905   6534   5469   8618   9586  10387   5990 
 17236  13361     51    148   5527   9871   5195   5436   4224   4803   5150   4969   4375   4905   9586   6534  10387   5469   5990   8618   7313   7473   5793  13569  26304      0      0  65535 
     0      0      0      0      0      0      0      0      0      0      0      0      0      0      0      0      0      0      0 
     0      0      0      0      0      0      0      0      0      0      0      0      0      0      0      0      0      0      0 
     0      0      0      0      0      0      0      0      0      0      0      0      0      0      0      0      0      0      0 
0 -1 -1
     5     22     27      9     50    190     41      2     24     31    119     83     16     79     48     77      3    114     22 
  4233   5218   5556   4819   5476   9959   5831   4381   4986   5169   7536   7362   4932   6592   5501   8696   9655  10487   6028 
 17236  13361     51    148   5556   9959   5218   5476   4233   4819   5169   4986   4381   4932   9655   6592  10487   5501   6028   8696   7362   7536   5831  13569  26305      0      0  65535 
     0      0      0      0      0      0      0      0      0      0      0      0      0      0      0      0      0      0      0 
     0      0      0      0      0      0      0      0      0      0      0      0      0      0      0      0      0      0      0 
     0      0      0      0      0      0      0      0      0      0      0      0      0      0      0      0      0      0      0 
0 -1 -1
     5     22     28      9     51    192     42      3     24     31    121     84     16     81     49     78      4    115     22 
  4238   5230   5575   4827   5501  10016   5854   4384   4990   5179   7581   7393   4947   6630   5525   8753   9687  10560   6053 
 17236  13361     51    148   5575  10016   5230   5501   4238   4827   5179   4990   4384   4947   9687   6630  10560   5525   6053   8753   7393   7581   5854  13569  26304      0      0  65535 
     0      0      0      0      0      0      0      0      0      0      0      0      0      0      0      0      0      0      0 
     0      0      0      0      0      0      0      0      0      0      0      0      0      0      0      0      0      0      0 
     0      0      0      0      0      0      0      0      0      0      0      0      0      0      0      0      0      0      0 
0 -1 -1
     5     22     28      9     51    193     42      3     24     31    122     84     17     82     50     79      4    117     22 
  4240   5234   5579   4827   5507  10035   5864   4387   4996   5183   7609   7408   4949   6651   5540   8796   9708  10612   6071 
 17236  13361     51    148   5579  10035   5234   5507   4240   4827   5183   4996   4387   4949   9708   6651  10612   5540   6071   8796   7408   7609   5864  13572  26304      0      0  65535 
     0      0      0      0      0      0      0      0      0      0      0      0      0      0      0      0      0      0      0 
     0      0      0      0      0      0      0      0      0      0      0      0      0      0      0      0      0      0      0 
     0      0      0      0      0      0      0      0      0      0      0      0      0      0      0      0      0      0      0 
0 -1 -1
     5     22     28      9     51    195     43      3     25     32    124     85     17     84     51     81      5    119     23 
  4241   5238   5590   4829   5516  10091   5883   4389   5006   5194   7672   7443   4953   6699   5572   8899   9746  10733   6111 
 17236  13361     51    147   5590  10091   5238   5516   4241   4829   5194   5006   4389   4953   9746   6699  10733   5572   6111   8899   7443   7672   5883  13573  26304      1      0  65535 
     0      0      0      0      0      0      0      0      0      0      0      0      0      0      0      0      0      0      0 
     0      0      0      0      0      0      0      0      0      0      0      0      0      0      0      0      0      0      0 
     0      0      0      0      0      0      0      0      0      0      0      0      0      0      0      0      0      0      0 
0 -1 -1
     5     23     29      9     53    200     44      3     26     33    129     88     17     88     54     84      8    123     24 
  4249   5261   5626   4843   5557  10224   5949   4393   5031   5219   7800   7528   4968   6795   5635   9078   9884  10932   6183 
 17236  13361     51    147   5626  10224   5261   5557   4249   4843   5219   5031   4393   4968   9884   6795  10932   5635   6183   9078   7528   7800   5949  13573  26305      0      0  65535 
     0      0      0      0      0      0      0      0      0      0      0      0      0      0      0      0      0      0      0 
     0      0      0      0      0      0      0      0      0      0      0      0      0      0      0      0      0      0      0 
     0      0      0      0      0      0      0      0      0      0      0      0      0      0      0      0      0      0      0 
0 -1 -1
     5     23     30      9     54    205     45      3     27     34    132     90     17     91     56     87     10    127     25 
  4256   5283   5665   4854   5597  10368   5998   4397   5055   5242   7893   7593   4977   6871   5681   9218   9955  11093   6240 
 17236  13361     51    147   5665  10368   5283   5597   4256   4854   5242   5055   4397   4977   9955   6871  11093   5681   6240   9218   7593   7893   5998  13573  26304      0      0  65535 
     0      0      0      0      0      0      0      0      0      0      0      0      0      0      0      0      0      0      0 
     0      0      0      0      0      0      0      0      0      0      0      0      0      0      0      0      0      0      0 
     0      0      0      0      0      0      0      0      0      0      0      0      0      0      0      0      0      0      0 
0 -1 -1
     5     24     30      9     56    208     46      3     27     35    135     91     17     93     57     89     11    129     25 
  4261   5298   5686   4861   5624  10444   6032   4401   5070   5255   7952   7637   4987   6922   5710   9300  10010  11190   6272 
 17236  13361     51    147   5686  10444   5298   5624   4261   4861   5255   5070   4401   4987  10010   6922  11190   5710   6272   9300   7637   7952   6032  13574  26304      0      0  65535 
     0      0      0      0      0      0      0      0      0      0      0      0      0      0      0      0      0      0      0 
     0      0      0      0      0      0      0      0      0      0      0      0      0      0      0      0      0      0      0 
     0      0      0      0      0      0      0      0      0      0      0      0      0      0      0      0      0      0      0 
0 -1 -1
     5     24     31      9     57    210     47      3     28     35    136     92     18     95     57     89     12    130     26 
  4269   5316   5706   4869   5655  10508   6061   4405   5085   5269   7987   7670   5006   6953   5725   9331  10042  11230   6289 
 17236  13361     51    147   5706  10508   5316   5655   4269   4869   5269   5085   4405   5006  10042   6953  11230   5725   6289   9331   7670   7987   6061  13574  26304      0      0  65535 
     0      0      0      0      0      0      0      0      0      0      0      0      0      0      0      0      0      0      0 
     0      0      0      0      0      0      0      0      0      0      0      0      0      0      0      0      0      0      0 
     0      0      0      0      0      0      0      0      0      0      0      0      0      0      0      0      0      0      0 
0 -1 -1
     5     25     31     10     59    214     48      3     29     36    138     94     19     97     59     90     13    131     26 
  4279   5347   5742   4884   5705  10602   6102   4413   5110   5289   8040   7723   5042   7004   5756   9376  10104  11295   6313 
 17236  13361     51    147   5742  10602   5347   5705   4279   4884   5289   5110   4413   5042  10104   7004  11295   5756   6313   9376   7723   8040   6102  13574  26303      0      0  65535 
     0      0      0      0      0      0      0      0      0      0      0      0      0      0      0      0      0      0      0 
     0      0      0      0      0      0      0      0      0      0      0      0      0      0      0      0      0      0      0 
     0      0      0      0      0      0      0      0      0      0      0      0      0      0      0      0      0      0      0 
0 -1 -1
     5     25     31     10     59    214     48      3     29     36    138     94     19     97     59     90     10    132     26 
  4280   5351   5748   4884   5715  10614   6102   4414   5111   5290   8044   7724   5042   7011   5759   9378   9992  11306   6316 
 17236  13361     51    147   5748  10614   5351   5715   4280   4884   5290   5111   4414   5042   9992   7011  11306   5759   6316   9378   7724   8044   6102  13574  26304      0      0  65535 
     0      0      0      0      0      0      0      0      0      0      0      0      0      0      0      0      0      0      0 
     0      0      0      0      0      0      0      0      0      0      0      0      0      0      0      0      0      0      0 
     0      0      0      0      0      0      0      0      0      0      0      0      0      0      0      0      0      0      0 
0 -1 -1
     5     25     31     10     59    213     47      3     28     36    138     93     18     97     59     90      9    131     26 
  4278   5345   5740   4880   5704  10592   6090   4413   5107   5283   8032   7707   5025   7002   5752   9370   9927  11289   6308 
 17236  13361     51    147   5740  10592   5345   5704   4278   4880   5283   5107   4413   5025   9927   7002  11289   5752   6308   9370   7707   8032   6090  13573  26303      0      0  65535 
     0      0      0      0      0      0      0      0      0      0      0      0      0      0      0      0      0      0      0 
     0      0      0      0      0      0      0      0      0      0      0      0      0      0      0      0      0      0      0 
     0      0      0      0      0      0      0      0      0      0      0      0      0      0      0      0      0      0      0 
0 -1 -1
     5     24     30      9     57    208     45      3     27     34    131     90     18     92     55     86      5    126     24 
  4267   5319   5701   4862   5654  10452   6004   4405   5075   5250   7866   7598   4991   6890   5673   9148   9752  11044   6210 
 17236  13361     51    147   5701  10452   5319   5654   4267   4862   5250   5075   4405   4991   9752   6890  11044   5673   6210   9148   7598   7866   6004  13573  26303      0      0  65535 
     0      0      0      0      0      0      0      0      0      0      0      0      0      0      0      0      0      0      0 
     0      0      0      0      0      0      0      0      0      0      0      0      0      0      0      0      0      0      0 
     0      0      0      0      0      0      0      0      0      0      0      0      0      0      0      0      0      0      0 
0 -1 -1
     4     20     26      8     46    179     37      2     21     28    107     76     14     71     43     69      0    105     19 
  4203   5161   5477   4770   5373   9676   5643   4362   4922   5100   7211   7123   4830   6392   5358   8283   9343  10087   5860 
 17236  13361     51    148   5477   9676   5161   5373   4203   4770   5100   4922   4362   4830   9343   6392  10087   5358   5860   8283   7123   7211   5643  13574  26304      1      0  65535 
     0      0      0      0      0      0      0      0      0      0      0      0      0      0      0      0      0      0      0 
     0      0      0      0      0      0      0      0      0      0      0      0      0      0      0      0      0      0      0 
     0      0      0      0      0      0      0      0      0      0      0      0      0      0      0      0      0      0      0 
0 -1 -1
     3     17     21      6     36    149     30      2     17     22     87     63     11     53     33     54      0     87     15 
  4149   5011   5245   4695   5118   8861   5330   4335   4804   4971   6650   6685   4706   5962   5108   7520   9247   9235   5579 
 17236  13361     51    148   5245   8861   5011   5118   4149   4695   4971   4804   4335   4706   9247   5962   9235   5108   5579   7520   6685   6650   5330  13574  26304      0      0  65535 
     0      0      0      0      0      0      0      0      0      0      0      0      0      0      0      0      0      0      0 
     0      0      0      0      0      0      0      0      0      0      0      0      0      0      0      0      0      0      0 
     0      0      0      0      0      0      0      0      0      0      0      0      0      0      0      0      0      0      0 
0 -1 -1
     3     14     16      5     26    120     23      1     13     17     68     50      8     37     24     42      0     69     11 
  4100   4860   5024   4620   4885   8076   5030   4306   4700   4854   6130   6239   4588   5581   4893   6851   9307   8446   5339 
 17236  13361     51    149   5024   8076   4860   4885   4100   4620   4854   4700   4306   4588   9307   5581   8446   4893   5339   6851   6239   6130   5030  13575  26304      0      0  65535 
     0      0      0      0      0      0      0      0      0      0      0      0      0      0      0      0      0      0      0 
     0      0      0      0      0      0      0      0      0      0      0      0      0      0      0      0      0      0      0 
     0      0      0      0      0      0      0      0      0      0      0      0      0      0      0      0      0      0      0 
0 -1 -1
     2     10     11      4     18     91     16      1      9     12     49     36      5     24     17     30      0     52      8 
  4052   4692   4806   4540   4670   7299   4719   4281   4597   4730   5627   5769   4471   5254   4705   6236   9273   7663   5113 
 17236  13361     51    149   4806   7299   4692   4670   4052   4540   4730   4597   4281   4471   9273   5254   7663   4705   5113   6236   5769   5627   4719  13575  26304      0      0  65535 
     0      0      0      0      0      0      0      0      0      0      0      0      0      0      0      0      0      0      0 
     0      0      0      0      0      0      0      0      0      0      0      0      0      0      0      0      0      0      0 
     0      0      0      0      0      0      0      0      0      0      0      0      0      0      0      0      0      0      0 
0 -1 -1
     1      4      5      2      8     48      5      1      4      5     22     16      2      9      7     13      0     26      3 
  3990   4461   4520   4438   4432   6163   4287   4248   4471   4573   4902   5072   4340   4910   4467   5345   9278   6466   4809 
 17236  13361     51    150   4520   6163   4461   4432   3990   4438   4573   4471   4248   4340   9278   4910   6466   4467   4809   5345   5072   4902   4287  13575  26304      0      0  65535 
     0      0      0      0      0      0      0      0      0      0      0      0      0      0      0      0      0      0      0 
     0      0      0      0      0      0      0      0      0      0      0      0      0      0      0      0      0      0      0 
     0      0      0      0      0      0      0      0      0      0      0      0      0      0      0      0      0      0      0 
0 -1 -1
     0      1      1      0      3     14      0      0      1      1      5      1      0      2      1      0      0      8      0 
  3943   4297   4311   4364   4288   5236   4003   4226   4389   4467   4430   4580   4262   4726   4313   4714   9311   5626   4611 
 17236  13361     51    151   4311   5236   4297   4288   3943   4364   4467   4389   4226   4262   9311   4726   5626   4313   4611   4714   4580   4430   4003  13571  26304      0      1  65535 
     0      0      0      0      0      0      0      0      0      0      0      0      0      0      0      0      0      0      0 
     0      0      0      0      0      0      0      0      0      0      0      0      0      0      0      0      0      0      0 
     0      0      0      0      0      0      0      0      0      0      0      0      0      0      0      0      0      0      0 
0 -1 -1
     0      0      0      0      0      0      0      0      0      0      0      0      0      0      0      0      0      0      0 
  3917   4203   4194   4317   4211   4710   3815   4211   4350   4401   4162   4242   4220   4640   4227   4334   9329   5169   4485 
 17236  13361     51    151   4194   4710   4203   4211   3917   4317   4401   4350   4211   4220   9329   4640   5169   4227   4485   4334   4242   4162   3815  13569  26303      0      0  65535 
     0      0      0      0      0      0      0      0      0      0      0      0      0      0      0      0      0      0      0 
     0      0      0      0      0      0      0      0      0      0      0      0      0      0      0      0      0      0      0 
     0      0      0      0      0      0      0      0      0      0      0      0      0      0      0      0      0      0      0 
0 -1 -1
     0      0      0      0      0      0      0      0      0      0      0      0      0      0      0      0      0      0      0 
  3887   4120   4091   4278   4149   4276   3681   4196   4316   4340   3997   3996   4187   4578   4161   4111   9363   4901   4388 
 17236  13361     51    151   4091   4276   4120   4149   3887   4278   4340   4316   4196   4187   9363   4578   4901   4161   4388   4111   3996   3997   3681  13570  26303      0      0  65535 
     0      0      0      0      0      0      0      0      0      0      0      0      0      0      0      0      0      0      0 
     0      0      0      0      0      0      0      0      0      0      0      0      0      0      0      0      0      0      0 
     0      0      0      0      0      0      0      0      0      0      0      0      0      0      0      0      0      0      0 
0 -1 -1
     0      0      0      0      0      0      0      0      0      0      0      0      0      0      0      0      0      0      0 
  3868   4068   4023   4251   4118   4044   3583   4188   4296   4296   3899   3834   4164   4545   4119   3980   9457   4786   4319 
 17236  13361     51    152   4023   4044   4068   4118   3868   4251   4296   4296   4188   4164   9457   4545   4786   4119   4319   3980   3834   3899   3583  13572  26303      0      1  65535 
     0      0      0      0      0      0      0      0      0      0      0      0      0      0      0      0      0      0      0 
     0      0      0      0      0      0      0      0      0      0      0      0      0      0      0      0      0      0      0 
     0      0      0      0      0      0      0      0      0      0      0      0      0      0      0      0      0      0      0 
0 -1 -1
     0      0      0      0      0      0      0      0      0      0      0      0      0      0      0      0     14      0      0 
  3829   3989   3925   4186   4087   3849   3470   4172   4278   4222   3811   3661   4127   4514   4084   3871  10170   4692   4236 
 17236  13361     51    152   3925   3849   3989   4087   3829   4186   4222   4278   4172   4127  10170   4514   4692   4084   4236   3871   3661   3811   3470  13573  26303      0      0  65535 
     0      0      0      0      0      0      0      0      0      0      0      0      0      0      0      0      0      0      0 
     0      0      0      0      0      0      0      0      0      0      0      0      0      0      0      0      0      0      0 
     0      0      0      0      0      0      0      0      0      0      0      0      0      0      0      0      0      0      0 
0 -1 -1
     0      0      0      0      0      0      0      0      0      0      0      0      0      0      0      0     20      0      0 
  3812   3962   3889   4160   4084   3810   3443   4164   4267   4195   3796   3618   4116   4503   4073   3852  10416   4670   4214 
 17236  13361     51    152   3889   3810   3962   4084   3812   4160   4195   4267   4164   4116  10416   4503   4670   4073   4214   3852   3618   3796   3443  13573  26304      0      0  65535 
     0      0      0      0      0      0      0      0      0      0      0      0      0      0      0      0      0      0      0 
     0      0      0      0      0      0      0      0      0      0      0      0      0      0      0      0      0      0      0 
     0      0      0      0      0      0      0      0      0      0      0      0      0      0      0      0      0      0      0 
0 -1 -1
     0      0      0      0      0      0      0      0      0      0      0      0      0      0      0      0     22      0      0 
  3810   3950   3872   4155   4080   3800   3432   4165   4264   4190   3791   3594   4113   4498   4069   3845  10498   4659   4206 
 17236  13361     51    152   3872   3800   3950   4080   3810   4155   4190   4264   4165   4113  10498   4498   4659   4069   4206   3845   3594   3791   3432  13572  26305      0      0  65535 
     0      0      0      0      0      0      0      0      0      0      0      0      0      0      0      0      0      0      0 
     0      0      0      0      0      0      0      0      0      0      0      0      0      0      0      0      0      0      0 
     0      0      0      0      0      0      0      0      0      0      0      0      0      0      0      0      0      0      0 
0 -1 -1
     0      0      0      0      0      0      0      0      0      0      0      0      0      0      0      0     23      0      0 
  3809   3949   3867   4155   4081   3793   3428   4165   4264   4190   3790   3571   4113   4497   4068   3839  10566   4653   4204 
 17236  13361     51    152   3867   3793   3949   4081   3809   4155   4190   4264   4165   4113  10566   4497   4653   4068   4204   3839   3571   3790   3428  13572  26304      0      0  65535 
     0      0      0      0      0      0      0      0      0      0      0      0      0      0      0      0      0      0      0 
     0      0      0      0      0      0      0      0      0      0      0      0      0      0      0      0      0      0      0 
     0      0      0      0      0      0      0      0      0      0      0      0      0      0      0      0      0      0      0 
0 -1 -1
     0      0      0      0      0      0      0      0      0      0      0      0      0      0      0      0     22      0      0 
  3809   3948   3867   4154   4081   3793   3427   4165   4264   4189   3791   3566   4113   4496   4067   3837  10526   4652   4206 
 17236  13361     51    152   3867   3793   3948   4081   3809   4154   4189   4264   4165   4113  10526   4496   4652   4067   4206   3837   3566   3791   3427  13573  26304      0      0  65535 
     0      0      0      0      0      0      0      0      0      0      0      0      0      0      0      0      0      0      0 
     0      0      0      0      0      0      0      0      0      0      0      0      0      0      0      0      0      0      0 
     0      0      0      0      0      0      0      0      0      0      0      0      0      0      0      0      0      0      0 
0 -1 -1
     0      0      0      0      0      0      0      0      0      0      0      0      0      0      0      0     20      0      0 
  3810   3948   3866   4155   4080   3791   3426   4167   4262   4190   3789   3566   4113   4496   4068   3837  10438   4652   4204 
 17236  13361     51    152   3866   3791   3948   4080   3810   4155   4190   4262   4167   4113  10438   4496   4652   4068   4204   3837   3566   3789   3426  13572  26304      1      0  65535 
     0      0      0      0      0      0      0      0      0      0      0      0      0      0      0      0      0      0      0 
     0      0      0      0      0      0      0      0      0      0      0      0      0      0      0      0      0      0      0 
     0      0      0      0      0      0      0      0      0      0      0      0      0      0      0      0      0      0      0 
0 -1 -1
     0      0      0      0      0      0      0      0      0      0      0      0      0      0      0      0     22      0      0 
  3809   3948   3867   4156   4080   3790   3428   4167   4264   4190   3788   3566   4113   4495   4067   3838  10518   4651   4205 
 17236  13361     51    152   3867   3790   3948   4080   3809   4156   4190   4264   4167   4113  10518   4495   4651   4067   4205   3838   3566   3788   3428  13572  26304      0      0  65535 
     0      0      0      0      0      0      0      0      0      0      0      0      0      0      0      0      0      0      0 
     0      0      0      0      0      0      0      0      0      0      0      0      0      0      0      0      0      0      0 
     0      0      0      0      0      0      0      0      0      0      0      0      0      0      0      0      0      0      0 
0 -1 -1
     0      0      0      0      0      0      0      0      0      0      0      0      0      0      0      0     22      0      0 
  3809   3948   3865   4154   4081   3791   3427   4166   4264   4188   3790   3567   4112   4496   4068   3837  10508   4653   4204 
 17236  13361     51    152   3865   3791   3948   4081   3809   4154   4188   4264   4166   4112  10508   4496   4653   4068   4204   3837   3567   3790   3427  13578  26304      0      0  65535 
     0      0      0      0      0      0      0      0      0      0      0      0      0      0      0      0      0      0      0 
     0      0      0      0      0      0      0      0      0      0      0      0      0      0      0      0      0      0      0 
     0      0      0      0      0      0      0      0      0      0      0      0      0      0      0      0      0      0      0 
0 -1 -1
     0      0      0      0      0      0      0      0      0      0      0      0      0      0      0      0     22      0      0 
  3810   3947   3867   4155   4080   3791   3425   4166   4263   4189   3788   3566   4113   4495   4067   3837  10502   4651   4203 
 17236  13361     51    152   3867   3791   3947   4080   3810   4155   4189   4263   4166   4113  10502   4495   4651   4067   4203   3837   3566   3788   3425  13577  26304      0      0  65535 
     0      0      0      0      0      0      0      0      0      0      0      0      0      0      0      0      0      0      0 
     0      0      0      0      0      0      0      0      0      0      0      0      0      0      0      0      0      0      0 
     0      0      0      0      0      0      0      0      0      0      0      0      0      0      0      0      0      0      0 
0 -1 -1
     0      0      0      0      0      0      0      0      0      0      0      0      0      0      0      0     22      0      0 
  3810   3948   3867   4154   4081   3790   3426   4166   4265   4190   3789   3566   4112   4495   4068   3837  10507   4651   4203 
 17236  13361     51    152   3867   3790   3948   4081   3810   4154   4190   4265   4166   4112  10507   4495   4651   4068   4203   3837   3566   3789   3426  13576  26305      0      0  65535 
     0      0      0      0      0      0      0      0      0      0      0      0      0      0      0      0      0      0      0 
     0      0      0      0      0      0      0      0      0      0      0      0      0      0      0      0      0      0      0 
     0      0      0      0      0      0      0      0      0      0      0      0      0      0      0      0      0      0      0 
0 -1 -1
     0      0      0      0      0      0      0      0      0      0      0      0      0      0      0      0     20      0      0 
  3810   3948   3866   4155   4080   3790   3426   4165   4263   4188   3788   3565   4112   4494   4067   3837  10422   4651   4205 
 17236  13361     51    152   3866   3790   3948   4080   3810   4155   4188   4263   4165   4112  10422   4494   4651   4067   4205   3837   3565   3788   3426  13575  26305      0      0  65535 
     0      0      0      0      0      0      0      0      0      0      0      0      0      0      0      0      0      0      0 
     0      0      0      0      0      0      0      0      0      0      0      0      0      0      0      0      0      0      0 
     0      0      0      0      0      0      0      0      0      0      0      0      0      0      0      0      0      0      0 
0 -1 -1
     0      0      0      0      0      0      0      0      0      0      0      0      0      0      0      0     19      0      0 
  3810   3948   3866   4154   4080   3790   3425   4165   4264   4190   3788   3564   4112   4495   4067   3836  10383   4650   4204 
 17236  13361     51    152   3866   3790   3948   4080   3810   4154   4190   4264   4165   4112  10383   4495   4650   4067   4204   3836   3564   3788   3425  13573  26304      0      0  65535 
     0      0      0      0      0      0      0      0      0      0      0      0      0      0      0      0      0      0      0 
     0      0      0      0      0      0      0      0      0      0      0      0      0      0      0      0      0      0      0 
     0      0      0      0      0      0      0      0      0      0      0      0      0      0      0      0      0      0      0 
0 -1 -1
     0      0      0      0      0      0      0      0      0      0      0      0      0      0      0      0     18      0      0 
  3809   3948   3865   4154   4079   3790   3428   4167   4265   4188   3789   3565   4113   4495   4066   3837  10324   4652   4204 
 17236  13361     51    152   3865   3790   3948   4079   3809   4154   4188   4265   4167   4113  10324   4495   4652   4066   4204   3837   3565   3789   3428  13575  26304      0      0  65535 
     0      0      0      0      0      0      0      0      0      0      0      0      0      0      0      0      0      0      0 
     0      0      0      0      0      0      0      0      0      0      0      0      0      0      0      0      0      0      0 
     0      0      0      0      0      0      0      0      0      0      0      0      0      0      0      0      0      0      0 
0 -1 -1
     0      0      0      0      0      0      0      0      0      0      0      0      0      0      0      0     17      0      0 
  3809   3947   3865   4154   4078   3790   3425   4166   4263   4189   3789   3565   4111   4495   4067   3835  10274   4651   4204 
 17236  13361     51    152   3865   3790   3947   4078   3809   4154   4189   4263   4166   4111  10274   4495   4651   4067   4204   3835   3565   3789   3425  13574  26304      0      0  65535 
     0      0      0      0      0      0      0      0      0      0      0      0      0      0      0      0      0      0      0 
     0      0      0      0      0      0      0      0      0      0      0      0      0      0      0      0      0      0      0 
     0      0      0      0      0      0      0      0      0      0      0      0      0      0      0      0      0      0      0 
0 -1 -1
     0      0      0      0      0      0      0      0      0      0      0      0      0      0      0      0     17      0      0 
  3810   3948   3866   4154   4080   3790   3427   4166   4263   4189   3788   3565   4111   4495   4066   3836  10296   4649   4204 
 17236  13361     51    152   3866   3790   3948   4080   3810   4154   4189   4263   4166   4111  10296   4495   4649   4066   4204   3836   3565   3788   3427  13574  26305      0      0  65535 
     0      0      0      0      0      0      0      0      0      0      0      0      0      0      0      0      0      0      0 
     0      0      0      0      0      0      0      0      0      0      0      0      0      0      0      0      0      0      0 
     0      0      0      0      0      0      0      0      0      0      0      0      0      0      0      0      0      0      0 
0 -1 -1
     0      0      0      0      0      0      0      0      0      0      0      0      0      0      0      0     17      0      0 
  3810   3948   3865   4155   4080   3789   3428   4166   4264   4189   3787   3564   4112   4494   4065   3835  10300   4649   4204 
 17236  13361     51    152   3865   3789   3948   4080   3810   4155   4189   4264   4166   4112  10300   4494   4649   4065   4204   3835   3564   3787   3428  13575  26305      0      0  65535 
     0      0      0      0      0      0      0      0      0      0      0      0      0      0      0      0      0      0      0 
     0      0      0      0      0      0      0      0      0      0      0      0      0      0      0      0      0      0      0 
     0      0      0      0      0      0      0      0      0      0      0      0      0      0      0      0      0      0      0 
0 -1 -1
     0      0      0      0      0      0      0      0      0      0      0      0      0      0      0      0     17      0      0 
  3809   3947   3865   4153   4081   3790   3425   4166   4263   4189   3789   3566   4112   4493   4067   3836  10303   4650   4203 
 17236  13361     51    152   3865   3790   3947   4081   3809   4153   4189   4263   4166   4112  10303   4493   4650   4067   4203   3836   3566   3789   3425  13574  26304      0      0  65535 
     0      0      0      0      0      0      0      0      0      0      0      0      0      0      0      0      0      0      0 
     0      0      0      0      0      0      0      0      0      0      0      0      0      0      0      0      0      0      0 
     0      0      0      0      0      0      0      0      0      0      0      0      0      0      0      0      0      0      0 
0 -1 -1
     0      0      0      0      0      0      0      0      0      0      0      0      0      0      0      0     18      0      0 
  3809   3948   3865   4154   4079   3789   3425   4166   4264   4188   3789   3565   4110   4493   4064   3836  10340   4650   4204 
 17236  13361     51    152   3865   3789   3948   4079   3809   4154   4188   4264   4166   4110  10340   4493   4650   4064   4204   3836   3565   3789   3425  13575  26304      0      1  65535 
     0      0      0      0      0      0      0      0      0      0      0      0      0      0      0      0      0      0      0 
     0      0      0      0      0      0      0      0      0      0      0      0      0      0      0      0      0      0      0 
     0      0      0      0      0      0      0      0      0      0      0      0      0      0      0      0      0      0      0 
0 -1 -1
