     0      0      0      0      0      0      0      0      0      0      0      0      0      0      0      0      0      0      0 
  6188   6369   6092   6672   6705   6278   5662   6622   6823   6825   6332   5867   6657   7126   6678   6310  12828   7290   6679 
 17236  13361     51    162   6092   6278   6369   6705   6188   6672   6825   6823   6622   6657  12828   7126   7290   6678   6679   6310   5867   6332   5662  13568  26303      0      0  65535 
     0      0      0      0      0      0      0      0      0      0      0      0      0      0      0      0      0      0      0 
     0      0      0      0      0      0      0      0      0      0      0      0      0      0      0      0      0      0      0 
     0      0      0      0      0      0      0      0      0      0      0      0      0      0      0      0      0      0      0 
0 -1 -1
     0      0      0      0      0      0      0      0      0      0      0      0      0      0      0      0      0      0      0 
  6188   6368   6091   6669   6705   6277   5658   6623   6823   6824   6332   5866   6656   7124   6678   6308  12826   7289   6678 
 17236  13361     51    162   6091   6277   6368   6705   6188   6669   6824   6823   6623   6656  12826   7124   7289   6678   6678   6308   5866   6332   5658  13568  26303      0      0  65535 
     0      0      0      0      0      0      0      0      0      0      0      0      0      0      0      0      0      0      0 
     0      0      0      0      0      0      0      0      0      0      0      0      0      0      0      0      0      0      0 
     0      0      0      0      0      0      0      0      0      0      0      0      0      0      0      0      0      0      0 
0 -1 -1
     0      0      0      0      0      0      0      0      0      0      0      0      0      0      0      0      0      0      0 
  6185   6367   6091   6670   6702   6275   5659   6621   6822   6824   6332   5865   6654   7123   6675   6309  12832   7288   6676 
 17236  13361     51    162   6091   6275   6367   6702   6185   6670   6824   6822   6621   6654  12832   7123   7288   6675   6676   6309   5865   6332   5659  13568  26304      0      0  65535 
     0      0      0      0      0      0      0      0      0      0      0      0      0      0      0      0      0      0      0 
     0      0      0      0      0      0      0      0      0      0      0      0      0      0      0      0      0      0      0 
     0      0      0      0      0      0      0      0      0      0      0      0      0      0      0      0      0      0      0 
0 -1 -1
     0      0      0      0      0      0      0      0      0      0      0      0      0      0      0      0      0      0      0 
  6185   6365   6090   6670   6702   6274   5657   6619   6821   6823   6332   5865   6655   7123   6676   6307  12724   7287   6677 
 17236  13361     51    162   6090   6274   6365   6702   6185   6670   6823   6821   6619   6655  12724   7123   7287   6676   6677   6307   5865   6332   5657  13582  26303      0      0  65535 
     0      0      0      0      0      0      0      0      0      0      0      0      0      0      0      0      0      0      0 
     0      0      0      0      0      0      0      0      0      0      0      0      0      0      0      0      0      0      0 
     0      0      0      0      0      0      0      0      0      0      0      0      0      0      0      0      0      0      0 
0 -1 -1
     0      0      0      0      0      0      0      0      0      0      0      0      0      0      0      0      0      0      0 
  6184   6367   6090   6668   6702   6274   5658   6618   6820   6821   6330   5864   6652   7121   6674   6306  12783   7286   6674 
 17236  13361     51    162   6090   6274   6367   6702   6184   6668   6821   6820   6618   6652  12783   7121   7286   6674   6674   6306   5864   6330   5658  13572  26303      0      0  65535 
     0      0      0      0      0      0      0      0      0      0      0      0      0      0      0      0      0      0      0 
     0      0      0      0      0      0      0      0      0      0      0      0      0      0      0      0      0      0      0 
     0      0      0      0      0      0      0      0      0      0      0      0      0      0      0      0      0      0      0 
0 -1 -1
     0      0      0      0      0      0      0      0      0      0      0      0      0      0      0      0      0      0      0 
  6183   6367   6088   6668   6703   6274   5658   6628   6822   6824   6331   5862   6658   7124   6674   6306  12569   7291   6674 
 17236  13361     51    162   6088   6274   6367   6703   6183   6668   6824   6822   6628   6658  12569   7124   7291   6674   6674   6306   5862   6331   5658  13573  26303      0      0  65535 
     0      0      0      0      0      0      0      0      0      0      0      0      0      0      0      0      0      0      0 
     0      0      0      0      0      0      0      0      0      0      0      0      0      0      0      0      0      0      0 
     0      0      0      0      0      0      0      0      0      0      0      0      0      0      0      0      0      0      0 
0 -1 -1
     0      1      1      0      0      0      0      1      0      0      0      0      0      0      0      0      0      0      0 
  6205   6412   6155   6699   6718   6293   5682   6685   6844   6840   6350   5875   6682   7139   6691   6321  11930   7311   6695 
 17236  13361     51    162   6155   6293   6412   6718   6205   6699   6840   6844   6685   6682  11930   7139   7311   6691   6695   6321   5875   6350   5682  13587  26303      0      0  65535 
     0      0      0      0      0      0      0      0      0      0      0      0      0      0      0      0      0      0      0 
     0      0      0      0      0      0      0      0      0      0      0      0      0      0      0      0      0      0      0 
     0      0      0      0      0      0      0      0      0      0      0      0      0      0      0      0      0      0      0 
0 -1 -1
     2      4      5      5      9      6      2      4     12     22      7      1      5      7     14      8      0      3      2 
  6305   6563   6347   6957   6935   6442   5772   6884   7143   7360   6538   5920   6868   7301   7043   6752  10926   7448   6803 
 17236  13361     51    162   6347   6442   6563   6935   6305   6957   7360   7143   6884   6868  10926   7301   7448   7043   6803   6752   5920   6538   5772  13559  26303      0      0  65535 
     0      0      0      0      0      0      0      0      0      0      0      0      0      0      0      0      0      0      0 
     0      0      0      0      0      0      0      0      0      0      0      0      0      0      0      0      0      0      0 
     0      0      0      0      0      0      0      0      0      0      0      0      0      0      0      0      0      0      0 
0 -1 -1
     1      4      5      4      7      6      1      3      9     16      4      1      4      5      8      4      0      2      1 
  6282   6545   6333   6910   6897   6442   5735   6846   7074   7201   6463   5907   6840   7256   6895   6515  10927   7417   6763 
 17236  13361     51    162   6333   6442   6545   6897   6282   6910   7201   7074   6846   6840  10927   7256   7417   6895   6763   6515   5907   6463   5735  13558  26304      0      1  65535 
     0      0      0      0      0      0      0      0      0      0      0      0      0      0      0      0      0      0      0 
     0      0      0      0      0      0      0      0      0      0      0      0      0      0      0      0      0      0      0 
     0      0      0      0      0      0      0      0      0      0      0      0      0      0      0      0      0      0      0 
0 -1 -1
     2      5      6      6     13      7      3      5     15     35      8      1      6      9     18     11      0      4      2 
  6324   6594   6374   7043   7037   6488   5788   6937   7245   7649   6568   5923   6924   7350   7148   6918  10913   7476   6822 
 17236  13361     51    162   6374   6488   6594   7037   6324   7043   7649   7245   6937   6924  10913   7350   7476   7148   6822   6918   5923   6568   5788  13557  26305      0      0  65535 
     0      0      0      0      0      0      0      0      0      0      0      0      0      0      0      0      0      0      0 
     0      0      0      0      0      0      0      0      0      0      0      0      0      0      0      0      0      0      0 
     0      0      0      0      0      0      0      0      0      0      0      0      0      0      0      0      0      0      0 
0 -1 -1
     3      7      7     10     22     11      4      6     25     74     12      2      9     14     32     24      0      5      3 
  6373   6670   6442   7229   7288   6585   5837   7045   7485   8564   6668   5939   7034   7481   7480   7573  10989   7551   6895 
 17236  13361     51    162   6442   6585   6670   7288   6373   7229   8564   7485   7045   7034  10989   7481   7551   7480   6895   7573   5939   6668   5837  13559  26304      1      0  65535 
     0      0      0      0      0      0      0      0      0      0      0      0      0      0      0      0      0      0      0 
     0      0      0      0      0      0      0      0      0      0      0      0      0      0      0      0      0      0      0 
     0      0      0      0      0      0      0      0      0      0      0      0      0      0      0      0      0      0      0 
0 -1 -1
     4      9      9     14     40     16      5      8     37    140     16      2     12     22     50     44      0      8      5 
  6430   6753   6522   7467   7723   6714   5885   7193   7808  10106   6789   5957   7182   7663   7943   8621  11772   7650   6986 
 17236  13361     51    162   6522   6714   6753   7723   6430   7467  10106   7808   7193   7182  11772   7663   7650   7943   6986   8621   5957   6789   5885  13561  26304      1      0  65535 
     0      0      0      0      0      0      0      0      0      0      0      0      0      0      0      0      0      0      0 
     0      0      0      0      0      0      0      0      0      0      0      0      0      0      0      0      0      0      0 
     0      0      0      0      0      0      0      0      0      0      0      0      0      0      0      0      0      0      0 
0 -1 -1
     4     10     10     18     57     20      6     10     48    197     20      3     15     29     68     61      0      9      6 
  6481   6819   6580   7700   8163   6820   5923   7312   8099  11437   6897   5970   7304   7838   8387   9480  12269   7738   7069 
 17236  13361     51    162   6580   6820   6819   8163   6481   7700  11437   8099   7312   7304  12269   7838   7738   8387   7069   9480   5970   6897   5923  13559  26304      0      0  65535 
     0      0      0      0      0      0      0      0      0      0      0      0      0      0      0      0      0      0      0 
     0      0      0      0      0      0      0      0      0      0      0      0      0      0      0      0      0      0      0 
     0      0      0      0      0      0      0      0      0      0      0      0      0      0      0      0      0      0      0 
0 -1 -1
     5     12     12     24     76     25      7     12     61    255     24      3     19     38     88     78      0     12      7 
  6542   6908   6669   8008   8650   6964   5968   7447   8441  12900   7010   5986   7446   8044   8895  10376  12275   7833   7162 
 17236  13361     51    162   6669   6964   6908   8650   6542   8008  12900   8441   7447   7446  12275   8044   7833   8895   7162  10376   5986   7010   5968  13559  26304      0      1  65535 
     0      0      0      0      0      0      0      0      0      0      0      0      0      0      0      0      0      0      0 
     0      0      0      0      0      0      0      0      0      0      0      0      0      0      0      0      0      0      0 
     0      0      0      0      0      0      0      0      0      0      0      0      0      0      0      0      0      0      0 
0 -1 -1
     6     15     14     31     97     31      8     15     75    255     29      4     23     48    113     97      0     14      9 
  6609   7012   6775   8404   9179   7122   6021   7614   8830  14484   7144   6006   7618   8280   9507  11359  12266   7957   7262 
 17236  13361     51    161   6775   7122   7012   9179   6609   8404  14484   8830   7614   7618  12266   8280   7957   9507   7262  11359   6006   7144   6021  13559  26304      0      0  65535 
     0      0      0      0      0      0      0      0      0      0      0      0      0      0      0      0      0      0      0 
     0      0      0      0      0      0      0      0      0      0      0      0      0      0      0      0      0      0      0 
     0      0      0      0      0      0      0      0      0      0      0      0      0      0      0      0      0      0      0 
0 -1 -1
     7     16     16     35    109     34      9     16     83    255     32      4     25     53    124    108      0     16     10 
  6646   7072   6837   8646   9463   7216   6053   7717   9040  15359   7216   6020   7719   8413   9795  11915  12157   8031   7325 
 17236  13361     51    161   6837   7216   7072   9463   6646   8646  15359   9040   7717   7719  12157   8413   8031   9795   7325  11915   6020   7216   6053  13560  26305      0      0  65535 
     0      0      0      0      0      0      0      0      0      0      0      0      0      0      0      0      0      0      0 
     0      0      0      0      0      0      0      0      0      0      0      0      0      0      0      0      0      0      0 
     0      0      0      0      0      0      0      0      0      0      0      0      0      0      0      0      0      0      0 
0 -1 -1
     8     18     18     42    125     40     10     19     96    255     36      5     29     62    144    123      0     18     11 
  6705   7175   6927   8997   9878   7352   6100   7874   9365  16525   7334   6037   7882   8616  10281  12707  12248   8150   7427 
 17236  13361     51    161   6927   7352   7175   9878   6705   8997  16525   9365   7874   7882  12248   8616   8150  10281   7427  12707   6037   7334   6100  13560  26304      0      0  65535 
     0      0      0      0      0      0      0      0      0      0      0      0      0      0      0      0      0      0      0 
     0      0      0      0      0      0      0      0      0      0      0      0      0      0      0      0      0      0      0 
     0      0      0      0      0      0      0      0      0      0      0      0      0      0      0      0      0      0      0 
0 -1 -1
     9     21     20     49    144     46     11     22    110    255     41      5     34     72    167    140      0     21     13 
  6773   7308   7043   9399  10366   7526   6158   8076   9748  17865   7465   6059   8077   8856  10858  13594  11959   8283   7549 
 17236  13361     51    161   7043   7526   7308  10366   6773   9399  17865   9748   8076   8077  11959   8856   8283  10858   7549  13594   6059   7465   6158  13561  26304      0      0  65535 
     0      0      0      0      0      0      0      0      0      0      0      0      0      0      0      0      0      0      0 
     0      0      0      0      0      0      0      0      0      0      0      0      0      0      0      0      0      0      0 
     0      0      0      0      0      0      0      0      0      0      0      0      0      0      0      0      0      0      0 
0 -1 -1
    10     24     22     55    161     52     13     24    123    255     45      6     38     81    187    154      0     24     15 
  6838   7433   7144   9772  10800   7683   6220   8250  10095  19044   7582   6080   8244   9076  11350  14337  12121   8424   7655 
 17236  13361     51    161   7144   7683   7433  10800   6838   9772  19044  10095   8250   8244  12121   9076   8424  11350   7655  14337   6080   7582   6220  13562  26304      0      0  65535 
     0      0      0      0      0      0      0      0      0      0      0      0      0      0      0      0      0      0      0 
     0      0      0      0      0      0      0      0      0      0      0      0      0      0      0      0      0      0      0 
     0      0      0      0      0      0      0      0      0      0      0      0      0      0      0      0      0      0      0 
0 -1 -1
    10     26     23     59    170     55     13     26    130    255     48      6     40     86    196    162      0     26     16 
  6872   7502   7202   9970  11024   7767   6251   8350  10279  19643   7649   6090   8350   9196  11599  14728  12300   8496   7724 
 17236  13361     51    161   7202   7767   7502  11024   6872   9970  19643  10279   8350   8350  12300   9196   8496  11599   7724  14728   6090   7649   6251  13562  26304      0      0  65535 
     0      0      0      0      0      0      0      0      0      0      0      0      0      0      0      0      0      0      0 
     0      0      0      0      0      0      0      0      0      0      0      0      0      0      0      0      0      0      0 
     0      0      0      0      0      0      0      0      0      0      0      0      0      0      0      0      0      0      0 
0 -1 -1
    11     28     25     64    183     59     15     28    141    255     51      7     44     93    212    172      5     28     17 
  6936   7603   7288  10253  11347   7885   6301   8489  10552  20457   7739   6106   8498   9358  11982  15272  13046   8610   7817 
 17236  13361     51    161   7288   7885   7603  11347   6936  10253  20457  10552   8489   8498  13046   9358   8610  11982   7817  15272   6106   7739   6301  13562  26305      0      0  65535 
     0      0      0      0      0      0      0      0      0      0      0      0      0      0      0      0      0      0      0 
     0      0      0      0      0      0      0      0      0      0      0      0      0      0      0      0      0      0      0 
     0      0      0      0      0      0      0      0      0      0      0      0      0      0      0      0      0      0      0 
0 -1 -1
    12     30     26     68    191     62     15     29    147    255     53      7     46     97    221    179     14     30     18 
  6975   7676   7342  10452  11543   7956   6334   8589  10722  20977   7794   6118   8593   9463  12219  15606  13465   8691   7887 
 17236  13361     51    161   7342   7956   7676  11543   6975  10452  20977  10722   8589   8593  13465   9463   8691  12219   7887  15606   6118   7794   6334  13567  26304      0      0  65535 
     0      0      0      0      0      0      0      0      0      0      0      0      0      0      0      0      0      0      0 
     0      0      0      0      0      0      0      0      0      0      0      0      0      0      0      0      0      0      0 
     0      0      0      0      0      0      0      0      0      0      0      0      0      0      0      0      0      0      0 
0 -1 -1
    13     32     28     74    203     66     17     32    157    255     57      8     50    105    237    189     27     33     20 
  7044   7788   7436  10782  11854   8068   6389   8754  10998  21771   7890   6135   8752   9645  12612  16133  14035   8822   7998 
 17236  13361     51    161   7436   8068   7788  11854   7044  10782  21771  10998   8754   8752  14035   9645   8822  12612   7998  16133   6135   7890   6389  13567  26304      0      0  65535 
     0      0      0      0      0      0      0      0      0      0      0      0      0      0      0      0      0      0      0 
     0      0      0      0      0      0      0      0      0      0      0      0      0      0      0      0      0      0      0 
     0      0      0      0      0      0      0      0      0      0      0      0      0      0      0      0      0      0      0 
0 -1 -1
    14     35     30     79    212     70     18     34    166    255     59      8     53    111    249    196     33     35     21 
  7100   7884   7522  11068  12089   8182   6434   8893  11219  22466   7962   6138   8889   9789  12912  16514  14319   8930   8078 
 17236  13361     51    161   7522   8182   7884  12089   7100  11068  22466  11219   8893   8889  14319   9789   8930  12912   8078  16514   6138   7962   6434  13580  26305      0      0  65535 
     0      0      0      0      0      0      0      0      0      0      0      0      0      0      0      0      0      0      0 
     0      0      0      0      0      0      0      0      0      0      0      0      0      0      0      0      0      0      0 
     0      0      0      0      0      0      0      0      0      0      0      0      0      0      0      0      0      0      0 
0 -1 -1
    14     36     31     81    217     73     18     35    170    255     61      8     54    114    255    200     35     37     22 
  7127   7933   7566  11218  12204   8239   6461   8968  11328  22839   8001   6145   8954   9870  13055  16735  14391   8995   8129 
 17236  13361     51    161   7566   8239   7933  12204   7127  11218  22839  11328   8968   8954  14391   9870   8995  13055   8129  16735   6145   8001   6461  13606  26304      0      0  65535 
     0      0      0      0      0      0      0      0      0      0      0      0      0      0      0      0      0      0      0 
     0      0      0      0      0      0      0      0      0      0      0      0      0      0      0      0      0      0      0 
     0      0      0      0      0      0      0      0      0      0      0      0      0      0      0      0      0      0      0 
0 -1 -1
    15     37     32     83    220     74     19     36    172    255     62      8     55    117    255    202     25     38     23 
  7144   7976   7596  11329  12271   8276   6478   9028  11394  23090   8022   6148   8993   9927  13138  16838  13961   9034   8157 
 17236  13361     51    161   7596   8276   7976  12271   7144  11329  23090  11394   9028   8993  13961   9927   9034  13138   8157  16838   6148   8022   6478  13567  26304      0      0  65535 
     0      0      0      0      0      0      0      0      0      0      0      0      0      0      0      0      0      0      0 
     0      0      0      0      0      0      0      0      0      0      0      0      0      0      0      0      0      0      0 
     0      0      0      0      0      0      0      0      0      0      0      0      0      0      0      0      0      0      0 
0 -1 -1
    15     38     32     85    222     75     19     36    174    255     62      8     56    119    255    204     21     38     23 
  7164   8014   7625  11440  12346   8310   6492   9077  11444  23301   8040   6150   9034   9976  13216  16910  13768   9062   8180 
 17236  13361     51    161   7625   8310   8014  12346   7164  11440  23301  11444   9077   9034  13768   9976   9062  13216   8180  16910   6150   8040   6492  13567  26305      0      0  65535 
     0      0      0      0      0      0      0      0      0      0      0      0      0      0      0      0      0      0      0 
     0      0      0      0      0      0      0      0      0      0      0      0      0      0      0      0      0      0      0 
     0      0      0      0      0      0      0      0      0      0      0      0      0      0      0      0      0      0      0 
0 -1 -1
    15     37     32     85    221     74     19     36    172    255     61      8     56    118    255    201      3     38     22 
  7156   8005   7611  11414  12303   8291   6491   9056  11387  23232   8015   6144   9008   9952  13148  16797  12945   9038   8152 
 17236  13361     51    161   7611   8291   8005  12303   7156  11414  23232  11387   9056   9008  12945   9952   9038  13148   8152  16797   6144   8015   6491  13567  26304      0      0  65535 
     0      0      0      0      0      0      0      0      0      0      0      0      0      0      0      0      0      0      0 
     0      0      0      0      0      0      0      0      0      0      0      0      0      0      0      0      0      0      0 
     0      0      0      0      0      0      0      0      0      0      0      0      0      0      0      0      0      0      0 
0 -1 -1
    15     37     32     84    219     74     19     36    170    255     61      8     55    117    255    199      0     37     22 
  7145   7990   7593  11380  12255   8270   6482   9032  11330  23138   7997   6141   8981   9927  13080  16694  12654   9017   8127 
 17236  13361     51    161   7593   8270   7990  12255   7145  11380  23138  11330   9032   8981  12654   9927   9017  13080   8127  16694   6141   7997   6482  13566  26304      0      0  65535 
     0      0      0      0      0      0      0      0      0      0      0      0      0      0      0      0      0      0      0 
     0      0      0      0      0      0      0      0      0      0      0      0      0      0      0      0      0      0      0 
     0      0      0      0      0      0      0      0      0      0      0      0      0      0      0      0      0      0      0 
0 -1 -1
    14     36     31     83    215     72     18     35    166    255     59      7     54    114    250    195      0     36     21 
  7121   7956   7564  11280  12155   8234   6457   8978  11228  22927   7955   6129   8925   9861  12929  16487  11958   8969   8078 
 17236  13361     51    161   7564   8234   7956  12155   7121  11280  22927  11228   8978   8925  11958   9861   8969  12929   8078  16487   6129   7955   6457  13566  26305      0      0  65535 
     0      0      0      0      0      0      0      0      0      0      0      0      0      0      0      0      0      0      0 
     0      0      0      0      0      0      0      0      0      0      0      0      0      0      0      0      0      0      0 
     0      0      0      0      0      0      0      0      0      0      0      0      0      0      0      0      0      0      0 
0 -1 -1
    13     33     29     76    200     67     16     32    153    255     54      6     49    104    229    182      0     32     19 
  7027   7817   7440  10894  11778   8085   6363   8773  10877  22109   7804   6094   8732   9627  12400  15788  10729   8797   7907 
 17236  13361     51    161   7440   8085   7817  11778   7027  10894  22109  10877   8773   8732  10729   9627   8797  12400   7907  15788   6094   7804   6363  13567  26304      0      0  65535 
     0      0      0      0      0      0      0      0      0      0      0      0      0      0      0      0      0      0      0 
     0      0      0      0      0      0      0      0      0      0      0      0      0      0      0      0      0      0      0 
     0      0      0      0      0      0      0      0      0      0      0      0      0      0      0      0      0      0      0 
0 -1 -1
    11     28     25     65    176     58     13     27    133    255     46      5     42     90    198    163      0     27     15 
  6892   7602   7253  10314  11162   7852   6249   8475  10345  20797   7600   6053   8443   9290  11636  14777  10252   8558   7688 
 17236  13361     51    161   7253   7852   7602  11162   6892  10314  20797  10345   8475   8443  10252   9290   8558  11636   7688  14777   6053   7600   6249  13567  26304      0      0  65535 
     0      0      0      0      0      0      0      0      0      0      0      0      0      0      0      0      0      0      0 
     0      0      0      0      0      0      0      0      0      0      0      0      0      0      0      0      0      0      0 
     0      0      0      0      0      0      0      0      0      0      0      0      0      0      0      0      0      0      0 
0 -1 -1
     9     23     21     55    149     49     11     23    112    255     39      4     35     75    166    141      0     22     12 
  6767   7393   7073   9734  10499   7613   6145   8174   9785  19333   7398   6018   8151   8938  10828  13674  10638   8326   7482 
 17236  13361     51    161   7073   7613   7393  10499   6767   9734  19333   9785   8174   8151  10638   8938   8326  10828   7482  13674   6018   7398   6145  13567  26305      0      0  65535 
     0      0      0      0      0      0      0      0      0      0      0      0      0      0      0      0      0      0      0 
     0      0      0      0      0      0      0      0      0      0      0      0      0      0      0      0      0      0      0 
     0      0      0      0      0      0      0      0      0      0      0      0      0      0      0      0      0      0      0 
0 -1 -1
     7     20     18     47    128     42      9     20     95    255     33      3     30     64    141    125      0     19     10 
  6680   7239   6941   9296   9964   7429   6072   7954   9355  18137   7251   5995   7940   8678  10221  12822  10385   8165   7344 
 17236  13361     51    162   6941   7429   7239   9964   6680   9296  18137   9355   7954   7940  10385   8678   8165  10221   7344  12822   5995   7251   6072  13567  26304      0      0  65535 
     0      0      0      0      0      0      0      0      0      0      0      0      0      0      0      0      0      0      0 
     0      0      0      0      0      0      0      0      0      0      0      0      0      0      0      0      0      0      0 
     0      0      0      0      0      0      0      0      0      0      0      0      0      0      0      0      0      0      0 
0 -1 -1
     6     15     14     36     98     33      7     15     72    255     25      3     24     48    104     99      0     14      7 
  6569   7048   6773   8677   9186   7180   5974   7649   8747  16260   7034   5967   7655   8298   9298  11487  10368   7948   7159 
 17236  13361     51    162   6773   7180   7048   9186   6569   8677  16260   8747   7649   7655  10368   8298   7948   9298   7159  11487   5967   7034   5974  13569  26304      0      0  65535 
     0      0      0      0      0      0      0      0      0      0      0      0      0      0      0      0      0      0      0 
     0      0      0      0      0      0      0      0      0      0      0      0      0      0      0      0      0      0      0 
     0      0      0      0      0      0      0      0      0      0      0      0      0      0      0      0      0      0      0 
0 -1 -1
     4     11     11     24     62     23      5     11     48    255     17      2     17     32     66     70      0     10      5 
  6461   6854   6605   7995   8295   6913   5879   7346   8117  13961   6810   5936   7362   7912   8334   9971  10767   7747   6987 
 17236  13361     51    162   6605   6913   6854   8295   6461   7995  13961   8117   7346   7362  10767   7912   7747   8334   6987   9971   5936   6810   5879  13569  26304      0      1  65535 
     0      0      0      0      0      0      0      0      0      0      0      0      0      0      0      0      0      0      0 
     0      0      0      0      0      0      0      0      0      0      0      0      0      0      0      0      0      0      0 
     0      0      0      0      0      0      0      0      0      0      0      0      0      0      0      0      0      0      0 
0 -1 -1
     2      7      7     12     29     14      3      6     26    184     10      1     10     17     30     35      0      6      2 
  6359   6672   6444   7350   7445   6654   5796   7068   7513  11143   6606   5913   7080   7542   7446   8156  11147   7564   6839 
 17236  13361     51    162   6444   6654   6672   7445   6359   7350  11143   7513   7068   7080  11147   7542   7564   7446   6839   8156   5913   6606   5796  13569  26304      1      0  65535 
     0      0      0      0      0      0      0      0      0      0      0      0      0      0      0      0      0      0      0 
     0      0      0      0      0      0      0      0      0      0      0      0      0      0      0      0      0      0      0 
     0      0      0      0      0      0      0      0      0      0      0      0      0      0      0      0      0      0      0 
0 -1 -1
     1      4      5      5      9      6      1      3     10     64      4      0      5      6      9      8      0      3      1 
  6274   6535   6316   6947   6959   6456   5732   6864   7112   8328   6457   5890   6866   7292   6918   6746  11705   7429   6746 
 17236  13361     51    162   6316   6456   6535   6959   6274   6947   8328   7112   6864   6866  11705   7292   7429   6918   6746   6746   5890   6457   5732  13566  26305      0      0  65535 
     0      0      0      0      0      0      0      0      0      0      0      0      0      0      0      0      0      0      0 
     0      0      0      0      0      0      0      0      0      0      0      0      0      0      0      0      0      0      0 
     0      0      0      0      0      0      0      0      0      0      0      0      0      0      0      0      0      0      0 
0 -1 -1
     0      1      2      1      1      1      0      1      2      5      0      0      1      1      1      0      0      1      0 
  6210   6431   6212   6739   6749   6328   5674   6718   6895   6951   6353   5864   6720   7154   6705   6333  11844   7332   6684 
 17236  13361     51    162   6212   6328   6431   6749   6210   6739   6951   6895   6718   6720  11844   7154   7332   6705   6684   6333   5864   6353   5674  13560  26304      0      0  65535 
     0      0      0      0      0      0      0      0      0      0      0      0      0      0      0      0      0      0      0 
     0      0      0      0      0      0      0      0      0      0      0      0      0      0      0      0      0      0      0 
     0      0      0      0      0      0      0      0      0      0      0      0      0      0      0      0      0      0      0 
0 -1 -1
     0      0      0      0      0      0      0      0      0      0      0      0      0      0      0      0      0      0      0 
  6171   6372   6123   6667   6687   6270   5642   6633   6819   6830   6312   5842   6651   7112   6660   6287  12039   7280   6657 
 17236  13361     51    162   6123   6270   6372   6687   6171   6667   6830   6819   6633   6651  12039   7112   7280   6660   6657   6287   5842   6312   5642  13560  26304      0      1  65535 
     0      0      0      0      0      0      0      0      0      0      0      0      0      0      0      0      0      0      0 
     0      0      0      0      0      0      0      0      0      0      0      0      0      0      0      0      0      0      0 
     0      0      0      0      0      0      0      0      0      0      0      0      0      0      0      0      0      0      0 
0 -1 -1
     0      0      0      0      0      0      0      0      0      0      0      0      0      0      0      0      0      0      0 
  6156   6341   6064   6644   6674   6246   5630   6601   6797   6806   6301   5835   6627   7096   6646   6276  12157   7258   6645 
 17236  13361     51    162   6064   6246   6341   6674   6156   6644   6806   6797   6601   6627  12157   7096   7258   6646   6645   6276   5835   6301   5630  13562  26303      0      0  65535 
     0      0      0      0      0      0      0      0      0      0      0      0      0      0      0      0      0      0      0 
     0      0      0      0      0      0      0      0      0      0      0      0      0      0      0      0      0      0      0 
     0      0      0      0      0      0      0      0      0      0      0      0      0      0      0      0      0      0      0 
0 -1 -1
     0      0      0      0      0      0      0      0      0      0      0      0      0      0      0      0      0      0      0 
  6155   6336   6061   6640   6672   6241   5629   6592   6793   6801   6299   5834   6625   7093   6645   6277  12079   7255   6645 
 17236  13361     51    162   6061   6241   6336   6672   6155   6640   6801   6793   6592   6625  12079   7093   7255   6645   6645   6277   5834   6299   5629  13563  26303      0      0  65535 
     0      0      0      0      0      0      0      0      0      0      0      0      0      0      0      0      0      0      0 
     0      0      0      0      0      0      0      0      0      0      0      0      0      0      0      0      0      0      0 
     0      0      0      0      0      0      0      0      0      0      0      0      0      0      0      0      0      0      0 
0 -1 -1
     0      0      0      0      0      0      0      0      0      0      0      0      0      0      0      0      0      0      0 
  6153   6334   6059   6638   6670   6241   5628   6590   6791   6798   6297   5832   6624   7089   6643   6274  12061   7253   6643 
 17236  13361     51    162   6059   6241   6334   6670   6153   6638   6798   6791   6590   6624  12061   7089   7253   6643   6643   6274   5832   6297   5628  13563  26304      0      0  65535 
     0      0      0      0      0      0      0      0      0      0      0      0      0      0      0      0      0      0      0 
     0      0      0      0      0      0      0      0      0      0      0      0      0      0      0      0      0      0      0 
     0      0      0      0      0      0      0      0      0      0      0      0      0      0      0      0      0      0      0 
0 -1 -1
     0      0      0      0      0      0      0      0      0      0      0      0      0      0      0      0      0      0      0 
  6152   6332   6058   6638   6669   6239   5626   6592   6790   6798   6297   5834   6620   7090   6641   6273  12033   7252   6643 
 17236  13361     51    162   6058   6239   6332   6669   6152   6638   6798   6790   6592   6620  12033   7090   7252   6641   6643   6273   5834   6297   5626  13563  26305      1      0  65535 
     0      0      0      0      0      0      0      0      0      0      0      0      0      0      0      0      0      0      0 
     0      0      0      0      0      0      0      0      0      0      0      0      0      0      0      0      0      0      0 
     0      0      0      0      0      0      0      0      0      0      0      0      0      0      0      0      0      0      0 
0 -1 -1
     0      0      0      0      0      0      0      0      0      0      0      0      0      0      0      0      0      0      0 
  6152   6332   6059   6636   6667   6239   5625   6590   6789   6795   6295   5831   6620   7088   6641   6273  12026   7253   6642 
 17236  13361     51    162   6059   6239   6332   6667   6152   6636   6795   6789   6590   6620  12026   7088   7253   6641   6642   6273   5831   6295   5625  13606  26305      0      0  65535 
     0      0      0      0      0      0      0      0      0      0      0      0      0      0      0      0      0      0      0 
     0      0      0      0      0      0      0      0      0      0      0      0      0      0      0      0      0      0      0 
     0      0      0      0      0      0      0      0      0      0      0      0      0      0      0      0      0      0      0 
0 -1 -1
     0      0      0      0      0      0      0      0      0      0      0      0      0      0      0      0      0      0      0 
  6151   6331   6058   6635   6666   6240   5626   6588   6789   6794   6294   5832   6620   7085   6638   6271  12036   7250   6640 
 17236  13361     51    162   6058   6240   6331   6666   6151   6635   6794   6789   6588   6620  12036   7085   7250   6638   6640   6271   5832   6294   5626  13581  26304      0      1  65535 
     0      0      0      0      0      0      0      0      0      0      0      0      0      0      0      0      0      0      0 
     0      0      0      0      0      0      0      0      0      0      0      0      0      0      0      0      0      0      0 
     0      0      0      0      0      0      0      0      0      0      0      0      0      0      0      0      0      0      0 
0 -1 -1
     0      0      0      0      0      0      0      0      0      0      0      0      0      0      0      0      0      0      0 
  6150   6331   6057   6634   6666   6237   5623   6588   6788   6791   6293   5829   6619   7084   6638   6269  12040   7250   6641 
 17236  13361     51    162   6057   6237   6331   6666   6150   6634   6791   6788   6588   6619  12040   7084   7250   6638   6641   6269   5829   6293   5623  13562  26303      0      0  65535 
     0      0      0      0      0      0      0      0      0      0      0      0      0      0      0      0      0      0      0 
     0      0      0      0      0      0      0      0      0      0      0      0      0      0      0      0      0      0      0 
     0      0      0      0      0      0      0      0      0      0      0      0      0      0      0      0      0      0      0 
0 -1 -1
     0      0      0      0      0      0      0      0      0      0      0      0      0      0      0      0      0      0      0 
  6150   6329   6056   6634   6664   6236   5623   6587   6784   6792   6291   5829   6617   7084   6637   6270  12026   7248   6639 
 17236  13361     51    162   6056   6236   6329   6664   6150   6634   6792   6784   6587   6617  12026   7084   7248   6637   6639   6270   5829   6291   5623  13562  26305      0      0  65535 
     0      0      0      0      0      0      0      0      0      0      0      0      0      0      0      0      0      0      0 
     0      0      0      0      0      0      0      0      0      0      0      0      0      0      0      0      0      0      0 
     0      0      0      0      0      0      0      0      0      0      0      0      0      0      0      0      0      0      0 
0 -1 -1
     0      0      0      0      0      0      0      0      0      0      0      0      0      0      0      0      0      0      0 
  6148   6328   6055   6632   6663   6236   5622   6585   6784   6790   6291   5827   6617   7083   6637   6270  12035   7248   6639 
 17236  13361     51    162   6055   6236   6328   6663   6148   6632   6790   6784   6585   6617  12035   7083   7248   6637   6639   6270   5827   6291   5622  13562  26305      0      1  65535 
     0      0      0      0      0      0      0      0      0      0      0      0      0      0      0      0      0      0      0 
     0      0      0      0      0      0      0      0      0      0      0      0      0      0      0      0      0      0      0 
     0      0      0      0      0      0      0      0      0      0      0      0      0      0      0      0      0      0      0 
0 -1 -1
     0      0      0      0      0      0      0      0      0      0      0      0      0      0      0      0      0      0      0 
  6148   6327   6054   6630   6662   6235   5621   6584   6783   6789   6289   5828   6615   7083   6634   6270  12016   7246   6639 
 17236  13361     51    162   6054   6235   6327   6662   6148   6630   6789   6783   6584   6615  12016   7083   7246   6634   6639   6270   5828   6289   5621  13566  26305      0      1  65535 
     0      0      0      0      0      0      0      0      0      0      0      0      0      0      0      0      0      0      0 
     0      0      0      0      0      0      0      0      0      0      0      0      0      0      0      0      0      0      0 
     0      0      0      0      0      0      0      0      0      0      0      0      0      0      0      0      0      0      0 
0 -1 -1
     0      0      0      0      0      0      0      0      0      0      0      0      0      0      0      0      0      0      0 
  6147   6325   6053   6629   6660   6233   5622   6582   6782   6787   6290   5827   6614   7080   6633   6266  12013   7245   6637 
 17236  13361     51    162   6053   6233   6325   6660   6147   6629   6787   6782   6582   6614  12013   7080   7245   6633   6637   6266   5827   6290   5622  13568  26305      0      0  65535 
     0      0      0      0      0      0      0      0      0      0      0      0      0      0      0      0      0      0      0 
     0      0      0      0      0      0      0      0      0      0      0      0      0      0      0      0      0      0      0 
     0      0      0      0      0      0      0      0      0      0      0      0      0      0      0      0      0      0      0 
0 -1 -1
     0      0      0      0      0      0      0      0      0      0      0      0      0      0      0      0      0      0      0 
  6145   6325   6053   6628   6660   6231   5619   6582   6780   6785   6286   5825   6612   7079   6633   6266  12028   7244   6636 
 17236  13361     51    162   6053   6231   6325   6660   6145   6628   6785   6780   6582   6612  12028   7079   7244   6633   6636   6266   5825   6286   5619  13569  26306      0      0  65535 
     0      0      0      0      0      0      0      0      0      0      0      0      0      0      0      0      0      0      0 
     0      0      0      0      0      0      0      0      0      0      0      0      0      0      0      0      0      0      0 
     0      0      0      0      0      0      0      0      0      0      0      0      0      0      0      0      0      0      0 
0 -1 -1
     0      0      0      0      0      0      0      0      0      0      0      0      0      0      0      0      0      0      0 
  6145   6324   6051   6628   6659   6232   5619   6580   6780   6785   6285   5824   6611   7078   6631   6265  11977   7244   6635 
 17236  13361     51    162   6051   6232   6324   6659   6145   6628   6785   6780   6580   6611  11977   7078   7244   6631   6635   6265   5824   6285   5619  13569  26305      0      0  65535 
     0      0      0      0      0      0      0      0      0      0      0      0      0      0      0      0      0      0      0 
     0      0      0      0      0      0      0      0      0      0      0      0      0      0      0      0      0      0      0 
     0      0      0      0      0      0      0      0      0      0      0      0      0      0      0      0      0      0      0 
0 -1 -1
     0      0      0      0      0      0      0      0      0      0      0      0      0      0      0      0      0      0      0 
  6143   6323   6051   6626   6656   6230   5617   6580   6779   6784   6285   5824   6611   7078   6630   6265  11990   7242   6633 
 17236  13361     51    162   6051   6230   6323   6656   6143   6626   6784   6779   6580   6611  11990   7078   7242   6630   6633   6265   5824   6285   5617  13569  26305      0      0  65535 
     0      0      0      0      0      0      0      0      0      0      0      0      0      0      0      0      0      0      0 
     0      0      0      0      0      0      0      0      0      0      0      0      0      0      0      0      0      0      0 
     0      0      0      0      0      0      0      0      0      0      0      0      0      0      0      0      0      0      0 
0 -1 -1
     0      0      0      0      0      0      0      0      0      0      0      0      0      0      0      0      0      0      0 
  6142   6323   6049   6626   6655   6230   5617   6578   6776   6784   6284   5822   6610   7076   6629   6264  12070   7241   6633 
 17236  13361     51    162   6049   6230   6323   6655   6142   6626   6784   6776   6578   6610  12070   7076   7241   6629   6633   6264   5822   6284   5617  13569  26305      0      0  65535 
     0      0      0      0      0      0      0      0      0      0      0      0      0      0      0      0      0      0      0 
     0      0      0      0      0      0      0      0      0      0      0      0      0      0      0      0      0      0      0 
     0      0      0      0      0      0      0      0      0      0      0      0      0      0      0      0      0      0      0 
0 -1 -1
     0      0      0      0      0      0      0      0      0      0      0      0      0      0      0      0      0      0      0 
  6141   6321   6049   6624   6656   6227   5616   6579   6776   6781   6283   5821   6611   7076   6628   6263  12037   7241   6633 
 17236  13361     51    162   6049   6227   6321   6656   6141   6624   6781   6776   6579   6611  12037   7076   7241   6628   6633   6263   5821   6283   5616  13570  26305      0      0  65535 
     0      0      0      0      0      0      0      0      0      0      0      0      0      0      0      0      0      0      0 
     0      0      0      0      0      0      0      0      0      0      0      0      0      0      0      0      0      0      0 
     0      0      0      0      0      0      0      0      0      0      0      0      0      0      0      0      0      0      0 
0 -1 -1
     0      0      0      0      0      0      0      0      0      0      0      0      0      0      0      0      0      0      0 
  6142   6320   6047   6623   6655   6226   5615   6577   6775   6781   6282   5821   6608   7075   6627   6263  12035   7239   6632 
 17236  13361     51    162   6047   6226   6320   6655   6142   6623   6781   6775   6577   6608  12035   7075   7239   6627   6632   6263   5821   6282   5615  13570  26303      0      0  65535 
     0      0      0      0      0      0      0      0      0      0      0      0      0      0      0      0      0      0      0 
     0      0      0      0      0      0      0      0      0      0      0      0      0      0      0      0      0      0      0 
     0      0      0      0      0      0      0      0      0      0      0      0      0      0      0      0      0      0      0 
0 -1 -1
     0      0      0      0      0      0      0      0      0      0      0      0      0      0      0      0      0      0      0 
  6139   6319   6047   6621   6653   6225   5615   6577   6775   6779   6281   5819   6608   7073   6627   6261  12054   7237   6630 
 17236  13361     51    162   6047   6225   6319   6653   6139   6621   6779   6775   6577   6608  12054   7073   7237   6627   6630   6261   5819   6281   5615  13569  26303      0      1  65535 
     0      0      0      0      0      0      0      0      0      0      0      0      0      0      0      0      0      0      0 
     0      0      0      0      0      0      0      0      0      0      0      0      0      0      0      0      0      0      0 
     0      0      0      0      0      0      0      0      0      0      0      0      0      0      0      0      0      0      0 
0 -1 -1
     0      0      0      0      0      0      0      0      0      0      0      0      0      0      0      0      0      0      0 
  6140   6318   6047   6621   6652   6226   5615   6576   6774   6779   6280   5819   6607   7073   6626   6260  12056   7238   6631 
 17236  13361     51    162   6047   6226   6318   6652   6140   6621   6779   6774   6576   6607  12056   7073   7238   6626   6631   6260   5819   6280   5615  13569  26304      0      1  65535 
     0      0      0      0      0      0      0      0      0      0      0      0      0      0      0      0      0      0      0 
     0      0      0      0      0      0      0      0      0      0      0      0      0      0      0      0      0      0      0 
     0      0      0      0      0      0      0      0      0      0      0      0      0      0      0      0      0      0      0 
0 -1 -1
     0      0      0      0      0      0      0      0      0      0      0      0      0      0      0      0      0      0      0 
  6138   6316   6045   6622   6652   6223   5612   6574   6773   6777   6280   5819   6605   7070   6625   6259  12050   7237   6629 
 17236  13361     51    162   6045   6223   6316   6652   6138   6622   6777   6773   6574   6605  12050   7070   7237   6625   6629   6259   5819   6280   5612  13570  26305      1      0  65535 
     0      0      0      0      0      0      0      0      0      0      0      0      0      0      0      0      0      0      0 
     0      0      0      0      0      0      0      0      0      0      0      0      0      0      0      0      0      0      0 
     0      0      0      0      0      0      0      0      0      0      0      0      0      0      0      0      0      0      0 
0 -1 -1
     0      0      0      0      0      0      0      0      0      0      0      0      0      0      0      0      0      0      0 
  6138   6316   6046   6619   6650   6224   5611   6575   6773   6777   6279   5819   6605   7072   6624   6259  12056   7236   6629 
 17236  13361     51    162   6046   6224   6316   6650   6138   6619   6777   6773   6575   6605  12056   7072   7236   6624   6629   6259   5819   6279   5611  13570  26305      0      0  65535 
     0      0      0      0      0      0      0      0      0      0      0      0      0      0      0      0      0      0      0 
     0      0      0      0      0      0      0      0      0      0      0      0      0      0      0      0      0      0      0 
     0      0      0      0      0      0      0      0      0      0      0      0      0      0      0      0      0      0      0 
0 -1 -1
     0      0      0      0      0      0      0      0      0      0      0      0      0      0      0      0      0      0      0 
  6136   6315   6043   6619   6650   6221   5612   6573   6770   6775   6277   5817   6602   7070   6621   6258  12106   7234   6627 
 17236  13361     51    162   6043   6221   6315   6650   6136   6619   6775   6770   6573   6602  12106   7070   7234   6621   6627   6258   5817   6277   5612  13570  26305      0      0  65535 
     0      0      0      0      0      0      0      0      0      0      0      0      0      0      0      0      0      0      0 
     0      0      0      0      0      0      0      0      0      0      0      0      0      0      0      0      0      0      0 
     0      0      0      0      0      0      0      0      0      0      0      0      0      0      0      0      0      0      0 
0 -1 -1
     0      0      0      0      0      0      0      0      0      0      0      0      0      0      0      0      0      0      0 
  6136   6315   6044   6617   6649   6222   5610   6572   6770   6774   6277   5817   6603   7068   6620   6257  12077   7233   6627 
 17236  13361     51    162   6044   6222   6315   6649   6136   6617   6774   6770   6572   6603  12077   7068   7233   6620   6627   6257   5817   6277   5610  13569  26304      0      0  65535 
     0      0      0      0      0      0      0      0      0      0      0      0      0      0      0      0      0      0      0 
     0      0      0      0      0      0      0      0      0      0      0      0      0      0      0      0      0      0      0 
     0      0      0      0      0      0      0      0      0      0      0      0      0      0      0      0      0      0      0 
0 -1 -1
     0      0      0      0      0      0      0      0      0      0      0      0      0      0      0      0      0      0      0 
  6135   6314   6043   6617   6647   6221   5610   6572   6768   6772   6276   5817   6602   7066   6620   6256  12080   7233   6626 
 17236  13361     51    162   6043   6221   6314   6647   6135   6617   6772   6768   6572   6602  12080   7066   7233   6620   6626   6256   5817   6276   5610  13570  26304      0      0  65535 
     0      0      0      0      0      0      0      0      0      0      0      0      0      0      0      0      0      0      0 
     0      0      0      0      0      0      0      0      0      0      0      0      0      0      0      0      0      0      0 
     0      0      0      0      0      0      0      0      0      0      0      0      0      0      0      0      0      0      0 
0 -1 -1
     0      0      0      0      0      0      0      0      0      0      0      0      0      0      0      0      0      0      0 
  6133   6312   6041   6616   6645   6219   5611   6572   6770   6772   6274   5814   6602   7068   6619   6254  12109   7232   6624 
 17236  13361     51    162   6041   6219   6312   6645   6133   6616   6772   6770   6572   6602  12109   7068   7232   6619   6624   6254   5814   6274   5611  13571  26304      0      0  65535 
     0      0      0      0      0      0      0      0      0      0      0      0      0      0      0      0      0      0      0 
     0      0      0      0      0      0      0      0      0      0      0      0      0      0      0      0      0      0      0 
     0      0      0      0      0      0      0      0      0      0      0      0      0      0      0      0      0      0      0 
0 -1 -1
     0      0      0      0      0      0      0      0      0      0      0      0      0      0      0      0      0      0      0 
  6133   6313   6042   6615   6645   6219   5608   6570   6765   6772   6274   5815   6601   7066   6619   6255  12103   7232   6624 
 17236  13361     51    162   6042   6219   6313   6645   6133   6615   6772   6765   6570   6601  12103   7066   7232   6619   6624   6255   5815   6274   5608  13572  26304      0      1  65535 
     0      0      0      0      0      0      0      0      0      0      0      0      0      0      0      0      0      0      0 
     0      0      0      0      0      0      0      0      0      0      0      0      0      0      0      0      0      0      0 
     0      0      0      0      0      0      0      0      0      0      0      0      0      0      0      0      0      0      0 
0 -1 -1
