     8      5      7     13     24    117     19      5     43    238     33      4     83     43     17      7     10     12      6 
  7299   7106   6885   8019   7851   9963   6926   7469   8517  12950   7797   6500  10744   8720   7670   7206  10884   8447   7616 
 17236  13361     51    159   6885   9963   7106   7851   7299   8019  12950   8517   7469  10744  10884   8720   8447   7670   7616   7206   6500   7797   6926  13570  26305      0      0  65535 
     0      0      0      0      0      0      0      0      0      0      0      0      0      0      0      0      0      0      0 
     0      0      0      0      0      0      0      0      0      0      0      0      0      0      0      0      0      0      0 
     0      0      0      0      0      0      0      0      0      0      0      0      0      0      0      0      0      0      0 
0 -1 -1
     9      5      7     15     27    130     22      6     48    255     37      5     94     49     19      8     11     14      6 
  7366   7131   6913   8113   7927  10330   7079   7510   8663  13746   7898   6513  11209   8848   7725   7252  10961   8523   7655 
 17236  13361     51    158   6913  10330   7131   7927   7366   8113  13746   8663   7510  11209  10961   8848   8523   7725   7655   7252   6513   7898   7079  13570  26304      0      0  65535 
     0      0      0      0      0      0      0      0      0      0      0      0      0      0      0      0      0      0      0 
     0      0      0      0      0      0      0      0      0      0      0      0      0      0      0      0      0      0      0 
     0      0      0      0      0      0      0      0      0      0      0      0      0      0      0      0      0      0      0 
0 -1 -1
    10      6      8     16     29    139     24      6     52    255     39      5    101     52     21      8     12     15      7 
  7409   7146   6934   8180   7977  10562   7158   7535   8754  14298   7960   6519  11511   8922   7767   7281  10995   8571   7679 
 17236  13361     51    158   6934  10562   7146   7977   7409   8180  14298   8754   7535  11511  10995   8922   8571   7767   7679   7281   6519   7960   7158  13569  26304      0      0  65535 
     0      0      0      0      0      0      0      0      0      0      0      0      0      0      0      0      0      0      0 
     0      0      0      0      0      0      0      0      0      0      0      0      0      0      0      0      0      0      0 
     0      0      0      0      0      0      0      0      0      0      0      0      0      0      0      0      0      0      0 
0 -1 -1
    11      6      8     17     31    147     27      6     55    255     41      5    108     55     22      9     14     16      7 
  7449   7163   6954   8246   8026  10780   7270   7563   8850  14792   8022   6527  11795   9003   7808   7312  11068   8617   7705 
 17236  13361     51    158   6954  10780   7163   8026   7449   8246  14792   8850   7563  11795  11068   9003   8617   7808   7705   7312   6527   8022   7270  13569  26305      0      0  65535 
     0      0      0      0      0      0      0      0      0      0      0      0      0      0      0      0      0      0      0 
     0      0      0      0      0      0      0      0      0      0      0      0      0      0      0      0      0      0      0 
     0      0      0      0      0      0      0      0      0      0      0      0      0      0      0      0      0      0      0 
0 -1 -1
    11      6      9     18     32    153     28      7     58    255     43      5    113     57     23      9     15     17      7 
  7473   7173   6963   8292   8063  10932   7324   7584   8913  15146   8064   6535  11986   9058   7835   7333  11117   8652   7723 
 17236  13361     51    158   6963  10932   7173   8063   7473   8292  15146   8913   7584  11986  11117   9058   8652   7835   7723   7333   6535   8064   7324  13569  26305      0      0  65535 
     0      0      0      0      0      0      0      0      0      0      0      0      0      0      0      0      0      0      0 
     0      0      0      0      0      0      0      0      0      0      0      0      0      0      0      0      0      0      0 
     0      0      0      0      0      0      0      0      0      0      0      0      0      0      0      0      0      0      0 
0 -1 -1
    11      7      9     19     34    158     29      7     60    255     44      5    117     59     24      9     16     18      8 
  7497   7184   6975   8336   8094  11065   7382   7605   8972  15461   8101   6540  12161   9105   7859   7351  11159   8687   7737 
 17236  13361     51    158   6975  11065   7184   8094   7497   8336  15461   8972   7605  12161  11159   9105   8687   7859   7737   7351   6540   8101   7382  13568  26304      0      0  65535 
     0      0      0      0      0      0      0      0      0      0      0      0      0      0      0      0      0      0      0 
     0      0      0      0      0      0      0      0      0      0      0      0      0      0      0      0      0      0      0 
     0      0      0      0      0      0      0      0      0      0      0      0      0      0      0      0      0      0      0 
0 -1 -1
    12      7      9     20     35    162     30      7     62    255     45      6    120     61     25     10     17     18      8 
  7517   7192   6986   8369   8118  11175   7424   7621   9018  15698   8128   6546  12300   9139   7878   7365  11211   8714   7744 
 17236  13361     51    158   6986  11175   7192   8118   7517   8369  15698   9018   7621  12300  11211   9139   8714   7878   7744   7365   6546   8128   7424  13568  26304      0      0  65535 
     0      0      0      0      0      0      0      0      0      0      0      0      0      0      0      0      0      0      0 
     0      0      0      0      0      0      0      0      0      0      0      0      0      0      0      0      0      0      0 
     0      0      0      0      0      0      0      0      0      0      0      0      0      0      0      0      0      0      0 
0 -1 -1
    12      7      9     20     34    161     30      7     61    255     45      6    120     60     25     10     16     18      8 
  7512   7190   6980   8365   8111  11161   7418   7619   9007  15712   8121   6545  12295   9125   7875   7360  11164   8710   7740 
 17236  13361     51    158   6980  11161   7190   8111   7512   8365  15712   9007   7619  12295  11164   9125   8710   7875   7740   7360   6545   8121   7418  13570  26304      0      0  65535 
     0      0      0      0      0      0      0      0      0      0      0      0      0      0      0      0      0      0      0 
     0      0      0      0      0      0      0      0      0      0      0      0      0      0      0      0      0      0      0 
     0      0      0      0      0      0      0      0      0      0      0      0      0      0      0      0      0      0      0 
0 -1 -1
    12      7      9     20     34    161     30      7     61    255     45      6    120     60     25      9     16     18      8 
  7511   7189   6977   8367   8110  11158   7419   7616   9001  15728   8118   6544  12297   9121   7874   7354  11168   8710   7736 
 17236  13361     51    158   6977  11158   7189   8110   7511   8367  15728   9001   7616  12297  11168   9121   8710   7874   7736   7354   6544   8118   7419  13570  26304      0      1  65535 
     0      0      0      0      0      0      0      0      0      0      0      0      0      0      0      0      0      0      0 
     0      0      0      0      0      0      0      0      0      0      0      0      0      0      0      0      0      0      0 
     0      0      0      0      0      0      0      0      0      0      0      0      0      0      0      0      0      0      0 
0 -1 -1
    12      7      9     20     34    161     30      7     61    255     45      6    120     60     25      9     16     18      7 
  7510   7190   6979   8365   8108  11153   7420   7615   8997  15743   8113   6542  12299   9120   7873   7353  11158   8710   7735 
 17236  13361     51    158   6979  11153   7190   8108   7510   8365  15743   8997   7615  12299  11158   9120   8710   7873   7735   7353   6542   8113   7420  13570  26305      1      0  65535 
     0      0      0      0      0      0      0      0      0      0      0      0      0      0      0      0      0      0      0 
     0      0      0      0      0      0      0      0      0      0      0      0      0      0      0      0      0      0      0 
     0      0      0      0      0      0      0      0      0      0      0      0      0      0      0      0      0      0      0 
0 -1 -1
    11      7      9     19     34    160     30      7     60    255     44      5    119     59     25      9     15     18      7 
  7502   7184   6971   8358   8100  11121   7406   7610   8978  15704   8096   6540  12262   9102   7866   7349  11127   8701   7730 
 17236  13361     51    158   6971  11121   7184   8100   7502   8358  15704   8978   7610  12262  11127   9102   8701   7866   7730   7349   6540   8096   7406  13570  26304      0      0  65535 
     0      0      0      0      0      0      0      0      0      0      0      0      0      0      0      0      0      0      0 
     0      0      0      0      0      0      0      0      0      0      0      0      0      0      0      0      0      0      0 
     0      0      0      0      0      0      0      0      0      0      0      0      0      0      0      0      0      0      0 
0 -1 -1
    11      6      8     19     32    154     27      7     56    255     41      5    113     55     23      9     12     17      7 
  7461   7168   6945   8306   8056  10952   7269   7573   8880  15397   8007   6522  12024   9006   7820   7307  11012   8647   7692 
 17236  13361     51    158   6945  10952   7168   8056   7461   8306  15397   8880   7573  12024  11012   9006   8647   7820   7692   7307   6522   8007   7269  13567  26304      0      0  65535 
     0      0      0      0      0      0      0      0      0      0      0      0      0      0      0      0      0      0      0 
     0      0      0      0      0      0      0      0      0      0      0      0      0      0      0      0      0      0      0 
     0      0      0      0      0      0      0      0      0      0      0      0      0      0      0      0      0      0      0 
0 -1 -1
     8      4      5     14     23    116     16      4     39    255     29      3     86     38     16      6      8     12      5 
  7271   7077   6813   8032   7829   9942   6796   7424   8421  13656   7680   6469  10852   8599   7643   7164  10804   8425   7559 
 17236  13361     51    159   6813   9942   7077   7829   7271   8032  13656   8421   7424  10852  10804   8599   8425   7643   7559   7164   6469   7680   6796  13569  26305      0      0  65535 
     0      0      0      0      0      0      0      0      0      0      0      0      0      0      0      0      0      0      0 
     0      0      0      0      0      0      0      0      0      0      0      0      0      0      0      0      0      0      0 
     0      0      0      0      0      0      0      0      0      0      0      0      0      0      0      0      0      0      0 
0 -1 -1
     5      3      3      9     16     77      9      3     25    190     20      2     60     25     10      4      8      8      3 
  7111   7009   6719   7790   7644   8906   6502   7322   8052  11830   7445   6435   9761   8287   7513   7062  10801   8256   7464 
 17236  13361     51    159   6719   8906   7009   7644   7111   7790  11830   8052   7322   9761  10801   8287   8256   7513   7464   7062   6435   7445   6502  13567  26305      0      0  65535 
     0      0      0      0      0      0      0      0      0      0      0      0      0      0      0      0      0      0      0 
     0      0      0      0      0      0      0      0      0      0      0      0      0      0      0      0      0      0      0 
     0      0      0      0      0      0      0      0      0      0      0      0      0      0      0      0      0      0      0 
0 -1 -1
     4      2      3      7     13     61      6      2     19    151     16      2     47     19      8      3      5      6      3 
  7044   6981   6682   7685   7570   8453   6382   7277   7900  10931   7325   6416   9223   8152   7452   7015  10681   8176   7418 
 17236  13361     51    159   6682   8453   6981   7570   7044   7685  10931   7900   7277   9223  10681   8152   8176   7452   7418   7015   6416   7325   6382  13561  26305      0      0  65535 
     0      0      0      0      0      0      0      0      0      0      0      0      0      0      0      0      0      0      0 
     0      0      0      0      0      0      0      0      0      0      0      0      0      0      0      0      0      0      0 
     0      0      0      0      0      0      0      0      0      0      0      0      0      0      0      0      0      0      0 
0 -1 -1
     3      1      2      6     10     44      4      2     14    113     13      1     35     15      6      2      2      5      2 
  6981   6956   6649   7589   7499   8006   6307   7238   7768  10040   7239   6402   8722   8042   7403   6978  10545   8110   7378 
 17236  13361     51    159   6649   8006   6956   7499   6981   7589  10040   7768   7238   8722  10545   8042   8110   7403   7378   6978   6402   7239   6307  13560  26305      0      0  65535 
     0      0      0      0      0      0      0      0      0      0      0      0      0      0      0      0      0      0      0 
     0      0      0      0      0      0      0      0      0      0      0      0      0      0      0      0      0      0      0 
     0      0      0      0      0      0      0      0      0      0      0      0      0      0      0      0      0      0      0 
0 -1 -1
     3      1      2      5     10     41      4      1     13    106     12      1     32     14      6      2      2      5      2 
  6973   6953   6644   7574   7487   7933   6290   7232   7745   9884   7219   6398   8623   8020   7393   6969  10516   8096   7368 
 17236  13361     51    160   6644   7933   6953   7487   6973   7574   9884   7745   7232   8623  10516   8020   8096   7393   7368   6969   6398   7219   6290  13564  26303      0      1  65535 
     0      0      0      0      0      0      0      0      0      0      0      0      0      0      0      0      0      0      0 
     0      0      0      0      0      0      0      0      0      0      0      0      0      0      0      0      0      0      0 
     0      0      0      0      0      0      0      0      0      0      0      0      0      0      0      0      0      0      0 
0 -1 -1
     2      1      1      4      8     30      3      1     10     79      9      1     23     10      4      1      1      3      1 
  6927   6937   6619   7508   7434   7629   6235   7199   7650   9254   7133   6384   8231   7932   7351   6938  10482   8039   7333 
 17236  13361     51    160   6619   7629   6937   7434   6927   7508   9254   7650   7199   8231  10482   7932   8039   7351   7333   6938   6384   7133   6235  13562  26303      0      0  65535 
     0      0      0      0      0      0      0      0      0      0      0      0      0      0      0      0      0      0      0 
     0      0      0      0      0      0      0      0      0      0      0      0      0      0      0      0      0      0      0 
     0      0      0      0      0      0      0      0      0      0      0      0      0      0      0      0      0      0      0 
0 -1 -1
     2      0      1      3      5     16      1      0      6     44      5      0     13      6      2      1      0      2      1 
  6865   6915   6593   7425   7366   7262   6176   7165   7543   8429   7040   6366   7790   7834   7304   6903  10442   7975   7288 
 17236  13361     51    160   6593   7262   6915   7366   6865   7425   8429   7543   7165   7790  10442   7834   7975   7304   7288   6903   6366   7040   6176  13562  26305      0      0  65535 
     0      0      0      0      0      0      0      0      0      0      0      0      0      0      0      0      0      0      0 
     0      0      0      0      0      0      0      0      0      0      0      0      0      0      0      0      0      0      0 
     0      0      0      0      0      0      0      0      0      0      0      0      0      0      0      0      0      0      0 
0 -1 -1
     0      0      0      0      0      1      0      0      0      4      0      0      0      0      0      0      1      0      0 
  6748   6867   6539   7273   7250   6859   6096   7106   7379   7488   6882   6327   7280   7682   7223   6825  10496   7858   7199 
 17236  13361     51    160   6539   6859   6867   7250   6748   7273   7488   7379   7106   7280  10496   7682   7858   7223   7199   6825   6327   6882   6096  13563  26304      0      0  65535 
     0      0      0      0      0      0      0      0      0      0      0      0      0      0      0      0      0      0      0 
     0      0      0      0      0      0      0      0      0      0      0      0      0      0      0      0      0      0      0 
     0      0      0      0      0      0      0      0      0      0      0      0      0      0      0      0      0      0      0 
0 -1 -1
     0      0      0      0      0      0      0      0      0      0      0      0      0      0      0      0      4      0      0 
  6662   6828   6507   7171   7195   6747   6074   7066   7303   7333   6813   6293   7140   7615   7170   6779  10645   7784   7146 
 17236  13361     51    160   6507   6747   6828   7195   6662   7171   7333   7303   7066   7140  10645   7615   7784   7170   7146   6779   6293   6813   6074  13562  26304      0      0  65535 
     0      0      0      0      0      0      0      0      0      0      0      0      0      0      0      0      0      0      0 
     0      0      0      0      0      0      0      0      0      0      0      0      0      0      0      0      0      0      0 
     0      0      0      0      0      0      0      0      0      0      0      0      0      0      0      0      0      0      0 
0 -1 -1
     0      0      0      0      0      0      0      0      0      0      0      0      0      0      0      0      6      0      0 
  6624   6813   6501   7131   7184   6735   6069   7054   7285   7314   6798   6283   7107   7597   7149   6763  10697   7759   7126 
 17236  13361     51    160   6501   6735   6813   7184   6624   7131   7314   7285   7054   7107  10697   7597   7759   7149   7126   6763   6283   6798   6069  13562  26304      0      0  65535 
     0      0      0      0      0      0      0      0      0      0      0      0      0      0      0      0      0      0      0 
     0      0      0      0      0      0      0      0      0      0      0      0      0      0      0      0      0      0      0 
     0      0      0      0      0      0      0      0      0      0      0      0      0      0      0      0      0      0      0 
0 -1 -1
     0      0      0      0      0      0      0      0      0      0      0      0      0      0      0      0      6      0      0 
  6614   6805   6498   7116   7179   6730   6068   7052   7279   7307   6792   6280   7104   7593   7143   6752  10712   7752   7116 
 17236  13361     51    160   6498   6730   6805   7179   6614   7116   7307   7279   7052   7104  10712   7593   7752   7143   7116   6752   6280   6792   6068  13565  26304      0      0  65535 
     0      0      0      0      0      0      0      0      0      0      0      0      0      0      0      0      0      0      0 
     0      0      0      0      0      0      0      0      0      0      0      0      0      0      0      0      0      0      0 
     0      0      0      0      0      0      0      0      0      0      0      0      0      0      0      0      0      0      0 
0 -1 -1
     0      0      0      0      0      0      0      0      0      0      0      0      0      0      0      0      5      0      0 
  6612   6800   6497   7115   7177   6729   6065   7052   7278   7304   6789   6277   7103   7592   7142   6749  10688   7751   7113 
 17236  13361     51    160   6497   6729   6800   7177   6612   7115   7304   7278   7052   7103  10688   7592   7751   7142   7113   6749   6277   6789   6065  13567  26304      0      0  65535 
     0      0      0      0      0      0      0      0      0      0      0      0      0      0      0      0      0      0      0 
     0      0      0      0      0      0      0      0      0      0      0      0      0      0      0      0      0      0      0 
     0      0      0      0      0      0      0      0      0      0      0      0      0      0      0      0      0      0      0 
0 -1 -1
     0      0      0      0      0      0      0      0      0      0      0      0      0      0      0      0      5      0      0 
  6612   6802   6497   7115   7176   6728   6064   7049   7278   7304   6789   6276   7100   7590   7141   6748  10677   7749   7110 
 17236  13361     51    160   6497   6728   6802   7176   6612   7115   7304   7278   7049   7100  10677   7590   7749   7141   7110   6748   6276   6789   6064  13568  26304      0      0  65535 
     0      0      0      0      0      0      0      0      0      0      0      0      0      0      0      0      0      0      0 
     0      0      0      0      0      0      0      0      0      0      0      0      0      0      0      0      0      0      0 
     0      0      0      0      0      0      0      0      0      0      0      0      0      0      0      0      0      0      0 
0 -1 -1
     0      0      0      0      0      0      0      0      0      0      0      0      0      0      0      0      5      0      0 
  6609   6803   6495   7113   7175   6727   6064   7048   7278   7302   6788   6276   7100   7589   7140   6748  10670   7748   7109 
 17236  13361     51    160   6495   6727   6803   7175   6609   7113   7302   7278   7048   7100  10670   7589   7748   7140   7109   6748   6276   6788   6064  13567  26304      0      0  65535 
     0      0      0      0      0      0      0      0      0      0      0      0      0      0      0      0      0      0      0 
     0      0      0      0      0      0      0      0      0      0      0      0      0      0      0      0      0      0      0 
     0      0      0      0      0      0      0      0      0      0      0      0      0      0      0      0      0      0      0 
0 -1 -1
     0      0      0      0      0      0      0      0      0      0      0      0      0      0      0      0      6      0      0 
  6609   6803   6495   7110   7173   6724   6064   7046   7275   7301   6787   6275   7099   7586   7139   6747  10719   7747   7107 
 17236  13361     51    160   6495   6724   6803   7173   6609   7110   7301   7275   7046   7099  10719   7586   7747   7139   7107   6747   6275   6787   6064  13567  26304      1      0  65535 
     0      0      0      0      0      0      0      0      0      0      0      0      0      0      0      0      0      0      0 
     0      0      0      0      0      0      0      0      0      0      0      0      0      0      0      0      0      0      0 
     0      0      0      0      0      0      0      0      0      0      0      0      0      0      0      0      0      0      0 
0 -1 -1
     0      0      0      0      0      0      0      0      0      0      0      0      0      0      0      0      6      0      0 
  6608   6801   6494   7114   7171   6724   6062   7047   7274   7298   6785   6275   7096   7586   7136   6743  10701   7745   7107 
 17236  13361     51    160   6494   6724   6801   7171   6608   7114   7298   7274   7047   7096  10701   7586   7745   7136   7107   6743   6275   6785   6062  13568  26304      0      0  65535 
     0      0      0      0      0      0      0      0      0      0      0      0      0      0      0      0      0      0      0 
     0      0      0      0      0      0      0      0      0      0      0      0      0      0      0      0      0      0      0 
     0      0      0      0      0      0      0      0      0      0      0      0      0      0      0      0      0      0      0 
0 -1 -1
     0      0      0      0      0      0      0      0      0      0      0      0      0      0      0      0      6      0      0 
  6607   6799   6491   7113   7172   6723   6060   7044   7272   7298   6784   6272   7096   7585   7135   6745  10711   7743   7107 
 17236  13361     51    160   6491   6723   6799   7172   6607   7113   7298   7272   7044   7096  10711   7585   7743   7135   7107   6745   6272   6784   6060  13569  26304      0      0  65535 
     0      0      0      0      0      0      0      0      0      0      0      0      0      0      0      0      0      0      0 
     0      0      0      0      0      0      0      0      0      0      0      0      0      0      0      0      0      0      0 
     0      0      0      0      0      0      0      0      0      0      0      0      0      0      0      0      0      0      0 
0 -1 -1
     0      0      0      0      0      0      0      0      0      0      0      0      0      0      0      0      6      0      0 
  6606   6800   6492   7111   7170   6719   6059   7042   7271   7299   6781   6273   7095   7585   7137   6747  10716   7742   7113 
 17236  13361     51    160   6492   6719   6800   7170   6606   7111   7299   7271   7042   7095  10716   7585   7742   7137   7113   6747   6273   6781   6059  13569  26304      0      0  65535 
     0      0      0      0      0      0      0      0      0      0      0      0      0      0      0      0      0      0      0 
     0      0      0      0      0      0      0      0      0      0      0      0      0      0      0      0      0      0      0 
     0      0      0      0      0      0      0      0      0      0      0      0      0      0      0      0      0      0      0 
0 -1 -1
     0      0      0      0      0      0      0      0      0      0      0      0      0      0      0      0      6      0      0 
  6605   6798   6490   7109   7168   6720   6057   7041   7270   7294   6782   6270   7094   7583   7134   6744  10729   7742   7104 
 17236  13361     51    160   6490   6720   6798   7168   6605   7109   7294   7270   7041   7094  10729   7583   7742   7134   7104   6744   6270   6782   6057  13569  26305      0      0  65535 
     0      0      0      0      0      0      0      0      0      0      0      0      0      0      0      0      0      0      0 
     0      0      0      0      0      0      0      0      0      0      0      0      0      0      0      0      0      0      0 
     0      0      0      0      0      0      0      0      0      0      0      0      0      0      0      0      0      0      0 
0 -1 -1
     0      0      0      0      0      0      0      0      0      0      0      0      0      0      0      0      6      0      0 
  6604   6797   6488   7108   7167   6718   6058   7041   7270   7294   6779   6270   7092   7580   7131   6739  10728   7740   7102 
 17236  13361     51    160   6488   6718   6797   7167   6604   7108   7294   7270   7041   7092  10728   7580   7740   7131   7102   6739   6270   6779   6058  13586  26304      0      0  65535 
     0      0      0      0      0      0      0      0      0      0      0      0      0      0      0      0      0      0      0 
     0      0      0      0      0      0      0      0      0      0      0      0      0      0      0      0      0      0      0 
     0      0      0      0      0      0      0      0      0      0      0      0      0      0      0      0      0      0      0 
0 -1 -1
     0      0      0      0      0      0      0      0      0      0      0      0      0      0      0      0      7      0      0 
  6601   6795   6488   7106   7165   6716   6055   7040   7268   7292   6779   6268   7090   7581   7132   6739  10745   7740   7100 
 17236  13361     51    160   6488   6716   6795   7165   6601   7106   7292   7268   7040   7090  10745   7581   7740   7132   7100   6739   6268   6779   6055  13590  26304      0      0  65535 
     0      0      0      0      0      0      0      0      0      0      0      0      0      0      0      0      0      0      0 
     0      0      0      0      0      0      0      0      0      0      0      0      0      0      0      0      0      0      0 
     0      0      0      0      0      0      0      0      0      0      0      0      0      0      0      0      0      0      0 
0 -1 -1
     0      0      0      0      0      0      0      0      0      0      0      0      0      0      0      0      7      0      0 
  6601   6795   6488   7104   7163   6715   6055   7038   7267   7289   6776   6267   7088   7579   7127   6738  10769   7737   7099 
 17236  13361     51    160   6488   6715   6795   7163   6601   7104   7289   7267   7038   7088  10769   7579   7737   7127   7099   6738   6267   6776   6055  13580  26305      0      0  65535 
     0      0      0      0      0      0      0      0      0      0      0      0      0      0      0      0      0      0      0 
     0      0      0      0      0      0      0      0      0      0      0      0      0      0      0      0      0      0      0 
     0      0      0      0      0      0      0      0      0      0      0      0      0      0      0      0      0      0      0 
0 -1 -1
     0      0      0      0      0      0      0      0      0      0      0      0      0      0      0      0      7      0      0 
  6599   6793   6485   7104   7164   6716   6054   7037   7266   7288   6775   6265   7089   7576   7129   6736  10770   7736   7099 
 17236  13361     51    160   6485   6716   6793   7164   6599   7104   7288   7266   7037   7089  10770   7576   7736   7129   7099   6736   6265   6775   6054  13572  26305      0      0  65535 
     0      0      0      0      0      0      0      0      0      0      0      0      0      0      0      0      0      0      0 
     0      0      0      0      0      0      0      0      0      0      0      0      0      0      0      0      0      0      0 
     0      0      0      0      0      0      0      0      0      0      0      0      0      0      0      0      0      0      0 
0 -1 -1
     0      0      0      0      0      0      0      0      0      0      0      0      0      0      0      0      7      0      0 
  6599   6791   6485   7105   7160   6714   6053   7038   7263   7288   6775   6265   7088   7574   7128   6736  10768   7735   7099 
 17236  13361     51    160   6485   6714   6791   7160   6599   7105   7288   7263   7038   7088  10768   7574   7735   7128   7099   6736   6265   6775   6053  13570  26304      0      0  65535 
     0      0      0      0      0      0      0      0      0      0      0      0      0      0      0      0      0      0      0 
     0      0      0      0      0      0      0      0      0      0      0      0      0      0      0      0      0      0      0 
     0      0      0      0      0      0      0      0      0      0      0      0      0      0      0      0      0      0      0 
0 -1 -1
     0      0      0      0      0      0      0      0      0      0      0      0      0      0      0      0      7      0      0 
  6599   6791   6485   7104   7161   6713   6052   7036   7265   7287   6773   6264   7087   7575   7128   6735  10781   7735   7098 
 17236  13361     51    160   6485   6713   6791   7161   6599   7104   7287   7265   7036   7087  10781   7575   7735   7128   7098   6735   6264   6773   6052  13570  26304      0      0  65535 
     0      0      0      0      0      0      0      0      0      0      0      0      0      0      0      0      0      0      0 
     0      0      0      0      0      0      0      0      0      0      0      0      0      0      0      0      0      0      0 
     0      0      0      0      0      0      0      0      0      0      0      0      0      0      0      0      0      0      0 
0 -1 -1
     0      0      0      0      0      0      0      0      0      0      0      0      0      0      0      0      7      0      0 
  6597   6790   6483   7103   7159   6712   6051   7035   7263   7285   6771   6263   7086   7574   7124   6734  10786   7734   7096 
 17236  13361     51    160   6483   6712   6790   7159   6597   7103   7285   7263   7035   7086  10786   7574   7734   7124   7096   6734   6263   6771   6051  13573  26304      0      0  65535 
     0      0      0      0      0      0      0      0      0      0      0      0      0      0      0      0      0      0      0 
     0      0      0      0      0      0      0      0      0      0      0      0      0      0      0      0      0      0      0 
     0      0      0      0      0      0      0      0      0      0      0      0      0      0      0      0      0      0      0 
0 -1 -1
     0      0      0      0      0      0      0      0      0      0      0      0      0      0      0      0      8      0      0 
  6596   6790   6482   7099   7158   6710   6050   7034   7260   7282   6771   6263   7083   7572   7123   6732  10805   7730   7094 
 17236  13361     51    160   6482   6710   6790   7158   6596   7099   7282   7260   7034   7083  10805   7572   7730   7123   7094   6732   6263   6771   6050  13574  26304      0      0  65535 
     0      0      0      0      0      0      0      0      0      0      0      0      0      0      0      0      0      0      0 
     0      0      0      0      0      0      0      0      0      0      0      0      0      0      0      0      0      0      0 
     0      0      0      0      0      0      0      0      0      0      0      0      0      0      0      0      0      0      0 
0 -1 -1
     0      0      0      0      0      0      0      0      0      0      0      0      0      0      0      0      8      0      0 
  6594   6789   6481   7097   7156   6707   6048   7031   7258   7281   6769   6261   7082   7571   7121   6732  10797   7730   7092 
 17236  13361     51    160   6481   6707   6789   7156   6594   7097   7281   7258   7031   7082  10797   7571   7730   7121   7092   6732   6261   6769   6048  13574  26304      0      0  65535 
     0      0      0      0      0      0      0      0      0      0      0      0      0      0      0      0      0      0      0 
     0      0      0      0      0      0      0      0      0      0      0      0      0      0      0      0      0      0      0 
     0      0      0      0      0      0      0      0      0      0      0      0      0      0      0      0      0      0      0 
0 -1 -1
     0      0      0      0      0      0      0      0      0      0      0      0      0      0      0      0      8      0      0 
  6593   6786   6478   7096   7156   6708   6048   7031   7259   7280   6768   6259   7081   7569   7120   6729  10808   7729   7091 
 17236  13361     51    160   6478   6708   6786   7156   6593   7096   7280   7259   7031   7081  10808   7569   7729   7120   7091   6729   6259   6768   6048  13574  26304      0      0  65535 
     0      0      0      0      0      0      0      0      0      0      0      0      0      0      0      0      0      0      0 
     0      0      0      0      0      0      0      0      0      0      0      0      0      0      0      0      0      0      0 
     0      0      0      0      0      0      0      0      0      0      0      0      0      0      0      0      0      0      0 
0 -1 -1
     0      0      0      0      0      0      0      0      0      0      0      0      0      0      0      0      8      0      0 
  6593   6785   6479   7094   7153   6706   6047   7030   7257   7278   6768   6259   7079   7567   7120   6728  10813   7728   7090 
 17236  13361     51    160   6479   6706   6785   7153   6593   7094   7278   7257   7030   7079  10813   7567   7728   7120   7090   6728   6259   6768   6047  13573  26304      0      0  65535 
     0      0      0      0      0      0      0      0      0      0      0      0      0      0      0      0      0      0      0 
     0      0      0      0      0      0      0      0      0      0      0      0      0      0      0      0      0      0      0 
     0      0      0      0      0      0      0      0      0      0      0      0      0      0      0      0      0      0      0 
0 -1 -1
     0      0      0      0      0      0      0      0      0      0      0      0      0      0      0      0      8      0      0 
  6592   6783   6478   7094   7152   6705   6045   7029   7255   7277   6765   6257   7078   7567   7117   6728  10791   7726   7090 
 17236  13361     51    160   6478   6705   6783   7152   6592   7094   7277   7255   7029   7078  10791   7567   7726   7117   7090   6728   6257   6765   6045  13573  26304      0      0  65535 
     0      0      0      0      0      0      0      0      0      0      0      0      0      0      0      0      0      0      0 
     0      0      0      0      0      0      0      0      0      0      0      0      0      0      0      0      0      0      0 
     0      0      0      0      0      0      0      0      0      0      0      0      0      0      0      0      0      0      0 
0 -1 -1
     0      0      0      0      0      0      0      0      0      0      0      0      0      0      0      0      8      0      0 
  6591   6782   6477   7092   7150   6704   6045   7027   7255   7275   6765   6257   7077   7566   7115   6726  10805   7724   7087 
 17236  13361     51    160   6477   6704   6782   7150   6591   7092   7275   7255   7027   7077  10805   7566   7724   7115   7087   6726   6257   6765   6045  13566  26303      0      0  65535 
     0      0      0      0      0      0      0      0      0      0      0      0      0      0      0      0      0      0      0 
     0      0      0      0      0      0      0      0      0      0      0      0      0      0      0      0      0      0      0 
     0      0      0      0      0      0      0      0      0      0      0      0      0      0      0      0      0      0      0 
0 -1 -1
     0      0      0      0      0      0      0      0      0      0      0      0      0      0      0      0      9      0      0 
  6589   6784   6475   7092   7150   6702   6044   7026   7253   7274   6765   6257   7076   7564   7114   6725  10841   7725   7087 
 17236  13361     51    160   6475   6702   6784   7150   6589   7092   7274   7253   7026   7076  10841   7564   7725   7114   7087   6725   6257   6765   6044  13565  26303      0      0  65535 
     0      0      0      0      0      0      0      0      0      0      0      0      0      0      0      0      0      0      0 
     0      0      0      0      0      0      0      0      0      0      0      0      0      0      0      0      0      0      0 
     0      0      0      0      0      0      0      0      0      0      0      0      0      0      0      0      0      0      0 
0 -1 -1
