    26     25      3     31     57     20      4     29     97     31     76      5     80    198    216      5     21     37     15 
  5777   5137   4051   6072   5621   4333   3605   6272   7067   5020   5983   3784   8088   9482   9748   4147  10205   6678   5486 
 17236  13361     51    152   4051   4333   5137   5621   5777   6072   5020   7067   6272   8088  10205   9482   6678   9748   5486   4147   3784   5983   3605  13569  26304      0      0  65535 
     0      0      0      0      0      0      0      0      0      0      0      0      0      0      0      0      0      0      0 
     0      0      0      0      0      0      0      0      0      0      0      0      0      0      0      0      0      0      0 
     0      0      0      0      0      0      0      0      0      0      0      0      0      0      0      0      0      0      0 
0 -1 -1
    29     27      4     33     60     21      4     31    103     33     81      5     84    211    227      5     21     39     16 
  5939   5247   4065   6203   5714   4359   3615   6402   7230   5067   6140   3794   8269   9774  10028   4158  10228   6757   5538 
 17236  13361     51    152   4065   4359   5247   5714   5939   6203   5067   7230   6402   8269  10228   9774   6757  10028   5538   4158   3794   6140   3615  13569  26304      0      0  65535 
     0      0      0      0      0      0      0      0      0      0      0      0      0      0      0      0      0      0      0 
     0      0      0      0      0      0      0      0      0      0      0      0      0      0      0      0      0      0      0 
     0      0      0      0      0      0      0      0      0      0      0      0      0      0      0      0      0      0      0 
0 -1 -1
    31     29      4     35     64     22      4     32    108     34     87      6     88    222    239      6     21     41     17 
  6052   5318   4073   6325   5803   4386   3625   6514   7357   5098   6292   3807   8414  10048  10319   4176  10233   6855   5593 
 17236  13361     51    152   4073   4386   5318   5803   6052   6325   5098   7357   6514   8414  10233  10048   6855  10319   5593   4176   3807   6292   3625  13569  26304      0      0  65535 
     0      0      0      0      0      0      0      0      0      0      0      0      0      0      0      0      0      0      0 
     0      0      0      0      0      0      0      0      0      0      0      0      0      0      0      0      0      0      0 
     0      0      0      0      0      0      0      0      0      0      0      0      0      0      0      0      0      0      0 
0 -1 -1
    32     30      4     37     66     22      4     34    111     35     91      6     91    231    246      6     22     43     18 
  6125   5353   4079   6418   5868   4407   3627   6610   7443   5116   6397   3812   8532  10257  10517   4190  10259   6921   5639 
 17236  13361     51    152   4079   4407   5353   5868   6125   6418   5116   7443   6610   8532  10259  10257   6921  10517   5639   4190   3812   6397   3627  13572  26304      0      0  65535 
     0      0      0      0      0      0      0      0      0      0      0      0      0      0      0      0      0      0      0 
     0      0      0      0      0      0      0      0      0      0      0      0      0      0      0      0      0      0      0 
     0      0      0      0      0      0      0      0      0      0      0      0      0      0      0      0      0      0      0 
0 -1 -1
    33     31      4     38     68     23      5     35    113     36     94      6     93    237    251      6     22     44     18 
  6177   5385   4082   6493   5912   4420   3631   6695   7497   5128   6476   3817   8623  10399  10640   4196  10276   6964   5668 
 17236  13361     51    152   4082   4420   5385   5912   6177   6493   5128   7497   6695   8623  10276  10399   6964  10640   5668   4196   3817   6476   3631  13572  26304      0      0  65535 
     0      0      0      0      0      0      0      0      0      0      0      0      0      0      0      0      0      0      0 
     0      0      0      0      0      0      0      0      0      0      0      0      0      0      0      0      0      0      0 
     0      0      0      0      0      0      0      0      0      0      0      0      0      0      0      0      0      0      0 
0 -1 -1
    34     32      4     40     71     24      5     37    117     37     98      6     96    245    255      6     23     45     19 
  6288   5464   4095   6595   5980   4450   3641   6802   7593   5161   6595   3827   8755  10592  10832   4205  10315   7028   5711 
 17236  13361     51    152   4095   4450   5464   5980   6288   6595   5161   7593   6802   8755  10315  10592   7028  10832   5711   4205   3827   6595   3641  13572  26303      0      0  65535 
     0      0      0      0      0      0      0      0      0      0      0      0      0      0      0      0      0      0      0 
     0      0      0      0      0      0      0      0      0      0      0      0      0      0      0      0      0      0      0 
     0      0      0      0      0      0      0      0      0      0      0      0      0      0      0      0      0      0      0 
0 -1 -1
    36     34      4     42     73     25      5     38    118     38    102      6     99    253    255      6     24     46     20 
  6365   5510   4101   6683   6038   4468   3648   6890   7631   5182   6697   3835   8864  10794  11023   4220  10349   7090   5751 
 17236  13361     51    152   4101   4468   5510   6038   6365   6683   5182   7631   6890   8864  10349  10794   7090  11023   5751   4220   3835   6697   3648  13572  26303      0      0  65535 
     0      0      0      0      0      0      0      0      0      0      0      0      0      0      0      0      0      0      0 
     0      0      0      0      0      0      0      0      0      0      0      0      0      0      0      0      0      0      0 
     0      0      0      0      0      0      0      0      0      0      0      0      0      0      0      0      0      0      0 
0 -1 -1
    37     35      4     43     76     25      5     39    121     39    105      7    101    255    255      7     24     48     20 
  6441   5558   4108   6778   6098   4489   3653   6982   7715   5201   6793   3844   8979  10978  11201   4232  10339   7148   5789 
 17236  13361     51    152   4108   4489   5558   6098   6441   6778   5201   7715   6982   8979  10339  10978   7148  11201   5789   4232   3844   6793   3653  13573  26305      0      0  65535 
     0      0      0      0      0      0      0      0      0      0      0      0      0      0      0      0      0      0      0 
     0      0      0      0      0      0      0      0      0      0      0      0      0      0      0      0      0      0      0 
     0      0      0      0      0      0      0      0      0      0      0      0      0      0      0      0      0      0      0 
0 -1 -1
    39     37      5     45     79     27      5     41    126     40    111      7    105    255    255      7     25     50     21 
  6572   5658   4120   6898   6192   4529   3665   7106   7849   5238   6945   3856   9139  11216  11448   4250  10391   7234   5843 
 17236  13361     51    152   4120   4529   5658   6192   6572   6898   5238   7849   7106   9139  10391  11216   7234  11448   5843   4250   3856   6945   3665  13574  26303      0      0  65535 
     0      0      0      0      0      0      0      0      0      0      0      0      0      0      0      0      0      0      0 
     0      0      0      0      0      0      0      0      0      0      0      0      0      0      0      0      0      0      0 
     0      0      0      0      0      0      0      0      0      0      0      0      0      0      0      0      0      0      0 
0 -1 -1
    41     39      5     48     82     28      6     43    131     41    116      7    109    255    255      7     25     51     22 
  6700   5745   4132   7017   6273   4555   3677   7225   7970   5262   7073   3866   9288  11438  11671   4261  10409   7315   5891 
 17236  13361     51    152   4132   4555   5745   6273   6700   7017   5262   7970   7225   9288  10409  11438   7315  11671   5891   4261   3866   7073   3677  13576  26303      0      0  65535 
     0      0      0      0      0      0      0      0      0      0      0      0      0      0      0      0      0      0      0 
     0      0      0      0      0      0      0      0      0      0      0      0      0      0      0      0      0      0      0 
     0      0      0      0      0      0      0      0      0      0      0      0      0      0      0      0      0      0      0 
0 -1 -1
    45     43      5     52     89     30      6     47    141     44    126      8    116    255    255      8     27     55     23 
  6970   5927   4148   7283   6437   4616   3699   7502   8241   5331   7354   3889   9611  11945  12179   4291  10484   7501   6006 
 17236  13361     51    152   4148   4616   5927   6437   6970   7283   5331   8241   7502   9611  10484  11945   7501  12179   6006   4291   3889   7354   3699  13577  26303      0      0  65535 
     0      0      0      0      0      0      0      0      0      0      0      0      0      0      0      0      0      0      0 
     0      0      0      0      0      0      0      0      0      0      0      0      0      0      0      0      0      0      0 
     0      0      0      0      0      0      0      0      0      0      0      0      0      0      0      0      0      0      0 
0 -1 -1
    48     46      6     55     92     31      6     49    147     46    131      8    120    255    255      8     27     57     24 
  7143   6063   4159   7457   6515   4640   3711   7668   8388   5370   7500   3897   9771  12220  12448   4302  10473   7595   6061 
 17236  13361     51    152   4159   4640   6063   6515   7143   7457   5370   8388   7668   9771  10473  12220   7595  12448   6061   4302   3897   7500   3711  13578  26305      0      0  65535 
     0      0      0      0      0      0      0      0      0      0      0      0      0      0      0      0      0      0      0 
     0      0      0      0      0      0      0      0      0      0      0      0      0      0      0      0      0      0      0 
     0      0      0      0      0      0      0      0      0      0      0      0      0      0      0      0      0      0      0 
0 -1 -1
    49     48      6     57     94     32      7     51    149     46    134      8    122    255    255      8     27     58     25 
  7226   6125   4167   7544   6555   4657   3717   7754   8452   5383   7574   3903   9859  12355  12586   4312  10508   7638   6089 
 17236  13361     51    152   4167   4657   6125   6555   7226   7544   5383   8452   7754   9859  10508  12355   7638  12586   6089   4312   3903   7574   3717  13579  26303      0      0  65535 
     0      0      0      0      0      0      0      0      0      0      0      0      0      0      0      0      0      0      0 
     0      0      0      0      0      0      0      0      0      0      0      0      0      0      0      0      0      0      0 
     0      0      0      0      0      0      0      0      0      0      0      0      0      0      0      0      0      0      0 
0 -1 -1
    50     48      6     58     95     32      7     52    151     47    137      9    124    255    255      8     28     59     25 
  7275   6159   4172   7614   6588   4674   3724   7816   8500   5393   7646   3910   9925  12470  12704   4321  10513   7682   6114 
 17236  13361     51    152   4172   4674   6159   6588   7275   7614   5393   8500   7816   9925  10513  12470   7682  12704   6114   4321   3910   7646   3724  13579  26304      0      0  65535 
     0      0      0      0      0      0      0      0      0      0      0      0      0      0      0      0      0      0      0 
     0      0      0      0      0      0      0      0      0      0      0      0      0      0      0      0      0      0      0 
     0      0      0      0      0      0      0      0      0      0      0      0      0      0      0      0      0      0      0 
0 -1 -1
    51     49      6     60     97     33      7     53    153     48    140      9    126    255    255      8     28     60     26 
  7338   6198   4177   7686   6638   4699   3729   7889   8560   5410   7720   3919   9998  12599  12828   4331  10520   7727   6144 
 17236  13361     51    152   4177   4699   6198   6638   7338   7686   5410   8560   7889   9998  10520  12599   7727  12828   6144   4331   3919   7720   3729  13579  26304      0      1  65535 
     0      0      0      0      0      0      0      0      0      0      0      0      0      0      0      0      0      0      0 
     0      0      0      0      0      0      0      0      0      0      0      0      0      0      0      0      0      0      0 
     0      0      0      0      0      0      0      0      0      0      0      0      0      0      0      0      0      0      0 
0 -1 -1
    51     49      6     60     97     33      7     53    153     48    140      9    126    255    255      9     27     60     26 
  7338   6202   4179   7694   6639   4702   3731   7895   8554   5408   7725   3919   9996  12602  12830   4332  10495   7729   6141 
 17236  13361     51    152   4179   4702   6202   6639   7338   7694   5408   8554   7895   9996  10495  12602   7729  12830   6141   4332   3919   7725   3731  13582  26304      0      1  65535 
     0      0      0      0      0      0      0      0      0      0      0      0      0      0      0      0      0      0      0 
     0      0      0      0      0      0      0      0      0      0      0      0      0      0      0      0      0      0      0 
     0      0      0      0      0      0      0      0      0      0      0      0      0      0      0      0      0      0      0 
0 -1 -1
    49     47      6     57     93     32      6     51    147     45    133      8    121    255    255      8     25     58     24 
  7199   6108   4162   7564   6529   4664   3709   7754   8395   5360   7531   3897   9817  12329  12534   4304  10383   7614   6062 
 17236  13361     51    152   4162   4664   6108   6529   7199   7564   5360   8395   7754   9817  10383  12329   7614  12534   6062   4304   3897   7531   3709  13587  26305      0      0  65535 
     0      0      0      0      0      0      0      0      0      0      0      0      0      0      0      0      0      0      0 
     0      0      0      0      0      0      0      0      0      0      0      0      0      0      0      0      0      0      0 
     0      0      0      0      0      0      0      0      0      0      0      0      0      0      0      0      0      0      0 
0 -1 -1
    38     36      4     46     71     24      5     41    119     36    104      6    101    255    255      6     19     47     19 
  6509   5614   4086   6906   5976   4453   3635   7071   7657   5140   6760   3820   8973  11063  11219   4200  10126   7107   5733 
 17236  13361     51    152   4086   4453   5614   5976   6509   6906   5140   7657   7071   8973  10126  11063   7107  11219   5733   4200   3820   6760   3635  13580  26305      0      0  65535 
     0      0      0      0      0      0      0      0      0      0      0      0      0      0      0      0      0      0      0 
     0      0      0      0      0      0      0      0      0      0      0      0      0      0      0      0      0      0      0 
     0      0      0      0      0      0      0      0      0      0      0      0      0      0      0      0      0      0      0 
0 -1 -1
    27     25      3     33     49     17      3     30     91     27     79      5     80    209    221      4     15     36     15 
  5829   5141   4027   6229   5437   4266   3583   6381   6907   4937   6081   3771   8108   9742   9893   4113   9933   6610   5427 
 17236  13361     51    152   4027   4266   5141   5437   5829   6229   4937   6907   6381   8108   9933   9742   6610   9893   5427   4113   3771   6081   3583  13580  26304      0      0  65535 
     0      0      0      0      0      0      0      0      0      0      0      0      0      0      0      0      0      0      0 
     0      0      0      0      0      0      0      0      0      0      0      0      0      0      0      0      0      0      0 
     0      0      0      0      0      0      0      0      0      0      0      0      0      0      0      0      0      0      0 
0 -1 -1
    16     15      2     19     28     11      2     18     57     18     46      3     53    133    147      2     10     22      8 
  5100   4712   3978   5452   4895   4092   3532   5556   6003   4720   5186   3711   6962   7921   8023   4017   9695   5954   5032 
 17236  13361     51    152   3978   4092   4712   4895   5100   5452   4720   6003   5556   6962   9695   7921   5954   8023   5032   4017   3711   5186   3532  13580  26303      0      0  65535 
     0      0      0      0      0      0      0      0      0      0      0      0      0      0      0      0      0      0      0 
     0      0      0      0      0      0      0      0      0      0      0      0      0      0      0      0      0      0      0 
     0      0      0      0      0      0      0      0      0      0      0      0      0      0      0      0      0      0      0 
0 -1 -1
     6      7      1      8     11      5      1      7     25     10     18      1     25     58     67      1      5      9      3 
  4495   4353   3937   4819   4476   3948   3486   4850   5157   4524   4419   3660   5787   6115   6036   3939   9473   5360   4683 
 17236  13361     51    152   3937   3948   4353   4476   4495   4819   4524   5157   4850   5787   9473   6115   5360   6036   4683   3939   3660   4419   3486  13579  26304      0      0  65535 
     0      0      0      0      0      0      0      0      0      0      0      0      0      0      0      0      0      0      0 
     0      0      0      0      0      0      0      0      0      0      0      0      0      0      0      0      0      0      0 
     0      0      0      0      0      0      0      0      0      0      0      0      0      0      0      0      0      0      0 
0 -1 -1
     0      1      0      1      1      1      0      1      2      2      1      0      1      6      5      0      1      0      0 
  4087   4097   3897   4412   4218   3839   3442   4394   4558   4344   3950   3613   4769   4872   4497   3879   9319   4920   4430 
 17236  13361     51    152   3897   3839   4097   4218   4087   4412   4344   4558   4394   4769   9319   4872   4920   4497   4430   3879   3613   3950   3442  13579  26304      0      0  65535 
     0      0      0      0      0      0      0      0      0      0      0      0      0      0      0      0      0      0      0 
     0      0      0      0      0      0      0      0      0      0      0      0      0      0      0      0      0      0      0 
     0      0      0      0      0      0      0      0      0      0      0      0      0      0      0      0      0      0      0 
0 -1 -1
     0      0      0      0      0      0      0      0      0      0      0      0      0      0      0      0      5      0      0 
  3928   3995   3867   4248   4118   3782   3415   4231   4352   4249   3821   3578   4349   4577   4150   3844   9485   4741   4305 
 17236  13361     51    152   3867   3782   3995   4118   3928   4248   4249   4352   4231   4349   9485   4577   4741   4150   4305   3844   3578   3821   3415  13578  26303      0      0  65535 
     0      0      0      0      0      0      0      0      0      0      0      0      0      0      0      0      0      0      0 
     0      0      0      0      0      0      0      0      0      0      0      0      0      0      0      0      0      0      0 
     0      0      0      0      0      0      0      0      0      0      0      0      0      0      0      0      0      0      0 
0 -1 -1
     0      0      0      0      0      0      0      0      0      0      0      0      0      0      0      0      5      0      0 
  3857   3955   3848   4176   4079   3766   3404   4177   4281   4197   3780   3549   4189   4503   4082   3820   9470   4662   4239 
 17236  13361     51    152   3848   3766   3955   4079   3857   4176   4197   4281   4177   4189   9470   4503   4662   4082   4239   3820   3549   3780   3404  13580  26303      0      1  65535 
     0      0      0      0      0      0      0      0      0      0      0      0      0      0      0      0      0      0      0 
     0      0      0      0      0      0      0      0      0      0      0      0      0      0      0      0      0      0      0 
     0      0      0      0      0      0      0      0      0      0      0      0      0      0      0      0      0      0      0 
0 -1 -1
     0      0      0      0      0      0      0      0      0      0      0      0      0      0      0      0      3      0      0 
  3841   3947   3843   4159   4071   3762   3403   4169   4270   4185   3773   3542   4164   4491   4071   3815   9403   4649   4222 
 17236  13361     51    152   3843   3762   3947   4071   3841   4159   4185   4270   4169   4164   9403   4491   4649   4071   4222   3815   3542   3773   3403  13580  26304      0      0  65535 
     0      0      0      0      0      0      0      0      0      0      0      0      0      0      0      0      0      0      0 
     0      0      0      0      0      0      0      0      0      0      0      0      0      0      0      0      0      0      0 
     0      0      0      0      0      0      0      0      0      0      0      0      0      0      0      0      0      0      0 
0 -1 -1
     0      0      0      0      0      0      0      0      0      0      0      0      0      0      0      0      4      0      0 
  3831   3941   3841   4149   4064   3760   3400   4162   4262   4176   3766   3537   4146   4485   4063   3808   9440   4641   4211 
 17236  13361     51    152   3841   3760   3941   4064   3831   4149   4176   4262   4162   4146   9440   4485   4641   4063   4211   3808   3537   3766   3400  13579  26304      0      0  65535 
     0      0      0      0      0      0      0      0      0      0      0      0      0      0      0      0      0      0      0 
     0      0      0      0      0      0      0      0      0      0      0      0      0      0      0      0      0      0      0 
     0      0      0      0      0      0      0      0      0      0      0      0      0      0      0      0      0      0      0 
0 -1 -1
     0      0      0      0      0      0      0      0      0      0      0      0      0      0      0      0      6      0      0 
  3816   3934   3837   4141   4060   3756   3396   4157   4253   4165   3761   3531   4125   4478   4051   3804   9513   4630   4195 
 17236  13361     51    152   3837   3756   3934   4060   3816   4141   4165   4253   4157   4125   9513   4478   4630   4051   4195   3804   3531   3761   3396  13574  26304      0      0  65535 
     0      0      0      0      0      0      0      0      0      0      0      0      0      0      0      0      0      0      0 
     0      0      0      0      0      0      0      0      0      0      0      0      0      0      0      0      0      0      0 
     0      0      0      0      0      0      0      0      0      0      0      0      0      0      0      0      0      0      0 
0 -1 -1
     0      0      0      0      0      0      0      0      0      0      0      0      0      0      0      0      4      0      0 
  3805   3927   3836   4135   4056   3752   3396   4153   4249   4160   3757   3528   4114   4476   4046   3801   9455   4627   4185 
 17236  13361     51    152   3836   3752   3927   4056   3805   4135   4160   4249   4153   4114   9455   4476   4627   4046   4185   3801   3528   3757   3396  13573  26303      0      0  65535 
     0      0      0      0      0      0      0      0      0      0      0      0      0      0      0      0      0      0      0 
     0      0      0      0      0      0      0      0      0      0      0      0      0      0      0      0      0      0      0 
     0      0      0      0      0      0      0      0      0      0      0      0      0      0      0      0      0      0      0 
0 -1 -1
     0      0      0      0      0      0      0      0      0      0      0      0      0      0      0      0      3      0      0 
  3818   3931   3836   4136   4055   3753   3396   4154   4250   4160   3759   3530   4122   4476   4048   3803   9378   4634   4199 
 17236  13361     51    153   3836   3753   3931   4055   3818   4136   4160   4250   4154   4122   9378   4476   4634   4048   4199   3803   3530   3759   3396  13571  26303      0      0  65535 
     0      0      0      0      0      0      0      0      0      0      0      0      0      0      0      0      0      0      0 
     0      0      0      0      0      0      0      0      0      0      0      0      0      0      0      0      0      0      0 
     0      0      0      0      0      0      0      0      0      0      0      0      0      0      0      0      0      0      0 
0 -1 -1
     0      0      0      0      0      0      0      0      0      0      0      0      0      0      0      0      1      0      0 
  3828   3933   3840   4141   4059   3755   3396   4156   4251   4164   3760   3531   4125   4474   4050   3805   9304   4641   4208 
 17236  13361     51    152   3840   3755   3933   4059   3828   4141   4164   4251   4156   4125   9304   4474   4641   4050   4208   3805   3531   3760   3396  13571  26305      1      0  65535 
     0      0      0      0      0      0      0      0      0      0      0      0      0      0      0      0      0      0      0 
     0      0      0      0      0      0      0      0      0      0      0      0      0      0      0      0      0      0      0 
     0      0      0      0      0      0      0      0      0      0      0      0      0      0      0      0      0      0      0 
0 -1 -1
     0      0      0      0      0      0      0      0      0      0      0      0      0      0      0      0      1      0      0 
  3832   3935   3840   4144   4060   3755   3398   4156   4252   4166   3760   3532   4128   4476   4051   3809   9300   4644   4213 
 17236  13361     51    152   3840   3755   3935   4060   3832   4144   4166   4252   4156   4128   9300   4476   4644   4051   4213   3809   3532   3760   3398  13574  26304      0      0  65535 
     0      0      0      0      0      0      0      0      0      0      0      0      0      0      0      0      0      0      0 
     0      0      0      0      0      0      0      0      0      0      0      0      0      0      0      0      0      0      0 
     0      0      0      0      0      0      0      0      0      0      0      0      0      0      0      0      0      0      0 
0 -1 -1
     0      0      0      0      0      0      0      0      0      0      0      0      0      0      0      0      1      0      0 
  3834   3937   3843   4145   4059   3756   3399   4155   4253   4167   3762   3533   4130   4475   4054   3809   9290   4645   4215 
 17236  13361     51    152   3843   3756   3937   4059   3834   4145   4167   4253   4155   4130   9290   4475   4645   4054   4215   3809   3533   3762   3399  13573  26304      0      0  65535 
     0      0      0      0      0      0      0      0      0      0      0      0      0      0      0      0      0      0      0 
     0      0      0      0      0      0      0      0      0      0      0      0      0      0      0      0      0      0      0 
     0      0      0      0      0      0      0      0      0      0      0      0      0      0      0      0      0      0      0 
0 -1 -1
     0      0      0      0      0      0      0      0      0      0      0      0      0      0      0      0      1      0      0 
  3834   3937   3842   4145   4060   3757   3400   4156   4254   4166   3762   3534   4132   4475   4054   3808   9291   4646   4217 
 17236  13361     51    152   3842   3757   3937   4060   3834   4145   4166   4254   4156   4132   9291   4475   4646   4054   4217   3808   3534   3762   3400  13573  26304      0      0  65535 
     0      0      0      0      0      0      0      0      0      0      0      0      0      0      0      0      0      0      0 
     0      0      0      0      0      0      0      0      0      0      0      0      0      0      0      0      0      0      0 
     0      0      0      0      0      0      0      0      0      0      0      0      0      0      0      0      0      0      0 
0 -1 -1
     0      0      0      0      0      0      0      0      0      0      0      0      0      0      0      0      2      0      0 
  3821   3933   3840   4141   4056   3755   3397   4153   4252   4163   3758   3529   4124   4474   4050   3806   9332   4637   4201 
 17236  13361     51    152   3840   3755   3933   4056   3821   4141   4163   4252   4153   4124   9332   4474   4637   4050   4201   3806   3529   3758   3397  13572  26305      0      0  65535 
     0      0      0      0      0      0      0      0      0      0      0      0      0      0      0      0      0      0      0 
     0      0      0      0      0      0      0      0      0      0      0      0      0      0      0      0      0      0      0 
     0      0      0      0      0      0      0      0      0      0      0      0      0      0      0      0      0      0      0 
0 -1 -1
     0      0      0      0      0      0      0      0      0      0      0      0      0      0      0      0     12      0      0 
  3804   3926   3836   4132   4055   3752   3396   4152   4247   4161   3755   3529   4111   4473   4044   3798   9785   4623   4182 
 17236  13361     51    152   3836   3752   3926   4055   3804   4132   4161   4247   4152   4111   9785   4473   4623   4044   4182   3798   3529   3755   3396  13571  26304      0      0  65535 
     0      0      0      0      0      0      0      0      0      0      0      0      0      0      0      0      0      0      0 
     0      0      0      0      0      0      0      0      0      0      0      0      0      0      0      0      0      0      0 
     0      0      0      0      0      0      0      0      0      0      0      0      0      0      0      0      0      0      0 
0 -1 -1
     0      0      0      0      0      0      0      0      0      0      0      0      0      0      0      0      6      0      0 
  3798   3924   3837   4132   4053   3751   3396   4152   4246   4160   3756   3530   4109   4472   4044   3798   9540   4623   4180 
 17236  13361     51    152   3837   3751   3924   4053   3798   4132   4160   4246   4152   4109   9540   4472   4623   4044   4180   3798   3530   3756   3396  13572  26303      0      0  65535 
     0      0      0      0      0      0      0      0      0      0      0      0      0      0      0      0      0      0      0 
     0      0      0      0      0      0      0      0      0      0      0      0      0      0      0      0      0      0      0 
     0      0      0      0      0      0      0      0      0      0      0      0      0      0      0      0      0      0      0 
0 -1 -1
     0      0      0      0      0      0      0      0      0      0      0      0      0      0      0      0      3      0      0 
  3816   3928   3836   4136   4055   3754   3394   4154   4248   4162   3757   3530   4124   4473   4047   3803   9418   4637   4199 
 17236  13361     51    152   3836   3754   3928   4055   3816   4136   4162   4248   4154   4124   9418   4473   4637   4047   4199   3803   3530   3757   3394  13588  26303      0      0  65535 
     0      0      0      0      0      0      0      0      0      0      0      0      0      0      0      0      0      0      0 
     0      0      0      0      0      0      0      0      0      0      0      0      0      0      0      0      0      0      0 
     0      0      0      0      0      0      0      0      0      0      0      0      0      0      0      0      0      0      0 
0 -1 -1
     0      0      0      0      0      0      0      0      0      0      0      0      0      0      0      0      2      0      0 
  3831   3932   3840   4140   4057   3756   3399   4156   4253   4164   3760   3532   4135   4476   4051   3808   9343   4651   4220 
 17236  13361     51    152   3840   3756   3932   4057   3831   4140   4164   4253   4156   4135   9343   4476   4651   4051   4220   3808   3532   3760   3399  13580  26304      0      0  65535 
     0      0      0      0      0      0      0      0      0      0      0      0      0      0      0      0      0      0      0 
     0      0      0      0      0      0      0      0      0      0      0      0      0      0      0      0      0      0      0 
     0      0      0      0      0      0      0      0      0      0      0      0      0      0      0      0      0      0      0 
0 -1 -1
     0      0      0      0      0      0      0      0      0      0      0      0      0      0      0      0      2      0      0 
  3831   3934   3839   4140   4057   3755   3397   4158   4254   4166   3762   3534   4138   4476   4055   3808   9342   4651   4222 
 17236  13361     51    152   3839   3755   3934   4057   3831   4140   4166   4254   4158   4138   9342   4476   4651   4055   4222   3808   3534   3762   3397  13581  26305      0      0  65535 
     0      0      0      0      0      0      0      0      0      0      0      0      0      0      0      0      0      0      0 
     0      0      0      0      0      0      0      0      0      0      0      0      0      0      0      0      0      0      0 
     0      0      0      0      0      0      0      0      0      0      0      0      0      0      0      0      0      0      0 
0 -1 -1
     0      0      0      0      0      0      0      0      0      0      0      0      0      0      0      0      1      0      0 
  3836   3935   3841   4142   4058   3757   3400   4157   4256   4166   3763   3537   4139   4477   4053   3810   9323   4655   4228 
 17236  13361     51    152   3841   3757   3935   4058   3836   4142   4166   4256   4157   4139   9323   4477   4655   4053   4228   3810   3537   3763   3400  13595  26304      0      0  65535 
     0      0      0      0      0      0      0      0      0      0      0      0      0      0      0      0      0      0      0 
     0      0      0      0      0      0      0      0      0      0      0      0      0      0      0      0      0      0      0 
     0      0      0      0      0      0      0      0      0      0      0      0      0      0      0      0      0      0      0 
0 -1 -1
     0      0      0      0      0      0      0      0      0      0      0      0      0      0      0      0      0      0      0 
  3845   3939   3843   4145   4062   3758   3400   4161   4259   4172   3769   3541   4150   4478   4060   3813   9274   4662   4240 
 17236  13361     51    152   3843   3758   3939   4062   3845   4145   4172   4259   4161   4150   9274   4478   4662   4060   4240   3813   3541   3769   3400  13589  26304      0      0  65535 
     0      0      0      0      0      0      0      0      0      0      0      0      0      0      0      0      0      0      0 
     0      0      0      0      0      0      0      0      0      0      0      0      0      0      0      0      0      0      0 
     0      0      0      0      0      0      0      0      0      0      0      0      0      0      0      0      0      0      0 
0 -1 -1
     0      0      0      0      0      0      0      0      0      0      0      0      0      0      0      0      0      0      0 
  3861   3947   3847   4152   4067   3761   3404   4169   4270   4185   3777   3552   4175   4485   4068   3821   9190   4680   4260 
 17236  13361     51    152   3847   3761   3947   4067   3861   4152   4185   4270   4169   4175   9190   4485   4680   4068   4260   3821   3552   3777   3404  13577  26304      0      0  65535 
     0      0      0      0      0      0      0      0      0      0      0      0      0      0      0      0      0      0      0 
     0      0      0      0      0      0      0      0      0      0      0      0      0      0      0      0      0      0      0 
     0      0      0      0      0      0      0      0      0      0      0      0      0      0      0      0      0      0      0 
0 -1 -1
     0      0      0      0      0      0      0      0      0      0      0      0      0      0      0      0      0      0      0 
  3880   3957   3856   4169   4076   3768   3409   4176   4293   4206   3784   3564   4219   4496   4083   3830   9138   4707   4288 
 17236  13361     51    152   3856   3768   3957   4076   3880   4169   4206   4293   4176   4219   9138   4496   4707   4083   4288   3830   3564   3784   3409  13575  26304      0      0  65535 
     0      0      0      0      0      0      0      0      0      0      0      0      0      0      0      0      0      0      0 
     0      0      0      0      0      0      0      0      0      0      0      0      0      0      0      0      0      0      0 
     0      0      0      0      0      0      0      0      0      0      0      0      0      0      0      0      0      0      0 
0 -1 -1
