     2      6      4      7     11      7      2      3     13     24     13      2      5      5      9      3      0      3      2 
  6645   7002   6612   7392   7354   6833   6088   7178   7530   7765   7043   6259   7231   7616   7267   6819  10160   7817   7142 
 17236  13361     51    161   6612   6833   7002   7354   6645   7392   7765   7530   7178   7231  10160   7616   7817   7267   7142   6819   6259   7043   6088  13570  26305      1      0  65535 
     0      0      0      0      0      0      0      0      0      0      0      0      0      0      0      0      0      0      0 
     0      0      0      0      0      0      0      0      0      0      0      0      0      0      0      0      0      0      0 
     0      0      0      0      0      0      0      0      0      0      0      0      0      0      0      0      0      0      0 
0 -1 -1
     2      8      5      9     16     11      3      4     19     47     18      3      7      7     13      5      0      4      2 
  6678   7081   6656   7531   7478   6920   6113   7232   7694   8292   7193   6287   7299   7662   7378   6937  10176   7844   7167 
 17236  13361     51    161   6656   6920   7081   7478   6678   7531   8292   7694   7232   7299  10176   7662   7844   7378   7167   6937   6287   7193   6113  13571  26304      0      0  65535 
     0      0      0      0      0      0      0      0      0      0      0      0      0      0      0      0      0      0      0 
     0      0      0      0      0      0      0      0      0      0      0      0      0      0      0      0      0      0      0 
     0      0      0      0      0      0      0      0      0      0      0      0      0      0      0      0      0      0      0 
0 -1 -1
     3     10      6     12     24     15      4      5     29     91     27      4      9     10     19     11      0      5      3 
  6724   7191   6715   7726   7699   7034   6145   7308   7960   9326   7428   6342   7397   7736   7525   7240  10298   7908   7205 
 17236  13361     51    160   6715   7034   7191   7699   6724   7726   9326   7960   7308   7397  10298   7736   7908   7525   7205   7240   6342   7428   6145  13572  26304      0      0  65535 
     0      0      0      0      0      0      0      0      0      0      0      0      0      0      0      0      0      0      0 
     0      0      0      0      0      0      0      0      0      0      0      0      0      0      0      0      0      0      0 
     0      0      0      0      0      0      0      0      0      0      0      0      0      0      0      0      0      0      0 
0 -1 -1
     4     13      7     15     32     18      4      6     38    132     33      5     11     13     23     16      0      6      3 
  6763   7288   6759   7885   7887   7122   6168   7349   8177  10271   7596   6378   7469   7795   7614   7478  10480   7956   7230 
 17236  13361     51    160   6759   7122   7288   7887   6763   7885  10271   8177   7349   7469  10480   7795   7956   7614   7230   7478   6378   7596   6168  13570  26305      0      0  65535 
     0      0      0      0      0      0      0      0      0      0      0      0      0      0      0      0      0      0      0 
     0      0      0      0      0      0      0      0      0      0      0      0      0      0      0      0      0      0      0 
     0      0      0      0      0      0      0      0      0      0      0      0      0      0      0      0      0      0      0 
0 -1 -1
     4     14      7     16     35     19      5      6     40    146     36      6     11     14     24     17      0      6      3 
  6781   7332   6772   7945   7973   7159   6179   7367   8251  10618   7679   6397   7489   7816   7641   7558  10542   7969   7237 
 17236  13361     51    160   6772   7159   7332   7973   6781   7945  10618   8251   7367   7489  10542   7816   7969   7641   7237   7558   6397   7679   6179  13570  26306      0      0  65535 
     0      0      0      0      0      0      0      0      0      0      0      0      0      0      0      0      0      0      0 
     0      0      0      0      0      0      0      0      0      0      0      0      0      0      0      0      0      0      0 
     0      0      0      0      0      0      0      0      0      0      0      0      0      0      0      0      0      0      0 
0 -1 -1
     4     15      8     18     40     21      5      6     44    163     40      7     12     14     25     19      0      7      3 
  6804   7386   6795   8025   8083   7208   6191   7392   8342  11007   7780   6423   7518   7837   7673   7633  10640   7986   7246 
 17236  13361     51    160   6795   7208   7386   8083   6804   8025  11007   8342   7392   7518  10640   7837   7986   7673   7246   7633   6423   7780   6191  13571  26305      0      0  65535 
     0      0      0      0      0      0      0      0      0      0      0      0      0      0      0      0      0      0      0 
     0      0      0      0      0      0      0      0      0      0      0      0      0      0      0      0      0      0      0 
     0      0      0      0      0      0      0      0      0      0      0      0      0      0      0      0      0      0      0 
0 -1 -1
     4     16      8     19     43     22      5      6     46    175     43      7     12     15     26     20      0      7      4 
  6817   7420   6802   8083   8163   7240   6199   7413   8397  11273   7869   6446   7544   7855   7697   7672  10683   8003   7255 
 17236  13361     51    160   6802   7240   7420   8163   6817   8083  11273   8397   7413   7544  10683   7855   8003   7697   7255   7672   6446   7869   6199  13570  26305      0      0  65535 
     0      0      0      0      0      0      0      0      0      0      0      0      0      0      0      0      0      0      0 
     0      0      0      0      0      0      0      0      0      0      0      0      0      0      0      0      0      0      0 
     0      0      0      0      0      0      0      0      0      0      0      0      0      0      0      0      0      0      0 
0 -1 -1
     5     17      9     21     50     25      6      7     52    200     51      9     14     17     29     23      0      8      4 
  6847   7498   6832   8209   8341   7315   6224   7462   8552  11878   8090   6496   7601   7902   7778   7873  10969   8050   7285 
 17236  13361     51    160   6832   7315   7498   8341   6847   8209  11878   8552   7462   7601  10969   7902   8050   7778   7285   7873   6496   8090   6224  13570  26305      0      1  65535 
     0      0      0      0      0      0      0      0      0      0      0      0      0      0      0      0      0      0      0 
     0      0      0      0      0      0      0      0      0      0      0      0      0      0      0      0      0      0      0 
     0      0      0      0      0      0      0      0      0      0      0      0      0      0      0      0      0      0      0 
0 -1 -1
     5     20     10     24     60     29      6      8     59    235     61     11     16     20     33     27      1     10      5 
  6882   7608   6874   8369   8592   7410   6248   7519   8746  12685   8364   6559   7672   7963   7877   8085  11115   8110   7323 
 17236  13361     51    160   6874   7410   7608   8592   6882   8369  12685   8746   7519   7672  11115   7963   8110   7877   7323   8085   6559   8364   6248  13569  26305      0      0  65535 
     0      0      0      0      0      0      0      0      0      0      0      0      0      0      0      0      0      0      0 
     0      0      0      0      0      0      0      0      0      0      0      0      0      0      0      0      0      0      0 
     0      0      0      0      0      0      0      0      0      0      0      0      0      0      0      0      0      0      0 
0 -1 -1
     6     21     10     26     65     31      7      9     63    254     67     12     16     21     36     31      4     10      5 
  6904   7669   6903   8459   8723   7458   6269   7548   8858  13125   8525   6601   7711   8000   7938   8243  11255   8152   7351 
 17236  13361     51    160   6903   7458   7669   8723   6904   8459  13125   8858   7548   7711  11255   8000   8152   7938   7351   8243   6601   8525   6269  13570  26305      0      0  65535 
     0      0      0      0      0      0      0      0      0      0      0      0      0      0      0      0      0      0      0 
     0      0      0      0      0      0      0      0      0      0      0      0      0      0      0      0      0      0      0 
     0      0      0      0      0      0      0      0      0      0      0      0      0      0      0      0      0      0      0 
0 -1 -1
     6     24     11     29     74     34      7      9     72    255     78     14     18     24     41     36      3     12      6 
  6941   7783   6951   8642   8957   7546   6305   7611   9093  13883   8806   6669   7785   8074   8060   8552  11205   8226   7399 
 17236  13361     51    161   6951   7546   7783   8957   6941   8642  13883   9093   7611   7785  11205   8074   8226   8060   7399   8552   6669   8806   6305  13572  26306      0      1  65535 
     0      0      0      0      0      0      0      0      0      0      0      0      0      0      0      0      0      0      0 
     0      0      0      0      0      0      0      0      0      0      0      0      0      0      0      0      0      0      0 
     0      0      0      0      0      0      0      0      0      0      0      0      0      0      0      0      0      0      0 
0 -1 -1
     7     26     12     31     81     36      8     10     78    255     83     15     19     26     43     39      1     13      6 
  6965   7865   6982   8770   9118   7611   6319   7652   9239  14444   8965   6704   7837   8123   8131   8706  11130   8270   7426 
 17236  13361     51    160   6982   7611   7865   9118   6965   8770  14444   9239   7652   7837  11130   8123   8270   8131   7426   8706   6704   8965   6319  13578  26305      0      1  65535 
     0      0      0      0      0      0      0      0      0      0      0      0      0      0      0      0      0      0      0 
     0      0      0      0      0      0      0      0      0      0      0      0      0      0      0      0      0      0      0 
     0      0      0      0      0      0      0      0      0      0      0      0      0      0      0      0      0      0      0 
0 -1 -1
     7     28     13     34     89     40      9     11     86    255     94     17     21     29     48     44      0     15      7 
  7001   7975   7028   8945   9332   7705   6353   7711   9450  15126   9246   6772   7914   8197   8245   8940  11032   8340   7469 
 17236  13361     51    160   7028   7705   7975   9332   7001   8945  15126   9450   7711   7914  11032   8197   8340   8245   7469   8940   6772   9246   6353  13569  26304      1      0  65535 
     0      0      0      0      0      0      0      0      0      0      0      0      0      0      0      0      0      0      0 
     0      0      0      0      0      0      0      0      0      0      0      0      0      0      0      0      0      0      0 
     0      0      0      0      0      0      0      0      0      0      0      0      0      0      0      0      0      0      0 
0 -1 -1
     8     30     14     36     94     42      9     11     91    255    100     18     23     32     51     48      0     16      7 
  7024   8050   7065   9056   9465   7768   6375   7746   9597  15608   9411   6812   7971   8247   8321   9127  10876   8391   7500 
 17236  13361     51    160   7065   7768   8050   9465   7024   9056  15608   9597   7746   7971  10876   8247   8391   8321   7500   9127   6812   9411   6375  13563  26304      0      0  65535 
     0      0      0      0      0      0      0      0      0      0      0      0      0      0      0      0      0      0      0 
     0      0      0      0      0      0      0      0      0      0      0      0      0      0      0      0      0      0      0 
     0      0      0      0      0      0      0      0      0      0      0      0      0      0      0      0      0      0      0 
0 -1 -1
     8     32     14     38    100     44      9     12     97    255    106     19     24     34     55     52      0     17      8 
  7046   8119   7098   9169   9607   7828   6393   7796   9760  16110   9579   6852   8039   8306   8417   9344  10753   8455   7537 
 17236  13361     51    160   7098   7828   8119   9607   7046   9169  16110   9760   7796   8039  10753   8306   8455   8417   7537   9344   6852   9579   6393  13563  26305      0      0  65535 
     0      0      0      0      0      0      0      0      0      0      0      0      0      0      0      0      0      0      0 
     0      0      0      0      0      0      0      0      0      0      0      0      0      0      0      0      0      0      0 
     0      0      0      0      0      0      0      0      0      0      0      0      0      0      0      0      0      0      0 
0 -1 -1
     8     33     15     40    105     46     10     13    103    255    112     21     26     36     58     55      0     18      8 
  7057   8175   7122   9264   9736   7879   6415   7834   9894  16530   9752   6898   8100   8356   8496   9522  10697   8505   7558 
 17236  13361     51    160   7122   7879   8175   9736   7057   9264  16530   9894   7834   8100  10697   8356   8505   8496   7558   9522   6898   9752   6415  13562  26304      0      0  65535 
     0      0      0      0      0      0      0      0      0      0      0      0      0      0      0      0      0      0      0 
     0      0      0      0      0      0      0      0      0      0      0      0      0      0      0      0      0      0      0 
     0      0      0      0      0      0      0      0      0      0      0      0      0      0      0      0      0      0      0 
0 -1 -1
     9     36     16     43    114     50     11     14    110    255    122     23     28     38     62     59      0     19      9 
  7103   8291   7171   9431   9960   7974   6451   7895  10097  17137  10020   6982   8178   8403   8601   9727  10662   8562   7596 
 17236  13361     51    160   7171   7974   8291   9960   7103   9431  17137  10097   7895   8178  10662   8403   8562   8601   7596   9727   6982  10020   6451  13566  26304      0      0  65535 
     0      0      0      0      0      0      0      0      0      0      0      0      0      0      0      0      0      0      0 
     0      0      0      0      0      0      0      0      0      0      0      0      0      0      0      0      0      0      0 
     0      0      0      0      0      0      0      0      0      0      0      0      0      0      0      0      0      0      0 
0 -1 -1
    10     38     17     46    122     53     12     15    118    255    132     25     30     41     66     63      0     21      9 
  7148   8409   7227   9592  10171   8067   6488   7958  10295  17733  10286   7055   8261   8474   8705   9948  10668   8628   7637 
 17236  13361     51    160   7227   8067   8409  10171   7148   9592  17733  10295   7958   8261  10668   8474   8628   8705   7637   9948   7055  10286   6488  13566  26304      0      0  65535 
     0      0      0      0      0      0      0      0      0      0      0      0      0      0      0      0      0      0      0 
     0      0      0      0      0      0      0      0      0      0      0      0      0      0      0      0      0      0      0 
     0      0      0      0      0      0      0      0      0      0      0      0      0      0      0      0      0      0      0 
0 -1 -1
    10     41     18     48    129     56     12     15    124    255    139     27     31     43     70     67      0     22     10 
  7181   8507   7274   9722  10352   8146   6514   8007  10450  18228  10471   7113   8333   8528   8797  10117  10586   8681   7671 
 17236  13361     51    160   7274   8146   8507  10352   7181   9722  18228  10450   8007   8333  10586   8528   8681   8797   7671  10117   7113  10471   6514  13565  26305      0      0  65535 
     0      0      0      0      0      0      0      0      0      0      0      0      0      0      0      0      0      0      0 
     0      0      0      0      0      0      0      0      0      0      0      0      0      0      0      0      0      0      0 
     0      0      0      0      0      0      0      0      0      0      0      0      0      0      0      0      0      0      0 
0 -1 -1
    11     42     19     50    135     58     13     16    128    255    145     29     33     45     74     70      0     23     11 
  7215   8580   7313   9833  10497   8206   6545   8055  10580  18649  10654   7177   8400   8579   8889  10292  10606   8734   7711 
 17236  13361     51    160   7313   8206   8580  10497   7215   9833  18649  10580   8055   8400  10606   8579   8734   8889   7711  10292   7177  10654   6545  13564  26305      0      0  65535 
     0      0      0      0      0      0      0      0      0      0      0      0      0      0      0      0      0      0      0 
     0      0      0      0      0      0      0      0      0      0      0      0      0      0      0      0      0      0      0 
     0      0      0      0      0      0      0      0      0      0      0      0      0      0      0      0      0      0      0 
0 -1 -1
    11     45     20     53    142     61     14     17    135    255    154     31     35     48     78     74      0     24     11 
  7260   8683   7367   9979  10682   8284   6581   8114  10754  19175  10880   7246   8485   8644   9002  10509  10611   8798   7757 
 17236  13361     51    160   7367   8284   8683  10682   7260   9979  19175  10754   8114   8485  10611   8644   8798   9002   7757  10509   7246  10880   6581  13566  26304      0      0  65535 
     0      0      0      0      0      0      0      0      0      0      0      0      0      0      0      0      0      0      0 
     0      0      0      0      0      0      0      0      0      0      0      0      0      0      0      0      0      0      0 
     0      0      0      0      0      0      0      0      0      0      0      0      0      0      0      0      0      0      0 
0 -1 -1
    12     47     21     55    150     64     15     18    141    255    162     33     37     51     83     78      0     26     12 
  7308   8792   7423  10120  10873   8361   6612   8173  10921  19702  11105   7302   8569   8703   9111  10709  10649   8854   7803 
 17236  13361     51    160   7423   8361   8792  10873   7308  10120  19702  10921   8173   8569  10649   8703   8854   9111   7803  10709   7302  11105   6612  13565  26304      0      0  65535 
     0      0      0      0      0      0      0      0      0      0      0      0      0      0      0      0      0      0      0 
     0      0      0      0      0      0      0      0      0      0      0      0      0      0      0      0      0      0      0 
     0      0      0      0      0      0      0      0      0      0      0      0      0      0      0      0      0      0      0 
0 -1 -1
    13     49     22     57    154     66     15     18    145    255    168     34     38     53     86     81      0     27     13 
  7340   8860   7462  10219  10976   8416   6637   8212  11024  20072  11262   7348   8629   8749   9187  10856  10705   8893   7842 
 17236  13361     51    159   7462   8416   8860  10976   7340  10219  20072  11024   8212   8629  10705   8749   8893   9187   7842  10856   7348  11262   6637  13570  26304      0      0  65535 
     0      0      0      0      0      0      0      0      0      0      0      0      0      0      0      0      0      0      0 
     0      0      0      0      0      0      0      0      0      0      0      0      0      0      0      0      0      0      0 
     0      0      0      0      0      0      0      0      0      0      0      0      0      0      0      0      0      0      0 
0 -1 -1
    13     51     23     59    159     69     16     19    150    255    174     35     40     55     89     84      0     28     13 
  7377   8938   7506  10329  11103   8476   6660   8262  11152  20492  11433   7401   8698   8800   9276  11037  10798   8950   7885 
 17236  13361     51    160   7506   8476   8938  11103   7377  10329  20492  11152   8262   8698  10798   8800   8950   9276   7885  11037   7401  11433   6660  13578  26305      0      0  65535 
     0      0      0      0      0      0      0      0      0      0      0      0      0      0      0      0      0      0      0 
     0      0      0      0      0      0      0      0      0      0      0      0      0      0      0      0      0      0      0 
     0      0      0      0      0      0      0      0      0      0      0      0      0      0      0      0      0      0      0 
0 -1 -1
    14     52     24     61    165     71     16     20    155    255    181     37     42     57     93     87      0     29     14 
  7419   9019   7550  10442  11243   8542   6688   8314  11279  20879  11622   7462   8765   8849   9362  11192  10917   8999   7923 
 17236  13361     51    160   7550   8542   9019  11243   7419  10442  20879  11279   8314   8765  10917   8849   8999   9362   7923  11192   7462  11622   6688  13570  26306      0      0  65535 
     0      0      0      0      0      0      0      0      0      0      0      0      0      0      0      0      0      0      0 
     0      0      0      0      0      0      0      0      0      0      0      0      0      0      0      0      0      0      0 
     0      0      0      0      0      0      0      0      0      0      0      0      0      0      0      0      0      0      0 
0 -1 -1
    14     54     25     63    169     73     17     20    158    255    185     38     43     58     95     89      0     30     14 
  7451   9082   7583  10525  11349   8591   6703   8343  11364  21147  11737   7497   8809   8883   9414  11287  11018   9032   7948 
 17236  13361     51    160   7583   8591   9082  11349   7451  10525  21147  11364   8343   8809  11018   8883   9032   9414   7948  11287   7497  11737   6703  13571  26304      0      1  65535 
     0      0      0      0      0      0      0      0      0      0      0      0      0      0      0      0      0      0      0 
     0      0      0      0      0      0      0      0      0      0      0      0      0      0      0      0      0      0      0 
     0      0      0      0      0      0      0      0      0      0      0      0      0      0      0      0      0      0      0 
0 -1 -1
    15     55     25     64    172     75     17     21    162    255    190     39     44     60     97     91      1     30     15 
  7481   9134   7613  10607  11440   8637   6722   8377  11460  21416  11862   7531   8856   8923   9477  11409  11117   9072   7982 
 17236  13361     51    159   7613   8637   9134  11440   7481  10607  21416  11460   8377   8856  11117   8923   9072   9477   7982  11409   7531  11862   6722  13571  26304      0      0  65535 
     0      0      0      0      0      0      0      0      0      0      0      0      0      0      0      0      0      0      0 
     0      0      0      0      0      0      0      0      0      0      0      0      0      0      0      0      0      0      0 
     0      0      0      0      0      0      0      0      0      0      0      0      0      0      0      0      0      0      0 
0 -1 -1
    15     56     26     66    176     76     18     21    166    255    195     41     45     62    100     94      3     31     15 
  7509   9181   7640  10686  11531   8680   6740   8414  11560  21687  11992   7573   8908   8966   9542  11543  11195   9117   8018 
 17236  13361     51    159   7640   8680   9181  11531   7509  10686  21687  11560   8414   8908  11195   8966   9117   9542   8018  11543   7573  11992   6740  13571  26305      0      0  65535 
     0      0      0      0      0      0      0      0      0      0      0      0      0      0      0      0      0      0      0 
     0      0      0      0      0      0      0      0      0      0      0      0      0      0      0      0      0      0      0 
     0      0      0      0      0      0      0      0      0      0      0      0      0      0      0      0      0      0      0 
0 -1 -1
    16     58     27     67    180     78     18     22    170    255    200     42     46     64    103     96      5     32     16 
  7546   9246   7676  10784  11641   8734   6759   8457  11670  21995  12124   7615   8963   9012   9610  11668  11310   9164   8051 
 17236  13361     51    160   7676   8734   9246  11641   7546  10784  21995  11670   8457   8963  11310   9012   9164   9610   8051  11668   7615  12124   6759  13571  26305      0      1  65535 
     0      0      0      0      0      0      0      0      0      0      0      0      0      0      0      0      0      0      0 
     0      0      0      0      0      0      0      0      0      0      0      0      0      0      0      0      0      0      0 
     0      0      0      0      0      0      0      0      0      0      0      0      0      0      0      0      0      0      0 
0 -1 -1
    16     58     27     68    181     79     18     22    170    255    200     42     46     64    103     97      4     33     16 
  7553   9255   7677  10799  11658   8747   6759   8458  11679  22065  12146   7615   8966   9019   9612  11674  11268   9169   8052 
 17236  13361     51    159   7677   8747   9255  11658   7553  10799  22065  11679   8458   8966  11268   9019   9169   9612   8052  11674   7615  12146   6759  13573  26305      0      1  65535 
     0      0      0      0      0      0      0      0      0      0      0      0      0      0      0      0      0      0      0 
     0      0      0      0      0      0      0      0      0      0      0      0      0      0      0      0      0      0      0 
     0      0      0      0      0      0      0      0      0      0      0      0      0      0      0      0      0      0      0 
0 -1 -1
    16     58     27     68    182     79     18     22    171    255    202     42     47     64    103     97      4     33     16 
  7564   9276   7687  10829  11689   8766   6765   8470  11710  22168  12199   7635   8983   9032   9632  11706  11279   9183   8056 
 17236  13361     51    159   7687   8766   9276  11689   7564  10829  22168  11710   8470   8983  11279   9032   9183   9632   8056  11706   7635  12199   6765  13572  26305      1      0  65535 
     0      0      0      0      0      0      0      0      0      0      0      0      0      0      0      0      0      0      0 
     0      0      0      0      0      0      0      0      0      0      0      0      0      0      0      0      0      0      0 
     0      0      0      0      0      0      0      0      0      0      0      0      0      0      0      0      0      0      0 
0 -1 -1
    16     59     27     69    183     80     18     22    172    255    203     43     47     65    104     98      6     33     16 
  7573   9290   7699  10854  11712   8781   6768   8479  11742  22261  12228   7644   9001   9046   9651  11739  11356   9199   8067 
 17236  13361     51    159   7699   8781   9290  11712   7573  10854  22261  11742   8479   9001  11356   9046   9199   9651   8067  11739   7644  12228   6768  13583  26305      0      0  65535 
     0      0      0      0      0      0      0      0      0      0      0      0      0      0      0      0      0      0      0 
     0      0      0      0      0      0      0      0      0      0      0      0      0      0      0      0      0      0      0 
     0      0      0      0      0      0      0      0      0      0      0      0      0      0      0      0      0      0      0 
0 -1 -1
    16     58     27     68    181     79     18     22    171    255    201     42     47     65    103     97      3     33     16 
  7553   9261   7682  10816  11659   8757   6751   8465  11709  22191  12155   7614   8992   9036   9630  11689  11215   9191   8061 
 17236  13361     51    159   7682   8757   9261  11659   7553  10816  22191  11709   8465   8992  11215   9036   9191   9630   8061  11689   7614  12155   6751  13598  26303      0      0  65535 
     0      0      0      0      0      0      0      0      0      0      0      0      0      0      0      0      0      0      0 
     0      0      0      0      0      0      0      0      0      0      0      0      0      0      0      0      0      0      0 
     0      0      0      0      0      0      0      0      0      0      0      0      0      0      0      0      0      0      0 
0 -1 -1
    15     56     26     66    176     76     17     22    168    255    195     40     47     64    102     95      6     33     16 
  7505   9166   7622  10713  11525   8690   6714   8435  11636  21996  12006   7553   8974   9021   9594  11597  11334   9182   8051 
 17236  13361     51    159   7622   8690   9166  11525   7505  10713  21996  11636   8435   8974  11334   9021   9182   9594   8051  11597   7553  12006   6714  13573  26306      0      0  65535 
     0      0      0      0      0      0      0      0      0      0      0      0      0      0      0      0      0      0      0 
     0      0      0      0      0      0      0      0      0      0      0      0      0      0      0      0      0      0      0 
     0      0      0      0      0      0      0      0      0      0      0      0      0      0      0      0      0      0      0 
0 -1 -1
    15     54     25     65    173     75     17     22    168    255    194     39     47     64    102     95      5     33     16 
  7475   9106   7582  10666  11448   8647   6700   8433  11625  21941  11963   7535   8986   9031   9604  11600  11303   9204   8065 
 17236  13361     51    160   7582   8647   9106  11448   7475  10666  21941  11625   8433   8986  11303   9031   9204   9604   8065  11600   7535  11963   6700  13573  26305      0      0  65535 
     0      0      0      0      0      0      0      0      0      0      0      0      0      0      0      0      0      0      0 
     0      0      0      0      0      0      0      0      0      0      0      0      0      0      0      0      0      0      0 
     0      0      0      0      0      0      0      0      0      0      0      0      0      0      0      0      0      0      0 
0 -1 -1
    15     54     25     66    173     75     17     22    170    255    196     40     48     65    104     97      9     34     16 
  7475   9099   7580  10687  11463   8648   6706   8454  11673  22039  12022   7554   9017   9058   9646  11678  11507   9239   8090 
 17236  13361     51    160   7580   8648   9099  11463   7475  10687  22039  11673   8454   9017  11507   9058   9239   9646   8090  11678   7554  12022   6706  13573  26305      0      0  65535 
     0      0      0      0      0      0      0      0      0      0      0      0      0      0      0      0      0      0      0 
     0      0      0      0      0      0      0      0      0      0      0      0      0      0      0      0      0      0      0 
     0      0      0      0      0      0      0      0      0      0      0      0      0      0      0      0      0      0      0 
0 -1 -1
    15     55     25     68    178     77     17     23    175    255    202     42     49     68    108    100     16     36     17 
  7507   9144   7610  10796  11575   8697   6731   8513  11818  22361  12197   7614   9096   9122   9746  11862  11796   9318   8148 
 17236  13361     51    160   7610   8697   9144  11575   7507  10796  22361  11818   8513   9096  11796   9122   9318   9746   8148  11862   7614  12197   6731  13572  26306      1      0  65535 
     0      0      0      0      0      0      0      0      0      0      0      0      0      0      0      0      0      0      0 
     0      0      0      0      0      0      0      0      0      0      0      0      0      0      0      0      0      0      0 
     0      0      0      0      0      0      0      0      0      0      0      0      0      0      0      0      0      0      0 
0 -1 -1
    16     56     26     69    182     78     18     24    181    255    207     43     52     71    112    104     25     38     18 
  7530   9182   7633  10897  11677   8736   6747   8576  11968  22687  12341   7658   9187   9193   9852  12038  12229   9405   8210 
 17236  13361     51    160   7633   8736   9182  11677   7530  10897  22687  11968   8576   9187  12229   9193   9405   9852   8210  12038   7658  12341   6747  13572  26304      1      0  65535 
     0      0      0      0      0      0      0      0      0      0      0      0      0      0      0      0      0      0      0 
     0      0      0      0      0      0      0      0      0      0      0      0      0      0      0      0      0      0      0 
     0      0      0      0      0      0      0      0      0      0      0      0      0      0      0      0      0      0      0 
0 -1 -1
    16     56     26     70    183     79     18     24    184    255    210     44     53     73    115    106     28     39     19 
  7538   9188   7636  10946  11721   8751   6754   8611  12060  22891  12419   7676   9248   9238   9918  12153  12360   9466   8249 
 17236  13361     51    160   7636   8751   9188  11721   7538  10946  22891  12060   8611   9248  12360   9238   9466   9918   8249  12153   7676  12419   6754  13570  26304      0      0  65535 
     0      0      0      0      0      0      0      0      0      0      0      0      0      0      0      0      0      0      0 
     0      0      0      0      0      0      0      0      0      0      0      0      0      0      0      0      0      0      0 
     0      0      0      0      0      0      0      0      0      0      0      0      0      0      0      0      0      0      0 
0 -1 -1
    16     57     26     71    186     80     18     25    187    255    213     44     54     74    116    107     31     40     19 
  7557   9222   7661  10990  11785   8785   6767   8633  12116  23052  12502   7703   9280   9261   9955  12220  12469   9491   8267 
 17236  13361     51    159   7661   8785   9222  11785   7557  10990  23052  12116   8633   9280  12469   9261   9491   9955   8267  12220   7703  12502   6767  13573  26304      0      0  65535 
     0      0      0      0      0      0      0      0      0      0      0      0      0      0      0      0      0      0      0 
     0      0      0      0      0      0      0      0      0      0      0      0      0      0      0      0      0      0      0 
     0      0      0      0      0      0      0      0      0      0      0      0      0      0      0      0      0      0      0 
0 -1 -1
    16     57     27     71    186     80     18     25    186    255    213     44     54     74    116    107     26     39     19 
  7561   9232   7669  10982  11791   8791   6762   8628  12107  23063  12479   7692   9277   9256   9946  12201  12267   9486   8262 
 17236  13361     51    159   7669   8791   9232  11791   7561  10982  23063  12107   8628   9277  12267   9256   9486   9946   8262  12201   7692  12479   6762  13573  26304      0      0  65535 
     0      0      0      0      0      0      0      0      0      0      0      0      0      0      0      0      0      0      0 
     0      0      0      0      0      0      0      0      0      0      0      0      0      0      0      0      0      0      0 
     0      0      0      0      0      0      0      0      0      0      0      0      0      0      0      0      0      0      0 
0 -1 -1
    15     56     26     69    181     78     17     24    182    255    204     41     53     72    113    103     15     38     18 
  7521   9161   7625  10878  11662   8730   6721   8578  12002  22811  12255   7605   9223   9207   9859  12025  11751   9432   8213 
 17236  13361     51    159   7625   8730   9161  11662   7521  10878  22811  12002   8578   9223  11751   9207   9432   9859   8213  12025   7605  12255   6721  13573  26304      0      0  65535 
     0      0      0      0      0      0      0      0      0      0      0      0      0      0      0      0      0      0      0 
     0      0      0      0      0      0      0      0      0      0      0      0      0      0      0      0      0      0      0 
     0      0      0      0      0      0      0      0      0      0      0      0      0      0      0      0      0      0      0 
0 -1 -1
    12     48     21     58    154     67     13     19    157    255    166     31     44     59     93     85      0     31     14 
  7328   8821   7421  10272  10988   8441   6554   8280  11330  21264  11202   7259   8873   8910   9375  11096  10536   9104   7961 
 17236  13361     51    160   7421   8441   8821  10988   7328  10272  21264  11330   8280   8873  10536   8910   9104   9375   7961  11096   7259  11202   6554  13573  26305      0      0  65535 
     0      0      0      0      0      0      0      0      0      0      0      0      0      0      0      0      0      0      0 
     0      0      0      0      0      0      0      0      0      0      0      0      0      0      0      0      0      0      0 
     0      0      0      0      0      0      0      0      0      0      0      0      0      0      0      0      0      0      0 
0 -1 -1
     8     33     14     39    103     47      9     13    113    255    109     18     31     41     64     60      0     21      9 
  7037   8196   7086   9219   9687   7907   6360   7836  10165  18295   9671   6812   8304   8464   8641   9758  10545   8640   7643 
 17236  13361     51    160   7086   7907   8196   9687   7037   9219  18295  10165   7836   8304  10545   8464   8640   8641   7643   9758   6812   9671   6360  13565  26304      0      0  65535 
     0      0      0      0      0      0      0      0      0      0      0      0      0      0      0      0      0      0      0 
     0      0      0      0      0      0      0      0      0      0      0      0      0      0      0      0      0      0      0 
     0      0      0      0      0      0      0      0      0      0      0      0      0      0      0      0      0      0      0 
0 -1 -1
     5     22     10     25     61     33      6      8     79    255     61      9     20     27     41     41      0     14      6 
  6856   7709   6878   8401   8631   7514   6224   7539   9278  15547   8347   6509   7874   8127   8078   8771  10418   8319   7425 
 17236  13361     51    160   6878   7514   7709   8631   6856   8401  15547   9278   7539   7874  10418   8127   8319   8078   7425   8771   6509   8347   6224  13565  26304      0      0  65535 
     0      0      0      0      0      0      0      0      0      0      0      0      0      0      0      0      0      0      0 
     0      0      0      0      0      0      0      0      0      0      0      0      0      0      0      0      0      0      0 
     0      0      0      0      0      0      0      0      0      0      0      0      0      0      0      0      0      0      0 
0 -1 -1
     2     11      5     10     23     16      3      4     40    194     21      3     10     13     21     23      0      7      3 
  6689   7198   6674   7602   7652   7078   6099   7256   8255  11729   7273   6297   7440   7801   7561   7846  10507   7990   7224 
 17236  13361     51    161   6674   7078   7198   7652   6689   7602  11729   8255   7256   7440  10507   7801   7990   7561   7224   7846   6297   7273   6099  13564  26305      0      0  65535 
     0      0      0      0      0      0      0      0      0      0      0      0      0      0      0      0      0      0      0 
     0      0      0      0      0      0      0      0      0      0      0      0      0      0      0      0      0      0      0 
     0      0      0      0      0      0      0      0      0      0      0      0      0      0      0      0      0      0      0 
0 -1 -1
     1      5      3      4      9      7      1      2     19     85      9      1      5      6     10     11      0      3      1 
  6606   6958   6575   7277   7297   6833   6034   7118   7678   9195   6934   6224   7234   7641   7305   7209  10840   7824   7116 
 17236  13361     51    161   6575   6833   6958   7297   6606   7277   9195   7678   7118   7234  10840   7641   7824   7305   7116   7209   6224   6934   6034  13564  26304      0      0  65535 
     0      0      0      0      0      0      0      0      0      0      0      0      0      0      0      0      0      0      0 
     0      0      0      0      0      0      0      0      0      0      0      0      0      0      0      0      0      0      0 
     0      0      0      0      0      0      0      0      0      0      0      0      0      0      0      0      0      0      0 
0 -1 -1
     0      1      1      1      1      1      0      0      2      7      1      0      1      0      1      0      5      0      0 
  6531   6781   6481   7069   7103   6655   5978   6997   7232   7367   6719   6170   7057   7502   7067   6657  11288   7685   7030 
 17236  13361     51    161   6481   6655   6781   7103   6531   7069   7367   7232   6997   7057  11288   7502   7685   7067   7030   6657   6170   6719   5978  13566  26304      0      0  65535 
     0      0      0      0      0      0      0      0      0      0      0      0      0      0      0      0      0      0      0 
     0      0      0      0      0      0      0      0      0      0      0      0      0      0      0      0      0      0      0 
     0      0      0      0      0      0      0      0      0      0      0      0      0      0      0      0      0      0      0 
0 -1 -1
     0      0      0      0      0      0      0      0      0      0      0      0      0      0      0      0     13      0      0 
  6481   6695   6403   6983   7037   6589   5942   6932   7139   7168   6650   6145   6977   7447   6999   6607  11672   7620   6980 
 17236  13361     51    161   6403   6589   6695   7037   6481   6983   7168   7139   6932   6977  11672   7447   7620   6999   6980   6607   6145   6650   5942  13566  26304      0      0  65535 
     0      0      0      0      0      0      0      0      0      0      0      0      0      0      0      0      0      0      0 
     0      0      0      0      0      0      0      0      0      0      0      0      0      0      0      0      0      0      0 
     0      0      0      0      0      0      0      0      0      0      0      0      0      0      0      0      0      0      0 
0 -1 -1
     0      0      0      0      0      0      0      0      0      0      0      0      0      0      0      0     16      0      0 
  6472   6664   6364   6965   7019   6577   5930   6911   7127   7148   6636   6140   6953   7433   6987   6601  11808   7599   6967 
 17236  13361     51    161   6364   6577   6664   7019   6472   6965   7148   7127   6911   6953  11808   7433   7599   6987   6967   6601   6140   6636   5930  13565  26304      0      0  65535 
     0      0      0      0      0      0      0      0      0      0      0      0      0      0      0      0      0      0      0 
     0      0      0      0      0      0      0      0      0      0      0      0      0      0      0      0      0      0      0 
     0      0      0      0      0      0      0      0      0      0      0      0      0      0      0      0      0      0      0 
0 -1 -1
     0      0      0      0      0      0      0      0      0      0      0      0      0      0      0      0     16      0      0 
  6469   6661   6361   6966   7014   6573   5928   6906   7125   7142   6635   6137   6951   7429   6981   6600  11811   7593   6965 
 17236  13361     51    161   6361   6573   6661   7014   6469   6966   7142   7125   6906   6951  11811   7429   7593   6981   6965   6600   6137   6635   5928  13565  26305      0      0  65535 
     0      0      0      0      0      0      0      0      0      0      0      0      0      0      0      0      0      0      0 
     0      0      0      0      0      0      0      0      0      0      0      0      0      0      0      0      0      0      0 
     0      0      0      0      0      0      0      0      0      0      0      0      0      0      0      0      0      0      0 
0 -1 -1
     0      0      0      0      0      0      0      0      0      0      0      0      0      0      0      0     17      0      0 
  6469   6659   6360   6965   7013   6572   5928   6906   7123   7142   6634   6139   6951   7430   6982   6598  11853   7592   6966 
 17236  13361     51    161   6360   6572   6659   7013   6469   6965   7142   7123   6906   6951  11853   7430   7592   6982   6966   6598   6139   6634   5928  13565  26305      0      1  65535 
     0      0      0      0      0      0      0      0      0      0      0      0      0      0      0      0      0      0      0 
     0      0      0      0      0      0      0      0      0      0      0      0      0      0      0      0      0      0      0 
     0      0      0      0      0      0      0      0      0      0      0      0      0      0      0      0      0      0      0 
0 -1 -1
     0      0      0      0      0      0      0      0      0      0      0      0      0      0      0      0     17      0      0 
  6467   6658   6358   6967   7013   6572   5926   6904   7123   7138   6633   6137   6948   7428   6981   6597  11837   7592   6963 
 17236  13361     51    161   6358   6572   6658   7013   6467   6967   7138   7123   6904   6948  11837   7428   7592   6981   6963   6597   6137   6633   5926  13598  26304      0      1  65535 
     0      0      0      0      0      0      0      0      0      0      0      0      0      0      0      0      0      0      0 
     0      0      0      0      0      0      0      0      0      0      0      0      0      0      0      0      0      0      0 
     0      0      0      0      0      0      0      0      0      0      0      0      0      0      0      0      0      0      0 
0 -1 -1
     0      0      0      0      0      0      0      0      0      0      0      0      0      0      0      0     17      0      0 
  6467   6656   6358   6964   7011   6570   5925   6902   7121   7137   6631   6135   6947   7427   6979   6596  11865   7591   6963 
 17236  13361     51    161   6358   6570   6656   7011   6467   6964   7137   7121   6902   6947  11865   7427   7591   6979   6963   6596   6135   6631   5925  13580  26304      1      0  65535 
     0      0      0      0      0      0      0      0      0      0      0      0      0      0      0      0      0      0      0 
     0      0      0      0      0      0      0      0      0      0      0      0      0      0      0      0      0      0      0 
     0      0      0      0      0      0      0      0      0      0      0      0      0      0      0      0      0      0      0 
0 -1 -1
     0      0      0      0      0      0      0      0      0      0      0      0      0      0      0      0     16      0      0 
  6465   6655   6356   6963   7011   6569   5924   6901   7120   7137   6630   6135   6946   7426   6977   6595  11818   7589   6962 
 17236  13361     51    161   6356   6569   6655   7011   6465   6963   7137   7120   6901   6946  11818   7426   7589   6977   6962   6595   6135   6630   5924  13565  26304      0      0  65535 
     0      0      0      0      0      0      0      0      0      0      0      0      0      0      0      0      0      0      0 
     0      0      0      0      0      0      0      0      0      0      0      0      0      0      0      0      0      0      0 
     0      0      0      0      0      0      0      0      0      0      0      0      0      0      0      0      0      0      0 
0 -1 -1
     0      0      0      0      0      0      0      0      0      0      0      0      0      0      0      0     17      0      0 
  6462   6653   6355   6962   7010   6567   5923   6900   7118   7136   6629   6135   6944   7425   6977   6594  11827   7589   6961 
 17236  13361     51    161   6355   6567   6653   7010   6462   6962   7136   7118   6900   6944  11827   7425   7589   6977   6961   6594   6135   6629   5923  13565  26305      0      0  65535 
     0      0      0      0      0      0      0      0      0      0      0      0      0      0      0      0      0      0      0 
     0      0      0      0      0      0      0      0      0      0      0      0      0      0      0      0      0      0      0 
     0      0      0      0      0      0      0      0      0      0      0      0      0      0      0      0      0      0      0 
0 -1 -1
     0      0      0      0      0      0      0      0      0      0      0      0      0      0      0      0     15      0      0 
  6463   6653   6355   6960   7008   6566   5924   6899   7117   7134   6629   6132   6943   7423   6975   6592  11765   7587   6958 
 17236  13361     51    161   6355   6566   6653   7008   6463   6960   7134   7117   6899   6943  11765   7423   7587   6975   6958   6592   6132   6629   5924  13571  26305      0      0  65535 
     0      0      0      0      0      0      0      0      0      0      0      0      0      0      0      0      0      0      0 
     0      0      0      0      0      0      0      0      0      0      0      0      0      0      0      0      0      0      0 
     0      0      0      0      0      0      0      0      0      0      0      0      0      0      0      0      0      0      0 
0 -1 -1
     0      0      0      0      0      0      0      0      0      0      0      0      0      0      0      0     17      0      0 
  6462   6651   6355   6960   7007   6565   5920   6898   7115   7132   6627   6131   6942   7422   6973   6591  11850   7586   6958 
 17236  13361     51    161   6355   6565   6651   7007   6462   6960   7132   7115   6898   6942  11850   7422   7586   6973   6958   6591   6131   6627   5920  13571  26304      0      1  65535 
     0      0      0      0      0      0      0      0      0      0      0      0      0      0      0      0      0      0      0 
     0      0      0      0      0      0      0      0      0      0      0      0      0      0      0      0      0      0      0 
     0      0      0      0      0      0      0      0      0      0      0      0      0      0      0      0      0      0      0 
0 -1 -1
     0      0      0      0      0      0      0      0      0      0      0      0      0      0      0      0     17      0      0 
  6462   6652   6354   6958   7006   6564   5919   6898   7115   7130   6625   6130   6941   7420   6974   6590  11829   7586   6958 
 17236  13361     51    161   6354   6564   6652   7006   6462   6958   7130   7115   6898   6941  11829   7420   7586   6974   6958   6590   6130   6625   5919  13570  26304      0      0  65535 
     0      0      0      0      0      0      0      0      0      0      0      0      0      0      0      0      0      0      0 
     0      0      0      0      0      0      0      0      0      0      0      0      0      0      0      0      0      0      0 
     0      0      0      0      0      0      0      0      0      0      0      0      0      0      0      0      0      0      0 
0 -1 -1
     0      0      0      0      0      0      0      0      0      0      0      0      0      0      0      0     16      0      0 
  6461   6649   6352   6958   7005   6564   5919   6895   7114   7129   6626   6131   6939   7420   6971   6590  11794   7583   6958 
 17236  13361     51    161   6352   6564   6649   7005   6461   6958   7129   7114   6895   6939  11794   7420   7583   6971   6958   6590   6131   6626   5919  13570  26305      0      0  65535 
     0      0      0      0      0      0      0      0      0      0      0      0      0      0      0      0      0      0      0 
     0      0      0      0      0      0      0      0      0      0      0      0      0      0      0      0      0      0      0 
     0      0      0      0      0      0      0      0      0      0      0      0      0      0      0      0      0      0      0 
0 -1 -1
     0      0      0      0      0      0      0      0      0      0      0      0      0      0      0      0     17      0      0 
  6460   6648   6349   6957   7004   6563   5918   6894   7112   7130   6623   6130   6939   7419   6970   6589  11868   7582   6955 
 17236  13361     51    161   6349   6563   6648   7004   6460   6957   7130   7112   6894   6939  11868   7419   7582   6970   6955   6589   6130   6623   5918  13570  26305      0      0  65535 
     0      0      0      0      0      0      0      0      0      0      0      0      0      0      0      0      0      0      0 
     0      0      0      0      0      0      0      0      0      0      0      0      0      0      0      0      0      0      0 
     0      0      0      0      0      0      0      0      0      0      0      0      0      0      0      0      0      0      0 
0 -1 -1
     0      0      0      0      0      0      0      0      0      0      0      0      0      0      0      0     17      0      0 
  6457   6648   6350   6955   7002   6561   5917   6893   7110   7128   6621   6129   6936   7418   6970   6588  11832   7582   6954 
 17236  13361     51    161   6350   6561   6648   7002   6457   6955   7128   7110   6893   6936  11832   7418   7582   6970   6954   6588   6129   6621   5917  13570  26304      0      0  65535 
     0      0      0      0      0      0      0      0      0      0      0      0      0      0      0      0      0      0      0 
     0      0      0      0      0      0      0      0      0      0      0      0      0      0      0      0      0      0      0 
     0      0      0      0      0      0      0      0      0      0      0      0      0      0      0      0      0      0      0 
0 -1 -1
     0      0      0      0      0      0      0      0      0      0      0      0      0      0      0      0     17      0      0 
  6456   6647   6349   6953   7002   6559   5915   6892   7110   7126   6620   6126   6936   7415   6968   6587  11843   7580   6953 
 17236  13361     51    161   6349   6559   6647   7002   6456   6953   7126   7110   6892   6936  11843   7415   7580   6968   6953   6587   6126   6620   5915  13570  26304      0      0  65535 
     0      0      0      0      0      0      0      0      0      0      0      0      0      0      0      0      0      0      0 
     0      0      0      0      0      0      0      0      0      0      0      0      0      0      0      0      0      0      0 
     0      0      0      0      0      0      0      0      0      0      0      0      0      0      0      0      0      0      0 
0 -1 -1
     0      0      0      0      0      0      0      0      0      0      0      0      0      0      0      0     18      0      0 
  6457   6645   6349   6953   7000   6560   5917   6892   7107   7126   6620   6126   6935   7415   6969   6585  11885   7579   6953 
 17236  13361     51    161   6349   6560   6645   7000   6457   6953   7126   7107   6892   6935  11885   7415   7579   6969   6953   6585   6126   6620   5917  13570  26305      0      1  65535 
     0      0      0      0      0      0      0      0      0      0      0      0      0      0      0      0      0      0      0 
     0      0      0      0      0      0      0      0      0      0      0      0      0      0      0      0      0      0      0 
     0      0      0      0      0      0      0      0      0      0      0      0      0      0      0      0      0      0      0 
0 -1 -1
     0      0      0      0      0      0      0      0      0      0      0      0      0      0      0      0     18      0      0 
  6454   6645   6347   6952   6999   6558   5916   6891   7107   7124   6618   6125   6934   7415   6966   6586  11909   7578   6952 
 17236  13361     51    162   6347   6558   6645   6999   6454   6952   7124   7107   6891   6934  11909   7415   7578   6966   6952   6586   6125   6618   5916  13570  26305      0      0  65535 
     0      0      0      0      0      0      0      0      0      0      0      0      0      0      0      0      0      0      0 
     0      0      0      0      0      0      0      0      0      0      0      0      0      0      0      0      0      0      0 
     0      0      0      0      0      0      0      0      0      0      0      0      0      0      0      0      0      0      0 
0 -1 -1
     0      0      0      0      0      0      0      0      0      0      0      0      0      0      0      0     18      0      0 
  6454   6643   6346   6949   6997   6556   5915   6890   7107   7123   6618   6124   6932   7412   6966   6584  11903   7578   6950 
 17236  13361     51    161   6346   6556   6643   6997   6454   6949   7123   7107   6890   6932  11903   7412   7578   6966   6950   6584   6124   6618   5915  13570  26305      1      0  65535 
     0      0      0      0      0      0      0      0      0      0      0      0      0      0      0      0      0      0      0 
     0      0      0      0      0      0      0      0      0      0      0      0      0      0      0      0      0      0      0 
     0      0      0      0      0      0      0      0      0      0      0      0      0      0      0      0      0      0      0 
0 -1 -1
     0      0      0      0      0      0      0      0      0      0      0      0      0      0      0      0     19      0      0 
  6451   6643   6344   6948   6997   6557   5912   6888   7107   7121   6617   6124   6932   7412   6964   6583  11924   7576   6951 
 17236  13361     51    161   6344   6557   6643   6997   6451   6948   7121   7107   6888   6932  11924   7412   7576   6964   6951   6583   6124   6617   5912  13570  26305      0      1  65535 
     0      0      0      0      0      0      0      0      0      0      0      0      0      0      0      0      0      0      0 
     0      0      0      0      0      0      0      0      0      0      0      0      0      0      0      0      0      0      0 
     0      0      0      0      0      0      0      0      0      0      0      0      0      0      0      0      0      0      0 
0 -1 -1
     0      0      0      0      0      0      0      0      0      0      0      0      0      0      0      0     18      0      0 
  6451   6640   6345   6949   6997   6555   5912   6889   7104   7120   6615   6123   6931   7410   6963   6583  11872   7576   6949 
 17236  13361     51    161   6345   6555   6640   6997   6451   6949   7120   7104   6889   6931  11872   7410   7576   6963   6949   6583   6123   6615   5912  13570  26305      0      0  65535 
     0      0      0      0      0      0      0      0      0      0      0      0      0      0      0      0      0      0      0 
     0      0      0      0      0      0      0      0      0      0      0      0      0      0      0      0      0      0      0 
     0      0      0      0      0      0      0      0      0      0      0      0      0      0      0      0      0      0      0 
0 -1 -1
     0      0      0      0      0      0      0      0      0      0      0      0      0      0      0      0     20      0      0 
  6449   6641   6345   6946   6995   6554   5912   6887   7103   7119   6615   6122   6930   7410   6962   6581  11972   7575   6948 
 17236  13361     51    161   6345   6554   6641   6995   6449   6946   7119   7103   6887   6930  11972   7410   7575   6962   6948   6581   6122   6615   5912  13570  26305      0      0  65535 
     0      0      0      0      0      0      0      0      0      0      0      0      0      0      0      0      0      0      0 
     0      0      0      0      0      0      0      0      0      0      0      0      0      0      0      0      0      0      0 
     0      0      0      0      0      0      0      0      0      0      0      0      0      0      0      0      0      0      0 
0 -1 -1
     0      0      0      0      0      0      0      0      0      0      0      0      0      0      0      0     19      0      0 
  6448   6639   6343   6944   6992   6553   5909   6885   7101   7118   6612   6119   6929   7409   6960   6580  11959   7574   6948 
 17236  13361     51    161   6343   6553   6639   6992   6448   6944   7118   7101   6885   6929  11959   7409   7574   6960   6948   6580   6119   6612   5909  13570  26305      0      0  65535 
     0      0      0      0      0      0      0      0      0      0      0      0      0      0      0      0      0      0      0 
     0      0      0      0      0      0      0      0      0      0      0      0      0      0      0      0      0      0      0 
     0      0      0      0      0      0      0      0      0      0      0      0      0      0      0      0      0      0      0 
0 -1 -1
     0      0      0      0      0      0      0      0      0      0      0      0      0      0      0      0     21      0      0 
  6448   6638   6343   6944   6991   6552   5909   6884   7099   7117   6611   6120   6928   7407   6959   6580  12042   7571   6946 
 17236  13361     51    161   6343   6552   6638   6991   6448   6944   7117   7099   6884   6928  12042   7407   7571   6959   6946   6580   6120   6611   5909  13572  26305      0      0  65535 
     0      0      0      0      0      0      0      0      0      0      0      0      0      0      0      0      0      0      0 
     0      0      0      0      0      0      0      0      0      0      0      0      0      0      0      0      0      0      0 
     0      0      0      0      0      0      0      0      0      0      0      0      0      0      0      0      0      0      0 
0 -1 -1
     0      0      0      0      0      0      0      0      0      0      0      0      0      0      0      0     20      0      0 
  6449   6637   6341   6944   6991   6549   5908   6885   7102   7115   6612   6118   6928   7405   6959   6580  11972   7572   6945 
 17236  13361     51    161   6341   6549   6637   6991   6449   6944   7115   7102   6885   6928  11972   7405   7572   6959   6945   6580   6118   6612   5908  13571  26304      0      0  65535 
     0      0      0      0      0      0      0      0      0      0      0      0      0      0      0      0      0      0      0 
     0      0      0      0      0      0      0      0      0      0      0      0      0      0      0      0      0      0      0 
     0      0      0      0      0      0      0      0      0      0      0      0      0      0      0      0      0      0      0 
0 -1 -1
     0      0      0      0      0      0      0      0      0      0      0      0      0      0      0      0     21      0      0 
  6447   6635   6342   6943   6991   6549   5908   6884   7099   7115   6609   6117   6926   7407   6957   6578  12021   7572   6945 
 17236  13361     51    161   6342   6549   6635   6991   6447   6943   7115   7099   6884   6926  12021   7407   7572   6957   6945   6578   6117   6609   5908  13580  26304      0      0  65535 
     0      0      0      0      0      0      0      0      0      0      0      0      0      0      0      0      0      0      0 
     0      0      0      0      0      0      0      0      0      0      0      0      0      0      0      0      0      0      0 
     0      0      0      0      0      0      0      0      0      0      0      0      0      0      0      0      0      0      0 
0 -1 -1
     0      0      0      0      0      0      0      0      0      0      0      0      0      0      0      0     20      0      0 
  6447   6635   6339   6942   6990   6548   5905   6881   7097   7113   6608   6118   6926   7405   6955   6576  12004   7571   6944 
 17236  13361     51    161   6339   6548   6635   6990   6447   6942   7113   7097   6881   6926  12004   7405   7571   6955   6944   6576   6118   6608   5905  13591  26305      0      0  65535 
     0      0      0      0      0      0      0      0      0      0      0      0      0      0      0      0      0      0      0 
     0      0      0      0      0      0      0      0      0      0      0      0      0      0      0      0      0      0      0 
     0      0      0      0      0      0      0      0      0      0      0      0      0      0      0      0      0      0      0 
0 -1 -1
     0      0      0      0      0      0      0      0      0      0      0      0      0      0      0      0     20      0      0 
  6445   6634   6339   6941   6990   6547   5905   6881   7097   7112   6608   6117   6923   7402   6955   6576  11987   7571   6943 
 17236  13361     51    161   6339   6547   6634   6990   6445   6941   7112   7097   6881   6923  11987   7402   7571   6955   6943   6576   6117   6608   5905  13570  26304      0      0  65535 
     0      0      0      0      0      0      0      0      0      0      0      0      0      0      0      0      0      0      0 
     0      0      0      0      0      0      0      0      0      0      0      0      0      0      0      0      0      0      0 
     0      0      0      0      0      0      0      0      0      0      0      0      0      0      0      0      0      0      0 
0 -1 -1
     0      0      0      0      0      0      0      0      0      0      0      0      0      0      0      0     20      0      0 
  6444   6632   6337   6939   6988   6546   5904   6879   7095   7109   6605   6115   6922   7403   6954   6574  11999   7571   6941 
 17236  13361     51    161   6337   6546   6632   6988   6444   6939   7109   7095   6879   6922  11999   7403   7571   6954   6941   6574   6115   6605   5904  13564  26304      0      1  65535 
     0      0      0      0      0      0      0      0      0      0      0      0      0      0      0      0      0      0      0 
     0      0      0      0      0      0      0      0      0      0      0      0      0      0      0      0      0      0      0 
     0      0      0      0      0      0      0      0      0      0      0      0      0      0      0      0      0      0      0 
0 -1 -1
     0      0      0      0      0      0      0      0      0      0      0      0      0      0      0      0     22      0      0 
  6443   6630   6336   6939   6985   6545   5902   6879   7093   7110   6606   6115   6922   7402   6953   6573  12081   7567   6940 
 17236  13361     51    161   6336   6545   6630   6985   6443   6939   7110   7093   6879   6922  12081   7402   7567   6953   6940   6573   6115   6606   5902  13563  26304      0      0  65535 
     0      0      0      0      0      0      0      0      0      0      0      0      0      0      0      0      0      0      0 
     0      0      0      0      0      0      0      0      0      0      0      0      0      0      0      0      0      0      0 
     0      0      0      0      0      0      0      0      0      0      0      0      0      0      0      0      0      0      0 
0 -1 -1
     0      0      0      0      0      0      0      0      0      0      0      0      0      0      0      0     23      0      0 
  6442   6631   6335   6937   6984   6544   5904   6878   7093   7110   6604   6114   6920   7400   6952   6573  12115   7564   6941 
 17236  13361     51    161   6335   6544   6631   6984   6442   6937   7110   7093   6878   6920  12115   7400   7564   6952   6941   6573   6114   6604   5904  13562  26304      0      0  65535 
     0      0      0      0      0      0      0      0      0      0      0      0      0      0      0      0      0      0      0 
     0      0      0      0      0      0      0      0      0      0      0      0      0      0      0      0      0      0      0 
     0      0      0      0      0      0      0      0      0      0      0      0      0      0      0      0      0      0      0 
0 -1 -1
     0      0      0      0      0      0      0      0      0      0      0      0      0      0      0      0     25      0      0 
  6439   6630   6336   6936   6983   6541   5903   6877   7094   7108   6603   6114   6919   7399   6950   6571  12194   7565   6938 
 17236  13361     51    161   6336   6541   6630   6983   6439   6936   7108   7094   6877   6919  12194   7399   7565   6950   6938   6571   6114   6603   5903  13560  26303      0      0  65535 
     0      0      0      0      0      0      0      0      0      0      0      0      0      0      0      0      0      0      0 
     0      0      0      0      0      0      0      0      0      0      0      0      0      0      0      0      0      0      0 
     0      0      0      0      0      0      0      0      0      0      0      0      0      0      0      0      0      0      0 
0 -1 -1
     0      0      0      0      0      0      0      0      0      0      0      0      0      0      0      0     22      0      0 
  6441   6630   6333   6935   6982   6542   5901   6876   7092   7107   6601   6111   6919   7397   6950   6571  12094   7564   6938 
 17236  13361     51    161   6333   6542   6630   6982   6441   6935   7107   7092   6876   6919  12094   7397   7564   6950   6938   6571   6111   6601   5901  13564  26303      0      0  65535 
     0      0      0      0      0      0      0      0      0      0      0      0      0      0      0      0      0      0      0 
     0      0      0      0      0      0      0      0      0      0      0      0      0      0      0      0      0      0      0 
     0      0      0      0      0      0      0      0      0      0      0      0      0      0      0      0      0      0      0 
0 -1 -1
     0      0      0      0      0      0      0      0      0      0      0      0      0      0      0      0     25      0      0 
  6439   6628   6332   6934   6981   6540   5899   6874   7090   7104   6602   6112   6917   7398   6949   6571  12195   7563   6937 
 17236  13361     51    161   6332   6540   6628   6981   6439   6934   7104   7090   6874   6917  12195   7398   7563   6949   6937   6571   6112   6602   5899  13564  26304      0      1  65535 
     0      0      0      0      0      0      0      0      0      0      0      0      0      0      0      0      0      0      0 
     0      0      0      0      0      0      0      0      0      0      0      0      0      0      0      0      0      0      0 
     0      0      0      0      0      0      0      0      0      0      0      0      0      0      0      0      0      0      0 
0 -1 -1
     0      0      0      0      0      0      0      0      0      0      0      0      0      0      0      0     23      0      0 
  6436   6626   6331   6933   6979   6539   5899   6874   7089   7104   6600   6110   6919   7396   6948   6568  12138   7561   6937 
 17236  13361     51    161   6331   6539   6626   6979   6436   6933   7104   7089   6874   6919  12138   7396   7561   6948   6937   6568   6110   6600   5899  13563  26304      1      0  65535 
     0      0      0      0      0      0      0      0      0      0      0      0      0      0      0      0      0      0      0 
     0      0      0      0      0      0      0      0      0      0      0      0      0      0      0      0      0      0      0 
     0      0      0      0      0      0      0      0      0      0      0      0      0      0      0      0      0      0      0 
0 -1 -1
     0      0      0      0      0      0      0      0      0      0      0      0      0      0      0      0     24      0      0 
  6437   6626   6331   6932   6977   6538   5898   6873   7087   7102   6599   6111   6915   7396   6946   6568  12161   7560   6936 
 17236  13361     51    161   6331   6538   6626   6977   6437   6932   7102   7087   6873   6915  12161   7396   7560   6946   6936   6568   6111   6599   5898  13562  26304      1      0  65535 
     0      0      0      0      0      0      0      0      0      0      0      0      0      0      0      0      0      0      0 
     0      0      0      0      0      0      0      0      0      0      0      0      0      0      0      0      0      0      0 
     0      0      0      0      0      0      0      0      0      0      0      0      0      0      0      0      0      0      0 
0 -1 -1
     0      0      0      0      0      0      0      0      0      0      0      0      0      0      0      0     25      0      0 
  6435   6624   6330   6931   6978   6537   5897   6871   7085   7101   6598   6107   6914   7394   6944   6568  12195   7560   6935 
 17236  13361     51    161   6330   6537   6624   6978   6435   6931   7101   7085   6871   6914  12195   7394   7560   6944   6935   6568   6107   6598   5897  13563  26304      0      0  65535 
     0      0      0      0      0      0      0      0      0      0      0      0      0      0      0      0      0      0      0 
     0      0      0      0      0      0      0      0      0      0      0      0      0      0      0      0      0      0      0 
     0      0      0      0      0      0      0      0      0      0      0      0      0      0      0      0      0      0      0 
0 -1 -1
     0      0      0      0      0      0      0      0      0      0      0      0      0      0      0      0     26      0      0 
  6436   6625   6329   6930   6976   6537   5897   6871   7085   7100   6597   6108   6914   7394   6946   6567  12271   7560   6934 
 17236  13361     51    161   6329   6537   6625   6976   6436   6930   7100   7085   6871   6914  12271   7394   7560   6946   6934   6567   6108   6597   5897  13562  26304      0      1  65535 
     0      0      0      0      0      0      0      0      0      0      0      0      0      0      0      0      0      0      0 
     0      0      0      0      0      0      0      0      0      0      0      0      0      0      0      0      0      0      0 
     0      0      0      0      0      0      0      0      0      0      0      0      0      0      0      0      0      0      0 
0 -1 -1
     0      0      0      0      0      0      0      0      0      0      0      0      0      0      0      0     26      0      0 
  6434   6624   6329   6928   6975   6538   5896   6870   7085   7099   6595   6105   6912   7392   6943   6565  12236   7558   6933 
 17236  13361     51    161   6329   6538   6624   6975   6434   6928   7099   7085   6870   6912  12236   7392   7558   6943   6933   6565   6105   6595   5896  13562  26304      0      0  65535 
     0      0      0      0      0      0      0      0      0      0      0      0      0      0      0      0      0      0      0 
     0      0      0      0      0      0      0      0      0      0      0      0      0      0      0      0      0      0      0 
     0      0      0      0      0      0      0      0      0      0      0      0      0      0      0      0      0      0      0 
0 -1 -1
     0      0      0      0      0      0      0      0      0      0      0      0      0      0      0      0     26      0      0 
  6433   6623   6329   6928   6976   6534   5894   6869   7084   7097   6594   6105   6912   7391   6942   6565  12274   7556   6931 
 17236  13361     51    161   6329   6534   6623   6976   6433   6928   7097   7084   6869   6912  12274   7391   7556   6942   6931   6565   6105   6594   5894  13562  26304      0      0  65535 
     0      0      0      0      0      0      0      0      0      0      0      0      0      0      0      0      0      0      0 
     0      0      0      0      0      0      0      0      0      0      0      0      0      0      0      0      0      0      0 
     0      0      0      0      0      0      0      0      0      0      0      0      0      0      0      0      0      0      0 
0 -1 -1
     0      0      0      0      0      0      0      0      0      0      0      0      0      0      0      0     26      0      0 
  6432   6621   6327   6926   6972   6533   5893   6867   7082   7097   6593   6105   6911   7390   6942   6563  12259   7556   6931 
 17236  13361     51    161   6327   6533   6621   6972   6432   6926   7097   7082   6867   6911  12259   7390   7556   6942   6931   6563   6105   6593   5893  13562  26303      0      0  65535 
     0      0      0      0      0      0      0      0      0      0      0      0      0      0      0      0      0      0      0 
     0      0      0      0      0      0      0      0      0      0      0      0      0      0      0      0      0      0      0 
     0      0      0      0      0      0      0      0      0      0      0      0      0      0      0      0      0      0      0 
0 -1 -1
     0      0      0      0      0      0      0      0      0      0      0      0      0      0      0      0     25      0      0 
  6431   6619   6326   6927   6972   6532   5895   6867   7082   7096   6591   6103   6910   7390   6941   6562  12205   7555   6930 
 17236  13361     51    161   6326   6532   6619   6972   6431   6927   7096   7082   6867   6910  12205   7390   7555   6941   6930   6562   6103   6591   5895  13563  26305      0      0  65535 
     0      0      0      0      0      0      0      0      0      0      0      0      0      0      0      0      0      0      0 
     0      0      0      0      0      0      0      0      0      0      0      0      0      0      0      0      0      0      0 
     0      0      0      0      0      0      0      0      0      0      0      0      0      0      0      0      0      0      0 
0 -1 -1
     0      0      0      0      0      0      0      0      0      0      0      0      0      0      0      0     27      0      0 
  6431   6619   6324   6926   6971   6533   5893   6865   7081   7095   6590   6104   6910   7387   6940   6561  12322   7554   6930 
 17236  13361     51    161   6324   6533   6619   6971   6431   6926   7095   7081   6865   6910  12322   7387   7554   6940   6930   6561   6104   6590   5893  13565  26305      1      0  65535 
     0      0      0      0      0      0      0      0      0      0      0      0      0      0      0      0      0      0      0 
     0      0      0      0      0      0      0      0      0      0      0      0      0      0      0      0      0      0      0 
     0      0      0      0      0      0      0      0      0      0      0      0      0      0      0      0      0      0      0 
0 -1 -1
     0      0      0      0      0      0      0      0      0      0      0      0      0      0      0      0     30      0      0 
  6429   6618   6323   6924   6969   6529   5891   6865   7079   7093   6590   6104   6908   7386   6938   6562  12424   7553   6928 
 17236  13361     51    161   6323   6529   6618   6969   6429   6924   7093   7079   6865   6908  12424   7386   7553   6938   6928   6562   6104   6590   5891  13567  26304      0      0  65535 
     0      0      0      0      0      0      0      0      0      0      0      0      0      0      0      0      0      0      0 
     0      0      0      0      0      0      0      0      0      0      0      0      0      0      0      0      0      0      0 
     0      0      0      0      0      0      0      0      0      0      0      0      0      0      0      0      0      0      0 
0 -1 -1
     0      0      0      0      0      0      0      0      0      0      0      0      0      0      0      0     29      0      0 
  6429   6618   6323   6923   6970   6530   5889   6864   7077   7092   6589   6102   6908   7385   6936   6560  12382   7552   6927 
 17236  13361     51    161   6323   6530   6618   6970   6429   6923   7092   7077   6864   6908  12382   7385   7552   6936   6927   6560   6102   6589   5889  13568  26304      0      0  65535 
     0      0      0      0      0      0      0      0      0      0      0      0      0      0      0      0      0      0      0 
     0      0      0      0      0      0      0      0      0      0      0      0      0      0      0      0      0      0      0 
     0      0      0      0      0      0      0      0      0      0      0      0      0      0      0      0      0      0      0 
0 -1 -1
     0      0      0      0      0      0      0      0      0      0      0      0      0      0      0      0     29      0      0 
  6431   6617   6324   6922   6966   6529   5888   6864   7078   7091   6589   6102   6907   7385   6937   6560  12410   7553   6926 
 17236  13361     51    162   6324   6529   6617   6966   6431   6922   7091   7078   6864   6907  12410   7385   7553   6937   6926   6560   6102   6589   5888  13568  26305      0      0  65535 
     0      0      0      0      0      0      0      0      0      0      0      0      0      0      0      0      0      0      0 
     0      0      0      0      0      0      0      0      0      0      0      0      0      0      0      0      0      0      0 
     0      0      0      0      0      0      0      0      0      0      0      0      0      0      0      0      0      0      0 
0 -1 -1
     0      0      0      0      0      0      0      0      0      0      0      0      0      0      0      0     29      0      0 
  6427   6615   6321   6921   6966   6527   5889   6862   7076   7091   6587   6100   6905   7382   6935   6558  12385   7552   6926 
 17236  13361     51    161   6321   6527   6615   6966   6427   6921   7091   7076   6862   6905  12385   7382   7552   6935   6926   6558   6100   6587   5889  13601  26305      0      0  65535 
     0      0      0      0      0      0      0      0      0      0      0      0      0      0      0      0      0      0      0 
     0      0      0      0      0      0      0      0      0      0      0      0      0      0      0      0      0      0      0 
     0      0      0      0      0      0      0      0      0      0      0      0      0      0      0      0      0      0      0 
0 -1 -1
     0      0      0      0      0      0      0      0      0      0      0      0      0      0      0      0     27      0      0 
  6426   6614   6321   6920   6966   6526   5888   6862   7075   7089   6586   6099   6904   7384   6934   6558  12293   7555   6925 
 17236  13361     51    161   6321   6526   6614   6966   6426   6920   7089   7075   6862   6904  12293   7384   7555   6934   6925   6558   6099   6586   5888  13582  26305      0      0  65535 
     0      0      0      0      0      0      0      0      0      0      0      0      0      0      0      0      0      0      0 
     0      0      0      0      0      0      0      0      0      0      0      0      0      0      0      0      0      0      0 
     0      0      0      0      0      0      0      0      0      0      0      0      0      0      0      0      0      0      0 
0 -1 -1
     0      0      0      0      0      0      0      0      0      0      0      0      0      0      0      0     26      0      0 
  6426   6613   6320   6919   6967   6526   5886   6859   7075   7090   6587   6098   6903   7383   6935   6556  12261   7560   6924 
 17236  13361     51    161   6320   6526   6613   6967   6426   6919   7090   7075   6859   6903  12261   7383   7560   6935   6924   6556   6098   6587   5886  13567  26305      1      0  65535 
     0      0      0      0      0      0      0      0      0      0      0      0      0      0      0      0      0      0      0 
     0      0      0      0      0      0      0      0      0      0      0      0      0      0      0      0      0      0      0 
     0      0      0      0      0      0      0      0      0      0      0      0      0      0      0      0      0      0      0 
0 -1 -1
