     5    109     16     10     32    142     16      9     39    255     49     15     13    117     62     16      0     41     15 
  6382  11010   6747   7145   7344   9992   6261   7223   7740  15430   7534   6337   7152   9783   8115   7017  11456   9085   7615 
 17236  13361     51    161   6747   9992  11010   7344   6382   7145  15430   7740   7223   7152  11456   9783   9085   8115   7615   7017   6337   7534   6261  13565  26305      0      0  65535 
     0      0      0      0      0      0      0      0      0      0      0      0      0      0      0      0      0      0      0 
     0      0      0      0      0      0      0      0      0      0      0      0      0      0      0      0      0      0      0 
     0      0      0      0      0      0      0      0      0      0      0      0      0      0      0      0      0      0      0 
0 -1 -1
     5    121     19     11     36    160     18     10     44    255     56     17     15    135     71     17      0     47     16 
  6418  11524   6852   7208   7445  10471   6353   7298   7876  16391   7715   6406   7214  10227   8326   7119  11855   9375   7740 
 17236  13361     51    161   6852  10471  11524   7445   6418   7208  16391   7876   7298   7214  11855  10227   9375   8326   7740   7119   6406   7715   6353  13565  26306      0      0  65535 
     0      0      0      0      0      0      0      0      0      0      0      0      0      0      0      0      0      0      0 
     0      0      0      0      0      0      0      0      0      0      0      0      0      0      0      0      0      0      0 
     0      0      0      0      0      0      0      0      0      0      0      0      0      0      0      0      0      0      0 
0 -1 -1
     6    129     20     12     38    171     19     11     47    255     59     18     16    146     75     19      0     51     18 
  6441  11847   6923   7252   7505  10771   6409   7341   7957  16982   7804   6446   7251  10480   8437   7180  11954   9534   7807 
 17236  13361     51    161   6923  10771  11847   7505   6441   7252  16982   7957   7341   7251  11954  10480   9534   8437   7807   7180   6446   7804   6409  13566  26304      0      0  65535 
     0      0      0      0      0      0      0      0      0      0      0      0      0      0      0      0      0      0      0 
     0      0      0      0      0      0      0      0      0      0      0      0      0      0      0      0      0      0      0 
     0      0      0      0      0      0      0      0      0      0      0      0      0      0      0      0      0      0      0 
0 -1 -1
     6    133     21     13     39    178     20     11     49    255     62     19     16    153     78     20      0     54     18 
  6457  12029   6969   7282   7543  10941   6451   7371   8009  17358   7878   6477   7271  10657   8516   7230  12042   9659   7862 
 17236  13361     51    161   6969  10941  12029   7543   6457   7282  17358   8009   7371   7271  12042  10657   9659   8516   7862   7230   6477   7878   6451  13566  26304      0      0  65535 
     0      0      0      0      0      0      0      0      0      0      0      0      0      0      0      0      0      0      0 
     0      0      0      0      0      0      0      0      0      0      0      0      0      0      0      0      0      0      0 
     0      0      0      0      0      0      0      0      0      0      0      0      0      0      0      0      0      0      0 
0 -1 -1
     6    139     22     13     42    187     21     12     52    255     65     21     17    162     83     21      0     57     19 
  6479  12281   7030   7323   7602  11177   6505   7412   8081  17825   7966   6523   7310  10874   8621   7296  11999   9816   7931 
 17236  13361     51    161   7030  11177  12281   7602   6479   7323  17825   8081   7412   7310  11999  10874   9816   8621   7931   7296   6523   7966   6505  13565  26304      0      0  65535 
     0      0      0      0      0      0      0      0      0      0      0      0      0      0      0      0      0      0      0 
     0      0      0      0      0      0      0      0      0      0      0      0      0      0      0      0      0      0      0 
     0      0      0      0      0      0      0      0      0      0      0      0      0      0      0      0      0      0      0 
0 -1 -1
     6    143     23     14     43    193     22     12     54    255     67     22     18    169     85     22      0     59     20 
  6494  12460   7073   7351   7640  11346   6545   7439   8137  18158   8026   6550   7341  11024   8682   7341  12022   9926   7977 
 17236  13361     51    161   7073  11346  12460   7640   6494   7351  18158   8137   7439   7341  12022  11024   9926   8682   7977   7341   6550   8026   6545  13585  26304      0      0  65535 
     0      0      0      0      0      0      0      0      0      0      0      0      0      0      0      0      0      0      0 
     0      0      0      0      0      0      0      0      0      0      0      0      0      0      0      0      0      0      0 
     0      0      0      0      0      0      0      0      0      0      0      0      0      0      0      0      0      0      0 
0 -1 -1
     7    146     24     14     44    198     23     13     56    255     69     22     19    174     88     23      0     61     21 
  6507  12603   7101   7372   7670  11473   6580   7463   8179  18439   8081   6580   7371  11152   8747   7383  11960  10009   8019 
 17236  13361     51    160   7101  11473  12603   7670   6507   7372  18439   8179   7463   7371  11960  11152  10009   8747   8019   7383   6580   8081   6580  13625  26305      0      0  65535 
     0      0      0      0      0      0      0      0      0      0      0      0      0      0      0      0      0      0      0 
     0      0      0      0      0      0      0      0      0      0      0      0      0      0      0      0      0      0      0 
     0      0      0      0      0      0      0      0      0      0      0      0      0      0      0      0      0      0      0 
0 -1 -1
     7    151     25     15     47    205     24     13     58    255     72     24     20    181     92     24      0     64     22 
  6527  12819   7152   7409   7723  11674   6629   7499   8242  18827   8161   6619   7406  11331   8845   7436  12162  10144   8077 
 17236  13361     51    160   7152  11674  12819   7723   6527   7409  18827   8242   7499   7406  12162  11331  10144   8845   8077   7436   6619   8161   6629  13566  26305      0      1  65535 
     0      0      0      0      0      0      0      0      0      0      0      0      0      0      0      0      0      0      0 
     0      0      0      0      0      0      0      0      0      0      0      0      0      0      0      0      0      0      0 
     0      0      0      0      0      0      0      0      0      0      0      0      0      0      0      0      0      0      0 
0 -1 -1
     7    155     26     15     48    212     25     14     60    255     75     25     20    189     96     25      0     67     23 
  6545  13007   7211   7444   7771  11863   6676   7537   8302  19207   8243   6659   7446  11507   8945   7494  12149  10298   8146 
 17236  13361     51    160   7211  11863  13007   7771   6545   7444  19207   8302   7537   7446  12149  11507  10298   8945   8146   7494   6659   8243   6676  13565  26304      0      0  65535 
     0      0      0      0      0      0      0      0      0      0      0      0      0      0      0      0      0      0      0 
     0      0      0      0      0      0      0      0      0      0      0      0      0      0      0      0      0      0      0 
     0      0      0      0      0      0      0      0      0      0      0      0      0      0      0      0      0      0      0 
0 -1 -1
     8    160     28     16     51    221     27     14     63    255     79     26     22    197    100     26      0     71     24 
  6568  13227   7280   7482   7829  12106   6737   7582   8379  19669   8346   6709   7492  11697   9062   7564  12153  10483   8234 
 17236  13361     51    160   7280  12106  13227   7829   6568   7482  19669   8379   7582   7492  12153  11697  10483   9062   8234   7564   6709   8346   6737  13565  26304      0      0  65535 
     0      0      0      0      0      0      0      0      0      0      0      0      0      0      0      0      0      0      0 
     0      0      0      0      0      0      0      0      0      0      0      0      0      0      0      0      0      0      0 
     0      0      0      0      0      0      0      0      0      0      0      0      0      0      0      0      0      0      0 
0 -1 -1
     8    169     30     17     55    237     30     16     69    255     86     29     24    213    109     29      0     79     27 
  6609  13619   7407   7559   7929  12532   6854   7675   8517  20460   8534   6800   7581  12086   9280   7703  12103  10824   8395 
 17236  13361     51    160   7407  12532  13619   7929   6609   7559  20460   8517   7675   7581  12103  12086  10824   9280   8395   7703   6800   8534   6854  13569  26304      0      0  65535 
     0      0      0      0      0      0      0      0      0      0      0      0      0      0      0      0      0      0      0 
     0      0      0      0      0      0      0      0      0      0      0      0      0      0      0      0      0      0      0 
     0      0      0      0      0      0      0      0      0      0      0      0      0      0      0      0      0      0      0 
0 -1 -1
     9    179     33     19     59    254     32     17     74    255     92     32     26    229    118     31      0     87     29 
  6647  14030   7534   7642   8038  12983   6966   7780   8666  21304   8717   6890   7676  12470   9500   7838  12013  11187   8557 
 17236  13361     51    160   7534  12983  14030   8038   6647   7642  21304   8666   7780   7676  12013  12470  11187   9500   8557   7838   6890   8717   6966  13575  26305      0      0  65535 
     0      0      0      0      0      0      0      0      0      0      0      0      0      0      0      0      0      0      0 
     0      0      0      0      0      0      0      0      0      0      0      0      0      0      0      0      0      0      0 
     0      0      0      0      0      0      0      0      0      0      0      0      0      0      0      0      0      0      0 
0 -1 -1
     9    186     35     20     62    255     34     18     78    255     97     34     28    240    124     33      0     92     31 
  6684  14325   7616   7704   8119  13298   7052   7852   8776  21922   8848   6958   7751  12735   9655   7946  12054  11449   8683 
 17236  13361     51    160   7616  13298  14325   8119   6684   7704  21922   8776   7852   7751  12054  12735  11449   9655   8683   7946   6958   8848   7052  13565  26304      0      0  65535 
     0      0      0      0      0      0      0      0      0      0      0      0      0      0      0      0      0      0      0 
     0      0      0      0      0      0      0      0      0      0      0      0      0      0      0      0      0      0      0 
     0      0      0      0      0      0      0      0      0      0      0      0      0      0      0      0      0      0      0 
0 -1 -1
    10    190     36     21     64    255     35     19     80    255     99     34     29    244    126     34      0     94     32 
  6703  14525   7663   7738   8163  13443   7092   7888   8831  22215   8904   6988   7784  12827   9713   7992  11904  11542   8729 
 17236  13361     51    160   7663  13443  14525   8163   6703   7738  22215   8831   7888   7784  11904  12827  11542   9713   8729   7992   6988   8904   7092  13564  26304      0      0  65535 
     0      0      0      0      0      0      0      0      0      0      0      0      0      0      0      0      0      0      0 
     0      0      0      0      0      0      0      0      0      0      0      0      0      0      0      0      0      0      0 
     0      0      0      0      0      0      0      0      0      0      0      0      0      0      0      0      0      0      0 
0 -1 -1
    10    195     37     21     66    255     36     20     83    255    102     36     30    251    131     35      0     98     33 
  6730  14741   7726   7779   8223  13625   7150   7939   8897  22575   8993   7033   7831  12990   9829   8056  12134  11711   8816 
 17236  13361     51    160   7726  13625  14741   8223   6730   7779  22575   8897   7939   7831  12134  12990  11711   9829   8816   8056   7033   8993   7150  13561  26304      0      0  65535 
     0      0      0      0      0      0      0      0      0      0      0      0      0      0      0      0      0      0      0 
     0      0      0      0      0      0      0      0      0      0      0      0      0      0      0      0      0      0      0 
     0      0      0      0      0      0      0      0      0      0      0      0      0      0      0      0      0      0      0 
0 -1 -1
    11    198     38     22     68    255     38     20     85    255    105     37     31    255    135     37      1    102     34 
  6754  14864   7773   7813   8266  13792   7196   7987   8954  22905   9071   7075   7882  13148   9919   8123  12199  11906   8911 
 17236  13361     51    160   7773  13792  14864   8266   6754   7813  22905   8954   7987   7882  12199  13148  11906   9919   8911   8123   7075   9071   7196  13557  26304      0      0  65535 
     0      0      0      0      0      0      0      0      0      0      0      0      0      0      0      0      0      0      0 
     0      0      0      0      0      0      0      0      0      0      0      0      0      0      0      0      0      0      0 
     0      0      0      0      0      0      0      0      0      0      0      0      0      0      0      0      0      0      0 
0 -1 -1
    11    201     39     23     70    255     38     21     88    255    108     38     32    255    138     38      2    106     36 
  6774  14992   7827   7842   8311  13959   7236   8032   9018  23226   9143   7115   7930  13295  10011   8188  12246  12086   8996 
 17236  13361     51    160   7827  13959  14992   8311   6774   7842  23226   9018   8032   7930  12246  13295  12086  10011   8996   8188   7115   9143   7236  13555  26304      0      0  65535 
     0      0      0      0      0      0      0      0      0      0      0      0      0      0      0      0      0      0      0 
     0      0      0      0      0      0      0      0      0      0      0      0      0      0      0      0      0      0      0 
     0      0      0      0      0      0      0      0      0      0      0      0      0      0      0      0      0      0      0 
0 -1 -1
    11    202     40     23     70    255     39     21     89    255    109     38     32    255    139     38      0    108     36 
  6784  15029   7845   7853   8326  14017   7246   8044   9044  23356   9160   7125   7947  13339  10031   8209  12106  12152   9023 
 17236  13361     51    159   7845  14017  15029   8326   6784   7853  23356   9044   8044   7947  12106  13339  12152  10031   9023   8209   7125   9160   7246  13558  26304      0      0  65535 
     0      0      0      0      0      0      0      0      0      0      0      0      0      0      0      0      0      0      0 
     0      0      0      0      0      0      0      0      0      0      0      0      0      0      0      0      0      0      0 
     0      0      0      0      0      0      0      0      0      0      0      0      0      0      0      0      0      0      0 
0 -1 -1
    11    198     38     22     68    255     37     21     87    255    105     37     32    255    135     37      0    105     35 
  6755  14849   7777   7813   8276  13844   7181   7994   8993  23105   9071   7074   7910  13188   9919   8143  11581  12012   8956 
 17236  13361     51    159   7777  13844  14849   8276   6755   7813  23105   8993   7994   7910  11581  13188  12012   9919   8956   8143   7074   9071   7181  13558  26305      0      0  65535 
     0      0      0      0      0      0      0      0      0      0      0      0      0      0      0      0      0      0      0 
     0      0      0      0      0      0      0      0      0      0      0      0      0      0      0      0      0      0      0 
     0      0      0      0      0      0      0      0      0      0      0      0      0      0      0      0      0      0      0 
0 -1 -1
     9    187     34     20     63    255     34     19     81    255     97     33     29    242    124     34      0     96     32 
  6682  14390   7592   7707   8134  13366   7029   7866   8840  22370   8855   6950   7796  12783   9649   7971  10754  11616   8764 
 17236  13361     51    160   7592  13366  14390   8134   6682   7707  22370   8840   7866   7796  10754  12783  11616   9649   8764   7971   6950   8855   7029  13558  26305      0      0  65535 
     0      0      0      0      0      0      0      0      0      0      0      0      0      0      0      0      0      0      0 
     0      0      0      0      0      0      0      0      0      0      0      0      0      0      0      0      0      0      0 
     0      0      0      0      0      0      0      0      0      0      0      0      0      0      0      0      0      0      0 
0 -1 -1
     7    164     27     16     51    229     27     15     68    255     82     26     23    205    101     27      0     78     26 
  6550  13367   7230   7493   7835  12311   6742   7615   8507  20708   8432   6711   7566  11891   9089   7637  10253  10795   8365 
 17236  13361     51    160   7230  12311  13367   7835   6550   7493  20708   8507   7615   7566  10253  11891  10795   9089   8365   7637   6711   8432   6742  13558  26305      0      0  65535 
     0      0      0      0      0      0      0      0      0      0      0      0      0      0      0      0      0      0      0 
     0      0      0      0      0      0      0      0      0      0      0      0      0      0      0      0      0      0      0 
     0      0      0      0      0      0      0      0      0      0      0      0      0      0      0      0      0      0      0 
0 -1 -1
     6    143     21     13     42    197     22     12     59    255     71     22     20    178     86     23      0     67     22 
  6458  12467   6961   7336   7604  11452   6543   7449   8260  19390   8132   6560   7420  11254   8709   7417  10208  10278   8118 
 17236  13361     51    161   6961  11452  12467   7604   6458   7336  19390   8260   7449   7420  10208  11254  10278   8709   8118   7417   6560   8132   6543  13558  26304      0      1  65535 
     0      0      0      0      0      0      0      0      0      0      0      0      0      0      0      0      0      0      0 
     0      0      0      0      0      0      0      0      0      0      0      0      0      0      0      0      0      0      0 
     0      0      0      0      0      0      0      0      0      0      0      0      0      0      0      0      0      0      0 
0 -1 -1
     5    125     16     11     34    168     19     10     50    255     60     18     17    152     72     19      0     56     19 
  6381  11664   6750   7205   7411  10672   6377   7305   8037  18127   7849   6434   7293  10633   8368   7222  10385   9793   7889 
 17236  13361     51    161   6750  10672  11664   7411   6381   7205  18127   8037   7305   7293  10385  10633   9793   8368   7889   7222   6434   7849   6377  13557  26304      0      1  65535 
     0      0      0      0      0      0      0      0      0      0      0      0      0      0      0      0      0      0      0 
     0      0      0      0      0      0      0      0      0      0      0      0      0      0      0      0      0      0      0 
     0      0      0      0      0      0      0      0      0      0      0      0      0      0      0      0      0      0      0 
0 -1 -1
     4    103     12      9     26    134     14      8     41    255     48     14     13    118     55     15      0     43     14 
  6310  10736   6543   7069   7214   9768   6190   7154   7775  16491   7500   6294   7142   9822   7941   6992  11143   9180   7607 
 17236  13361     51    161   6543   9768  10736   7214   6310   7069  16491   7775   7154   7142  11143   9822   9180   7941   7607   6992   6294   7500   6190  13557  26304      0      0  65535 
     0      0      0      0      0      0      0      0      0      0      0      0      0      0      0      0      0      0      0 
     0      0      0      0      0      0      0      0      0      0      0      0      0      0      0      0      0      0      0 
     0      0      0      0      0      0      0      0      0      0      0      0      0      0      0      0      0      0      0 
0 -1 -1
     2     74      8      6     18     92      9      5     28    255     32      9      9     74     35     10      0     28     10 
  6237   9485   6334   6926   6999   8638   5981   6978   7454  14258   7075   6139   6970   8764   7443   6734  11363   8477   7290 
 17236  13361     51    162   6334   8638   9485   6999   6237   6926  14258   7454   6978   6970  11363   8764   8477   7443   7290   6734   6139   7075   5981  13557  26305      0      0  65535 
     0      0      0      0      0      0      0      0      0      0      0      0      0      0      0      0      0      0      0 
     0      0      0      0      0      0      0      0      0      0      0      0      0      0      0      0      0      0      0 
     0      0      0      0      0      0      0      0      0      0      0      0      0      0      0      0      0      0      0 
0 -1 -1
     1     36      3      3     10     42      5      3     15    186     16      5      5     27     17      5      0     13      5 
  6160   7799   6130   6769   6788   7295   5783   6796   7094  11059   6644   5985   6788   7631   6983   6489  11374   7788   6985 
 17236  13361     51    162   6130   7295   7799   6788   6160   6769  11059   7094   6796   6788  11374   7631   7788   6983   6985   6489   5985   6644   5783  13560  26305      0      0  65535 
     0      0      0      0      0      0      0      0      0      0      0      0      0      0      0      0      0      0      0 
     0      0      0      0      0      0      0      0      0      0      0      0      0      0      0      0      0      0      0 
     0      0      0      0      0      0      0      0      0      0      0      0      0      0      0      0      0      0      0 
0 -1 -1
     1     23      2      2      7     27      3      2     11    134     11      3      3     16     12      4      0      9      3 
  6134   7235   6073   6719   6725   6887   5722   6737   6985   9837   6507   5934   6729   7364   6858   6411  11358   7594   6889 
 17236  13361     51    162   6073   6887   7235   6725   6134   6719   9837   6985   6737   6729  11358   7364   7594   6858   6889   6411   5934   6507   5722  13560  26305      0      0  65535 
     0      0      0      0      0      0      0      0      0      0      0      0      0      0      0      0      0      0      0 
     0      0      0      0      0      0      0      0      0      0      0      0      0      0      0      0      0      0      0 
     0      0      0      0      0      0      0      0      0      0      0      0      0      0      0      0      0      0      0 
0 -1 -1
     0      6      1      1      3     10      1      0      5     48      4      1      1      6      5      2      0      3      1 
  6100   6510   6016   6645   6627   6438   5638   6649   6831   7836   6326   5862   6645   7132   6689   6300  11568   7339   6750 
 17236  13361     51    162   6016   6438   6510   6627   6100   6645   7836   6831   6649   6645  11568   7132   7339   6689   6750   6300   5862   6326   5638  13562  26304      0      1  65535 
     0      0      0      0      0      0      0      0      0      0      0      0      0      0      0      0      0      0      0 
     0      0      0      0      0      0      0      0      0      0      0      0      0      0      0      0      0      0      0 
     0      0      0      0      0      0      0      0      0      0      0      0      0      0      0      0      0      0      0 
0 -1 -1
     0      0      0      0      1      2      0      0      1      5      0      0      0      1      1      0      0      0      0 
  6065   6261   5976   6577   6559   6209   5571   6576   6725   6832   6210   5798   6580   7008   6575   6221  11687   7201   6642 
 17236  13361     51    162   5976   6209   6261   6559   6065   6577   6832   6725   6576   6580  11687   7008   7201   6575   6642   6221   5798   6210   5571  13563  26303      1      1  65535 
     0      0      0      0      0      0      0      0      0      0      0      0      0      0      0      0      0      0      0 
     0      0      0      0      0      0      0      0      0      0      0      0      0      0      0      0      0      0      0 
     0      0      0      0      0      0      0      0      0      0      0      0      0      0      0      0      0      0      0 
0 -1 -1
     0      0      0      0      0      0      0      0      0      0      0      0      0      0      0      0      0      0      0 
  6032   6203   5945   6518   6520   6110   5521   6502   6659   6669   6165   5745   6521   6949   6510   6162  11910   7136   6558 
 17236  13361     51    163   5945   6110   6203   6520   6032   6518   6669   6659   6502   6521  11910   6949   7136   6510   6558   6162   5745   6165   5521  13565  26304      0      0  65535 
     0      0      0      0      0      0      0      0      0      0      0      0      0      0      0      0      0      0      0 
     0      0      0      0      0      0      0      0      0      0      0      0      0      0      0      0      0      0      0 
     0      0      0      0      0      0      0      0      0      0      0      0      0      0      0      0      0      0      0 
0 -1 -1
     0      0      0      0      0      0      0      0      0      0      0      0      0      0      0      0      0      0      0 
  6023   6197   5939   6496   6510   6094   5507   6461   6643   6643   6153   5716   6488   6936   6489   6140  11894   7114   6525 
 17236  13361     51    163   5939   6094   6197   6510   6023   6496   6643   6643   6461   6488  11894   6936   7114   6489   6525   6140   5716   6153   5507  13563  26304      0      0  65535 
     0      0      0      0      0      0      0      0      0      0      0      0      0      0      0      0      0      0      0 
     0      0      0      0      0      0      0      0      0      0      0      0      0      0      0      0      0      0      0 
     0      0      0      0      0      0      0      0      0      0      0      0      0      0      0      0      0      0      0 
0 -1 -1
     0      0      0      0      0      0      0      0      0      0      0      0      0      0      0      0      0      0      0 
  6021   6195   5936   6494   6508   6090   5504   6454   6636   6637   6143   5706   6479   6935   6484   6135  11843   7108   6509 
 17236  13361     51    163   5936   6090   6195   6508   6021   6494   6637   6636   6454   6479  11843   6935   7108   6484   6509   6135   5706   6143   5504  13579  26304      0      1  65535 
     0      0      0      0      0      0      0      0      0      0      0      0      0      0      0      0      0      0      0 
     0      0      0      0      0      0      0      0      0      0      0      0      0      0      0      0      0      0      0 
     0      0      0      0      0      0      0      0      0      0      0      0      0      0      0      0      0      0      0 
0 -1 -1
     0      0      0      0      0      0      0      0      0      0      0      0      0      0      0      0      0      0      0 
  6022   6194   5937   6493   6509   6089   5502   6454   6635   6635   6143   5705   6480   6934   6485   6134  11780   7107   6509 
 17236  13361     51    163   5937   6089   6194   6509   6022   6493   6635   6635   6454   6480  11780   6934   7107   6485   6509   6134   5705   6143   5502  13579  26305      1      0  65535 
     0      0      0      0      0      0      0      0      0      0      0      0      0      0      0      0      0      0      0 
     0      0      0      0      0      0      0      0      0      0      0      0      0      0      0      0      0      0      0 
     0      0      0      0      0      0      0      0      0      0      0      0      0      0      0      0      0      0      0 
0 -1 -1
     0      0      0      0      0      0      0      0      0      0      0      0      0      0      0      0      0      0      0 
  6021   6193   5937   6492   6507   6089   5504   6454   6636   6634   6142   5705   6479   6934   6483   6134  11783   7105   6507 
 17236  13361     51    163   5937   6089   6193   6507   6021   6492   6634   6636   6454   6479  11783   6934   7105   6483   6507   6134   5705   6142   5504  13564  26304      0      0  65535 
     0      0      0      0      0      0      0      0      0      0      0      0      0      0      0      0      0      0      0 
     0      0      0      0      0      0      0      0      0      0      0      0      0      0      0      0      0      0      0 
     0      0      0      0      0      0      0      0      0      0      0      0      0      0      0      0      0      0      0 
0 -1 -1
     0      0      0      0      0      0      0      0      0      0      0      0      0      0      0      0      0      0      0 
  6020   6194   5935   6492   6507   6089   5502   6454   6634   6633   6141   5705   6479   6931   6482   6132  11777   7105   6506 
 17236  13361     51    162   5935   6089   6194   6507   6020   6492   6633   6634   6454   6479  11777   6931   7105   6482   6506   6132   5705   6141   5502  13565  26304      0      0  65535 
     0      0      0      0      0      0      0      0      0      0      0      0      0      0      0      0      0      0      0 
     0      0      0      0      0      0      0      0      0      0      0      0      0      0      0      0      0      0      0 
     0      0      0      0      0      0      0      0      0      0      0      0      0      0      0      0      0      0      0 
0 -1 -1
     0      0      0      0      0      0      0      0      0      0      0      0      0      0      0      0      0      0      0 
  6020   6193   5935   6490   6505   6088   5502   6453   6634   6633   6140   5704   6479   6931   6483   6133  11805   7105   6506 
 17236  13361     51    163   5935   6088   6193   6505   6020   6490   6633   6634   6453   6479  11805   6931   7105   6483   6506   6133   5704   6140   5502  13565  26304      0      0  65535 
     0      0      0      0      0      0      0      0      0      0      0      0      0      0      0      0      0      0      0 
     0      0      0      0      0      0      0      0      0      0      0      0      0      0      0      0      0      0      0 
     0      0      0      0      0      0      0      0      0      0      0      0      0      0      0      0      0      0      0 
0 -1 -1
     0      0      0      0      0      0      0      0      0      0      0      0      0      0      0      0      0      0      0 
  6020   6193   5936   6490   6507   6087   5502   6453   6633   6630   6140   5704   6477   6932   6482   6131  11783   7104   6505 
 17236  13361     51    163   5936   6087   6193   6507   6020   6490   6630   6633   6453   6477  11783   6932   7104   6482   6505   6131   5704   6140   5502  13564  26305      0      0  65535 
     0      0      0      0      0      0      0      0      0      0      0      0      0      0      0      0      0      0      0 
     0      0      0      0      0      0      0      0      0      0      0      0      0      0      0      0      0      0      0 
     0      0      0      0      0      0      0      0      0      0      0      0      0      0      0      0      0      0      0 
0 -1 -1
     0      0      0      0      0      0      0      0      0      0      0      0      0      0      0      0      0      0      0 
  6019   6192   5937   6489   6505   6088   5502   6452   6633   6632   6140   5705   6477   6931   6481   6131  11769   7103   6504 
 17236  13361     51    163   5937   6088   6192   6505   6019   6489   6632   6633   6452   6477  11769   6931   7103   6481   6504   6131   5705   6140   5502  13564  26305      0      0  65535 
     0      0      0      0      0      0      0      0      0      0      0      0      0      0      0      0      0      0      0 
     0      0      0      0      0      0      0      0      0      0      0      0      0      0      0      0      0      0      0 
     0      0      0      0      0      0      0      0      0      0      0      0      0      0      0      0      0      0      0 
0 -1 -1
     0      0      0      0      0      0      0      0      0      0      0      0      0      0      0      0      0      0      0 
  6019   6192   5936   6490   6504   6088   5502   6450   6631   6632   6139   5704   6477   6929   6480   6131  11826   7103   6506 
 17236  13361     51    162   5936   6088   6192   6504   6019   6490   6632   6631   6450   6477  11826   6929   7103   6480   6506   6131   5704   6139   5502  13564  26304      0      0  65535 
     0      0      0      0      0      0      0      0      0      0      0      0      0      0      0      0      0      0      0 
     0      0      0      0      0      0      0      0      0      0      0      0      0      0      0      0      0      0      0 
     0      0      0      0      0      0      0      0      0      0      0      0      0      0      0      0      0      0      0 
0 -1 -1
     0      0      0      0      0      0      0      0      0      0      0      0      0      0      0      0      0      0      0 
  6018   6193   5935   6490   6505   6087   5499   6451   6633   6629   6139   5703   6475   6929   6480   6130  11805   7102   6505 
 17236  13361     51    163   5935   6087   6193   6505   6018   6490   6629   6633   6451   6475  11805   6929   7102   6480   6505   6130   5703   6139   5499  13562  26304      0      0  65535 
     0      0      0      0      0      0      0      0      0      0      0      0      0      0      0      0      0      0      0 
     0      0      0      0      0      0      0      0      0      0      0      0      0      0      0      0      0      0      0 
     0      0      0      0      0      0      0      0      0      0      0      0      0      0      0      0      0      0      0 
0 -1 -1
     0      0      0      0      0      0      0      0      0      0      0      0      0      0      0      0      0      0      0 
  6018   6192   5935   6489   6504   6086   5501   6451   6631   6629   6140   5702   6475   6930   6480   6130  11842   7102   6506 
 17236  13361     51    163   5935   6086   6192   6504   6018   6489   6629   6631   6451   6475  11842   6930   7102   6480   6506   6130   5702   6140   5501  13564  26304      0      0  65535 
     0      0      0      0      0      0      0      0      0      0      0      0      0      0      0      0      0      0      0 
     0      0      0      0      0      0      0      0      0      0      0      0      0      0      0      0      0      0      0 
     0      0      0      0      0      0      0      0      0      0      0      0      0      0      0      0      0      0      0 
0 -1 -1
     0      0      0      0      0      0      0      0      0      0      0      0      0      0      0      0      0      0      0 
  6019   6191   5934   6489   6505   6087   5499   6450   6631   6630   6140   5702   6475   6930   6479   6130  11867   7101   6504 
 17236  13361     51    163   5934   6087   6191   6505   6019   6489   6630   6631   6450   6475  11867   6930   7101   6479   6504   6130   5702   6140   5499  13566  26304      0      0  65535 
     0      0      0      0      0      0      0      0      0      0      0      0      0      0      0      0      0      0      0 
     0      0      0      0      0      0      0      0      0      0      0      0      0      0      0      0      0      0      0 
     0      0      0      0      0      0      0      0      0      0      0      0      0      0      0      0      0      0      0 
0 -1 -1
     0      0      0      0      0      0      0      0      0      0      0      0      0      0      0      0      0      0      0 
  6019   6191   5935   6489   6504   6085   5500   6451   6630   6628   6138   5701   6475   6929   6479   6130  11807   7102   6503 
 17236  13361     51    162   5935   6085   6191   6504   6019   6489   6628   6630   6451   6475  11807   6929   7102   6479   6503   6130   5701   6138   5500  13566  26304      0      0  65535 
     0      0      0      0      0      0      0      0      0      0      0      0      0      0      0      0      0      0      0 
     0      0      0      0      0      0      0      0      0      0      0      0      0      0      0      0      0      0      0 
     0      0      0      0      0      0      0      0      0      0      0      0      0      0      0      0      0      0      0 
0 -1 -1
     0      0      0      0      0      0      0      0      0      0      0      0      0      0      0      0      0      0      0 
  6017   6191   5933   6489   6502   6085   5498   6453   6629   6629   6138   5701   6473   6927   6479   6129  11836   7101   6502 
 17236  13361     51    162   5933   6085   6191   6502   6017   6489   6629   6629   6453   6473  11836   6927   7101   6479   6502   6129   5701   6138   5498  13567  26305      0      0  65535 
     0      0      0      0      0      0      0      0      0      0      0      0      0      0      0      0      0      0      0 
     0      0      0      0      0      0      0      0      0      0      0      0      0      0      0      0      0      0      0 
     0      0      0      0      0      0      0      0      0      0      0      0      0      0      0      0      0      0      0 
0 -1 -1
     0      0      0      0      0      0      0      0      0      0      0      0      0      0      0      0      0      0      0 
  6016   6190   5934   6488   6503   6084   5498   6449   6631   6627   6136   5700   6474   6927   6477   6127  11820   7099   6502 
 17236  13361     51    163   5934   6084   6190   6503   6016   6488   6627   6631   6449   6474  11820   6927   7099   6477   6502   6127   5700   6136   5498  13567  26304      0      0  65535 
     0      0      0      0      0      0      0      0      0      0      0      0      0      0      0      0      0      0      0 
     0      0      0      0      0      0      0      0      0      0      0      0      0      0      0      0      0      0      0 
     0      0      0      0      0      0      0      0      0      0      0      0      0      0      0      0      0      0      0 
0 -1 -1
     0      0      0      0      0      0      0      0      0      0      0      0      0      0      0      0      0      0      0 
  6016   6190   5934   6487   6502   6085   5499   6449   6628   6626   6137   5701   6473   6927   6477   6128  11834   7099   6502 
 17236  13361     51    162   5934   6085   6190   6502   6016   6487   6626   6628   6449   6473  11834   6927   7099   6477   6502   6128   5701   6137   5499  13561  26304      0      1  65535 
     0      0      0      0      0      0      0      0      0      0      0      0      0      0      0      0      0      0      0 
     0      0      0      0      0      0      0      0      0      0      0      0      0      0      0      0      0      0      0 
     0      0      0      0      0      0      0      0      0      0      0      0      0      0      0      0      0      0      0 
0 -1 -1
     0      0      0      0      0      0      0      0      0      0      0      0      0      0      0      0      0      0      0 
  6016   6189   5933   6485   6502   6083   5497   6449   6630   6626   6137   5700   6472   6926   6477   6128  11832   7098   6501 
 17236  13361     51    162   5933   6083   6189   6502   6016   6485   6626   6630   6449   6472  11832   6926   7098   6477   6501   6128   5700   6137   5497  13557  26304      0      0  65535 
     0      0      0      0      0      0      0      0      0      0      0      0      0      0      0      0      0      0      0 
     0      0      0      0      0      0      0      0      0      0      0      0      0      0      0      0      0      0      0 
     0      0      0      0      0      0      0      0      0      0      0      0      0      0      0      0      0      0      0 
0 -1 -1
     0      0      0      0      0      0      0      0      0      0      0      0      0      0      0      0      0      0      0 
  6016   6189   5934   6487   6502   6082   5498   6448   6627   6625   6136   5700   6472   6926   6475   6127  11880   7099   6499 
 17236  13361     51    163   5934   6082   6189   6502   6016   6487   6625   6627   6448   6472  11880   6926   7099   6475   6499   6127   5700   6136   5498  13556  26305      0      0  65535 
     0      0      0      0      0      0      0      0      0      0      0      0      0      0      0      0      0      0      0 
     0      0      0      0      0      0      0      0      0      0      0      0      0      0      0      0      0      0      0 
     0      0      0      0      0      0      0      0      0      0      0      0      0      0      0      0      0      0      0 
0 -1 -1
     0      0      0      0      0      0      0      0      0      0      0      0      0      0      0      0      0      0      0 
  6017   6190   5933   6486   6501   6083   5498   6448   6627   6625   6134   5700   6473   6924   6476   6126  11842   7098   6501 
 17236  13361     51    163   5933   6083   6190   6501   6017   6486   6625   6627   6448   6473  11842   6924   7098   6476   6501   6126   5700   6134   5498  13557  26303      0      0  65535 
     0      0      0      0      0      0      0      0      0      0      0      0      0      0      0      0      0      0      0 
     0      0      0      0      0      0      0      0      0      0      0      0      0      0      0      0      0      0      0 
     0      0      0      0      0      0      0      0      0      0      0      0      0      0      0      0      0      0      0 
0 -1 -1
     0      0      0      0      0      0      0      0      0      0      0      0      0      0      0      0      0      0      0 
  6015   6190   5931   6486   6500   6083   5497   6449   6628   6625   6135   5699   6472   6924   6476   6127  11845   7098   6500 
 17236  13361     51    162   5931   6083   6190   6500   6015   6486   6625   6628   6449   6472  11845   6924   7098   6476   6500   6127   5699   6135   5497  13560  26303      0      0  65535 
     0      0      0      0      0      0      0      0      0      0      0      0      0      0      0      0      0      0      0 
     0      0      0      0      0      0      0      0      0      0      0      0      0      0      0      0      0      0      0 
     0      0      0      0      0      0      0      0      0      0      0      0      0      0      0      0      0      0      0 
0 -1 -1
     0      0      0      0      0      0      0      0      0      0      0      0      0      0      0      0      0      0      0 
  6016   6189   5932   6486   6501   6083   5497   6447   6627   6624   6135   5699   6471   6924   6475   6127  11858   7096   6500 
 17236  13361     51    162   5932   6083   6189   6501   6016   6486   6624   6627   6447   6471  11858   6924   7096   6475   6500   6127   5699   6135   5497  13561  26304      0      0  65535 
     0      0      0      0      0      0      0      0      0      0      0      0      0      0      0      0      0      0      0 
     0      0      0      0      0      0      0      0      0      0      0      0      0      0      0      0      0      0      0 
     0      0      0      0      0      0      0      0      0      0      0      0      0      0      0      0      0      0      0 
0 -1 -1
     0      0      0      0      0      0      0      0      0      0      0      0      0      0      0      0      0      0      0 
  6016   6187   5933   6485   6500   6083   5496   6447   6627   6623   6134   5699   6470   6923   6474   6126  11847   7097   6500 
 17236  13361     51    163   5933   6083   6187   6500   6016   6485   6623   6627   6447   6470  11847   6923   7097   6474   6500   6126   5699   6134   5496  13568  26305      0      1  65535 
     0      0      0      0      0      0      0      0      0      0      0      0      0      0      0      0      0      0      0 
     0      0      0      0      0      0      0      0      0      0      0      0      0      0      0      0      0      0      0 
     0      0      0      0      0      0      0      0      0      0      0      0      0      0      0      0      0      0      0 
0 -1 -1
     0      0      0      0      0      0      0      0      0      0      0      0      0      0      0      0      0      0      0 
  6015   6189   5932   6484   6499   6082   5496   6446   6626   6625   6134   5698   6472   6924   6474   6126  11858   7098   6500 
 17236  13361     51    163   5932   6082   6189   6499   6015   6484   6625   6626   6446   6472  11858   6924   7098   6474   6500   6126   5698   6134   5496  13584  26305      0      0  65535 
     0      0      0      0      0      0      0      0      0      0      0      0      0      0      0      0      0      0      0 
     0      0      0      0      0      0      0      0      0      0      0      0      0      0      0      0      0      0      0 
     0      0      0      0      0      0      0      0      0      0      0      0      0      0      0      0      0      0      0 
0 -1 -1
