     7     20     12     76     51     24      6     11     43    255     95      7     15     23     35     16      0      7      4 
  7371   8025   7378  11664   8803   7715   6603   8085   8757  13652   9716   6796   8064   8466   8345   7914  10175   8409   7654 
 17236  13361     51    158   7378   7715   8025   8803   7371  11664  13652   8757   8085   8064  10175   8466   8409   8345   7654   7914   6796   9716   6603  13570  26304      0      0  65535 
     0      0      0      0      0      0      0      0      0      0      0      0      0      0      0      0      0      0      0 
     0      0      0      0      0      0      0      0      0      0      0      0      0      0      0      0      0      0      0 
     0      0      0      0      0      0      0      0      0      0      0      0      0      0      0      0      0      0      0 
0 -1 -1
     8     23     13     83     56     27      6     12     47    255    104      7     16     25     37     19      0      8      4 
  7416   8122   7424  12074   8944   7777   6622   8153   8858  14329   9962   6810   8115   8522   8417   8034  10168   8440   7675 
 17236  13361     51    158   7424   7777   8122   8944   7416  12074  14329   8858   8153   8115  10168   8522   8440   8417   7675   8034   6810   9962   6622  13589  26305      0      0  65535 
     0      0      0      0      0      0      0      0      0      0      0      0      0      0      0      0      0      0      0 
     0      0      0      0      0      0      0      0      0      0      0      0      0      0      0      0      0      0      0 
     0      0      0      0      0      0      0      0      0      0      0      0      0      0      0      0      0      0      0 
0 -1 -1
     8     24     14     90     61     29      7     13     51    255    115      7     18     27     40     21      0      9      4 
  7460   8201   7472  12440   9076   7833   6642   8214   8955  14915  10241   6827   8176   8577   8491   8168  10171   8472   7693 
 17236  13361     51    158   7472   7833   8201   9076   7460  12440  14915   8955   8214   8176  10171   8577   8472   8491   7693   8168   6827  10241   6642  13567  26304      0      0  65535 
     0      0      0      0      0      0      0      0      0      0      0      0      0      0      0      0      0      0      0 
     0      0      0      0      0      0      0      0      0      0      0      0      0      0      0      0      0      0      0 
     0      0      0      0      0      0      0      0      0      0      0      0      0      0      0      0      0      0      0 
0 -1 -1
     9     26     15     95     65     31      7     13     54    255    122      8     19     29     43     23      0      9      4 
  7493   8270   7511  12728   9174   7881   6655   8262   9033  15412  10453   6838   8228   8625   8552   8271  10171   8499   7708 
 17236  13361     51    158   7511   7881   8270   9174   7493  12728  15412   9033   8262   8228  10171   8625   8499   8552   7708   8271   6838  10453   6655  13566  26304      0      0  65535 
     0      0      0      0      0      0      0      0      0      0      0      0      0      0      0      0      0      0      0 
     0      0      0      0      0      0      0      0      0      0      0      0      0      0      0      0      0      0      0 
     0      0      0      0      0      0      0      0      0      0      0      0      0      0      0      0      0      0      0 
0 -1 -1
     9     26     15     96     65     31      7     13     54    255    122      8     19     29     43     23      0      9      4 
  7493   8281   7516  12776   9174   7890   6653   8264   9032  15523  10457   6835   8235   8629   8547   8262  10133   8498   7707 
 17236  13361     51    158   7516   7890   8281   9174   7493  12776  15523   9032   8264   8235  10133   8629   8498   8547   7707   8262   6835  10457   6653  13566  26305      0      0  65535 
     0      0      0      0      0      0      0      0      0      0      0      0      0      0      0      0      0      0      0 
     0      0      0      0      0      0      0      0      0      0      0      0      0      0      0      0      0      0      0 
     0      0      0      0      0      0      0      0      0      0      0      0      0      0      0      0      0      0      0 
0 -1 -1
     9     27     16     97     67     31      7     14     55    255    125      8     20     30     43     24      0      9      5 
  7504   8304   7529  12867   9205   7905   6659   8279   9054  15677  10531   6840   8251   8646   8566   8303  10169   8508   7712 
 17236  13361     51    158   7529   7905   8304   9205   7504  12867  15677   9054   8279   8251  10169   8646   8508   8566   7712   8303   6840  10531   6659  13566  26305      0      0  65535 
     0      0      0      0      0      0      0      0      0      0      0      0      0      0      0      0      0      0      0 
     0      0      0      0      0      0      0      0      0      0      0      0      0      0      0      0      0      0      0 
     0      0      0      0      0      0      0      0      0      0      0      0      0      0      0      0      0      0      0 
0 -1 -1
     9     27     16     99     67     32      7     14     55    255    127      8     20     31     44     24      0      9      5 
  7510   8322   7534  12940   9225   7916   6661   8290   9074  15803  10581   6843   8264   8657   8583   8336  10176   8515   7716 
 17236  13361     51    158   7534   7916   8322   9225   7510  12940  15803   9074   8290   8264  10176   8657   8515   8583   7716   8336   6843  10581   6661  13567  26304      0      0  65535 
     0      0      0      0      0      0      0      0      0      0      0      0      0      0      0      0      0      0      0 
     0      0      0      0      0      0      0      0      0      0      0      0      0      0      0      0      0      0      0 
     0      0      0      0      0      0      0      0      0      0      0      0      0      0      0      0      0      0      0 
0 -1 -1
     9     28     16    100     69     32      7     14     57    255    130      8     21     31     45     25      0     10      5 
  7524   8345   7545  13041   9263   7932   6665   8307   9103  15975  10664   6848   8284   8674   8608   8382  10189   8526   7724 
 17236  13361     51    158   7545   7932   8345   9263   7524  13041  15975   9103   8307   8284  10189   8674   8526   8608   7724   8382   6848  10664   6665  13566  26304      0      0  65535 
     0      0      0      0      0      0      0      0      0      0      0      0      0      0      0      0      0      0      0 
     0      0      0      0      0      0      0      0      0      0      0      0      0      0      0      0      0      0      0 
     0      0      0      0      0      0      0      0      0      0      0      0      0      0      0      0      0      0      0 
0 -1 -1
    10     28     17    103     71     33      7     14     58    255    134      8     21     32     47     27      0     10      5 
  7543   8357   7568  13183   9314   7953   6674   8335   9143  16207  10778   6855   8309   8700   8644   8444  10187   8540   7731 
 17236  13361     51    158   7568   7953   8357   9314   7543  13183  16207   9143   8335   8309  10187   8700   8540   8644   7731   8444   6855  10778   6674  13567  26304      0      0  65535 
     0      0      0      0      0      0      0      0      0      0      0      0      0      0      0      0      0      0      0 
     0      0      0      0      0      0      0      0      0      0      0      0      0      0      0      0      0      0      0 
     0      0      0      0      0      0      0      0      0      0      0      0      0      0      0      0      0      0      0 
0 -1 -1
    10     29     17    107     74     34      8     15     60    255    141      9     22     34     49     28      0     10      5 
  7575   8408   7600  13382   9390   7986   6686   8378   9202  16518  10955   6868   8345   8736   8696   8542  10201   8562   7746 
 17236  13361     51    158   7600   7986   8408   9390   7575  13382  16518   9202   8378   8345  10201   8736   8562   8696   7746   8542   6868  10955   6686  13568  26304      0      0  65535 
     0      0      0      0      0      0      0      0      0      0      0      0      0      0      0      0      0      0      0 
     0      0      0      0      0      0      0      0      0      0      0      0      0      0      0      0      0      0      0 
     0      0      0      0      0      0      0      0      0      0      0      0      0      0      0      0      0      0      0 
0 -1 -1
    11     31     18    112     78     36      8     16     63    255    148      9     23     36     51     31      0     11      5 
  7611   8482   7647  13661   9493   8030   6701   8432   9282  16961  11164   6880   8395   8784   8760   8662  10195   8593   7765 
 17236  13361     51    158   7647   8030   8482   9493   7611  13661  16961   9282   8432   8395  10195   8784   8593   8760   7765   8662   6880  11164   6701  13575  26304      0      0  65535 
     0      0      0      0      0      0      0      0      0      0      0      0      0      0      0      0      0      0      0 
     0      0      0      0      0      0      0      0      0      0      0      0      0      0      0      0      0      0      0 
     0      0      0      0      0      0      0      0      0      0      0      0      0      0      0      0      0      0      0 
0 -1 -1
    11     33     19    117     82     38      8     17     66    255    157      9     24     38     54     33      0     12      6 
  7651   8559   7695  13950   9601   8077   6718   8489   9366  17432  11382   6895   8450   8833   8822   8786  10200   8622   7785 
 17236  13361     51    158   7695   8077   8559   9601   7651  13950  17432   9366   8489   8450  10200   8833   8622   8822   7785   8786   6895  11382   6718  13573  26304      0      0  65535 
     0      0      0      0      0      0      0      0      0      0      0      0      0      0      0      0      0      0      0 
     0      0      0      0      0      0      0      0      0      0      0      0      0      0      0      0      0      0      0 
     0      0      0      0      0      0      0      0      0      0      0      0      0      0      0      0      0      0      0 
0 -1 -1
    12     33     20    119     84     39      8     17     68    255    160      9     25     39     55     34      0     12      6 
  7672   8593   7720  14088   9650   8108   6722   8516   9404  17685  11472   6896   8476   8855   8849   8841  10196   8636   7794 
 17236  13361     51    158   7720   8108   8593   9650   7672  14088  17685   9404   8516   8476  10196   8855   8636   8849   7794   8841   6896  11472   6722  13573  26304      0      0  65535 
     0      0      0      0      0      0      0      0      0      0      0      0      0      0      0      0      0      0      0 
     0      0      0      0      0      0      0      0      0      0      0      0      0      0      0      0      0      0      0 
     0      0      0      0      0      0      0      0      0      0      0      0      0      0      0      0      0      0      0 
0 -1 -1
    12     33     20    119     84     39      8     17     68    255    159      9     25     39     54     34      0     12      6 
  7664   8588   7718  14068   9638   8108   6718   8507   9393  17708  11444   6890   8475   8852   8837   8827  10189   8631   7791 
 17236  13361     51    158   7718   8108   8588   9638   7664  14068  17708   9393   8507   8475  10189   8852   8631   8837   7791   8827   6890  11444   6718  13574  26304      0      0  65535 
     0      0      0      0      0      0      0      0      0      0      0      0      0      0      0      0      0      0      0 
     0      0      0      0      0      0      0      0      0      0      0      0      0      0      0      0      0      0      0 
     0      0      0      0      0      0      0      0      0      0      0      0      0      0      0      0      0      0      0 
0 -1 -1
    11     33     19    118     82     39      8     17     67    255    157      9     25     38     53     33      0     12      6 
  7651   8571   7705  14004   9601   8096   6712   8492   9368  17644  11391   6881   8462   8841   8816   8798  10157   8622   7785 
 17236  13361     51    158   7705   8096   8571   9601   7651  14004  17644   9368   8492   8462  10157   8841   8622   8816   7785   8798   6881  11391   6712  13574  26303      0      0  65535 
     0      0      0      0      0      0      0      0      0      0      0      0      0      0      0      0      0      0      0 
     0      0      0      0      0      0      0      0      0      0      0      0      0      0      0      0      0      0      0 
     0      0      0      0      0      0      0      0      0      0      0      0      0      0      0      0      0      0      0 
0 -1 -1
    11     32     19    114     78     37      8     16     63    255    147      8     24     36     50     30      0     11      5 
  7611   8515   7670  13781   9504   8058   6683   8433   9284  17342  11121   6853   8410   8788   8728   8648  10122   8586   7757 
 17236  13361     51    158   7670   8058   8515   9504   7611  13781  17342   9284   8433   8410  10122   8788   8586   8728   7757   8648   6853  11121   6683  13574  26304      0      0  65535 
     0      0      0      0      0      0      0      0      0      0      0      0      0      0      0      0      0      0      0 
     0      0      0      0      0      0      0      0      0      0      0      0      0      0      0      0      0      0      0 
     0      0      0      0      0      0      0      0      0      0      0      0      0      0      0      0      0      0      0 
0 -1 -1
     6     20     12     78     47     24      4     10     39    255     83      4     15     22     28     14      0      6      3 
  7316   8034   7369  11813   8702   7713   6546   8032   8648  14384   9377   6720   8047   8450   8190   7779  10113   8374   7612 
 17236  13361     51    158   7369   7713   8034   8702   7316  11813  14384   8648   8032   8047  10113   8450   8374   8190   7612   7779   6720   9377   6546  13575  26305      0      0  65535 
     0      0      0      0      0      0      0      0      0      0      0      0      0      0      0      0      0      0      0 
     0      0      0      0      0      0      0      0      0      0      0      0      0      0      0      0      0      0      0 
     0      0      0      0      0      0      0      0      0      0      0      0      0      0      0      0      0      0      0 
0 -1 -1
     2      9      6     35     17     11      2      5     16    127     24      1      7      9     11      3      0      3      1 
  7073   7555   7082   9394   7956   7349   6436   7675   8037  10604   7789   6624   7714   8151   7767   7228  10167   8211   7502 
 17236  13361     51    158   7082   7349   7555   7956   7073   9394  10604   8037   7675   7714  10167   8151   8211   7767   7502   7228   6624   7789   6436  13574  26305      1      0  65535 
     0      0      0      0      0      0      0      0      0      0      0      0      0      0      0      0      0      0      0 
     0      0      0      0      0      0      0      0      0      0      0      0      0      0      0      0      0      0      0 
     0      0      0      0      0      0      0      0      0      0      0      0      0      0      0      0      0      0      0 
0 -1 -1
     1      4      3      7      5      3      0      2      5     21      4      0      2      3      3      0      0      1      0 
  6955   7299   6915   7862   7639   7140   6378   7488   7731   8131   7229   6568   7524   7988   7567   7074  10242   8125   7440 
 17236  13361     51    158   6915   7140   7299   7639   6955   7862   8131   7731   7488   7524  10242   7988   8125   7567   7440   7074   6568   7229   6378  13574  26306      0      0  65535 
     0      0      0      0      0      0      0      0      0      0      0      0      0      0      0      0      0      0      0 
     0      0      0      0      0      0      0      0      0      0      0      0      0      0      0      0      0      0      0 
     0      0      0      0      0      0      0      0      0      0      0      0      0      0      0      0      0      0      0 
0 -1 -1
     0      1      1      1      0      0      0      0      0      2      0      0      0      0      0      0      1      0      0 
  6901   7177   6824   7491   7523   7046   6342   7388   7616   7680   7110   6535   7430   7916   7474   7028  10298   8073   7401 
 17236  13361     51    159   6824   7046   7177   7523   6901   7491   7680   7616   7388   7430  10298   7916   8073   7474   7401   7028   6535   7110   6342  13575  26304      0      0  65535 
     0      0      0      0      0      0      0      0      0      0      0      0      0      0      0      0      0      0      0 
     0      0      0      0      0      0      0      0      0      0      0      0      0      0      0      0      0      0      0 
     0      0      0      0      0      0      0      0      0      0      0      0      0      0      0      0      0      0      0 
0 -1 -1
     0      0      0      0      0      0      0      0      0      0      0      0      0      0      0      0      2      0      0 
  6869   7104   6760   7406   7476   7006   6313   7321   7564   7607   7071   6521   7378   7878   7431   7013  10356   8031   7368 
 17236  13361     51    159   6760   7006   7104   7476   6869   7406   7607   7564   7321   7378  10356   7878   8031   7431   7368   7013   6521   7071   6313  13575  26304      0      0  65535 
     0      0      0      0      0      0      0      0      0      0      0      0      0      0      0      0      0      0      0 
     0      0      0      0      0      0      0      0      0      0      0      0      0      0      0      0      0      0      0 
     0      0      0      0      0      0      0      0      0      0      0      0      0      0      0      0      0      0      0 
0 -1 -1
     0      0      0      0      0      0      0      0      0      0      0      0      0      0      0      0      3      0      0 
  6860   7066   6734   7384   7462   6998   6304   7297   7550   7592   7063   6517   7355   7865   7418   7007  10372   8017   7361 
 17236  13361     51    158   6734   6998   7066   7462   6860   7384   7592   7550   7297   7355  10372   7865   8017   7418   7361   7007   6517   7063   6304  13576  26305      0      0  65535 
     0      0      0      0      0      0      0      0      0      0      0      0      0      0      0      0      0      0      0 
     0      0      0      0      0      0      0      0      0      0      0      0      0      0      0      0      0      0      0 
     0      0      0      0      0      0      0      0      0      0      0      0      0      0      0      0      0      0      0 
0 -1 -1
     0      0      0      0      0      0      0      0      0      0      0      0      0      0      0      0      2      0      0 
  6859   7063   6733   7378   7459   6997   6302   7294   7547   7587   7061   6516   7353   7864   7415   7008  10338   8014   7361 
 17236  13361     51    159   6733   6997   7063   7459   6859   7378   7587   7547   7294   7353  10338   7864   8014   7415   7361   7008   6516   7061   6302  13576  26305      0      0  65535 
     0      0      0      0      0      0      0      0      0      0      0      0      0      0      0      0      0      0      0 
     0      0      0      0      0      0      0      0      0      0      0      0      0      0      0      0      0      0      0 
     0      0      0      0      0      0      0      0      0      0      0      0      0      0      0      0      0      0      0 
0 -1 -1
     0      0      0      0      0      0      0      0      0      0      0      0      0      0      0      0      2      0      0 
  6857   7061   6732   7377   7457   6996   6301   7292   7545   7585   7060   6513   7352   7862   7414   7006  10328   8011   7359 
 17236  13361     51    159   6732   6996   7061   7457   6857   7377   7585   7545   7292   7352  10328   7862   8011   7414   7359   7006   6513   7060   6301  13576  26304      0      0  65535 
     0      0      0      0      0      0      0      0      0      0      0      0      0      0      0      0      0      0      0 
     0      0      0      0      0      0      0      0      0      0      0      0      0      0      0      0      0      0      0 
     0      0      0      0      0      0      0      0      0      0      0      0      0      0      0      0      0      0      0 
0 -1 -1
     0      0      0      0      0      0      0      0      0      0      0      0      0      0      0      0      2      0      0 
  6855   7060   6730   7375   7455   6994   6300   7293   7544   7582   7058   6514   7349   7859   7414   7005  10339   8010   7357 
 17236  13361     51    159   6730   6994   7060   7455   6855   7375   7582   7544   7293   7349  10339   7859   8010   7414   7357   7005   6514   7058   6300  13575  26304      0      0  65535 
     0      0      0      0      0      0      0      0      0      0      0      0      0      0      0      0      0      0      0 
     0      0      0      0      0      0      0      0      0      0      0      0      0      0      0      0      0      0      0 
     0      0      0      0      0      0      0      0      0      0      0      0      0      0      0      0      0      0      0 
0 -1 -1
     0      0      0      0      0      0      0      0      0      0      0      0      0      0      0      0      2      0      0 
  6854   7058   6728   7372   7453   6992   6299   7288   7542   7580   7057   6511   7349   7858   7412   7002  10346   8010   7356 
 17236  13361     51    159   6728   6992   7058   7453   6854   7372   7580   7542   7288   7349  10346   7858   8010   7412   7356   7002   6511   7057   6299  13574  26305      0      0  65535 
     0      0      0      0      0      0      0      0      0      0      0      0      0      0      0      0      0      0      0 
     0      0      0      0      0      0      0      0      0      0      0      0      0      0      0      0      0      0      0 
     0      0      0      0      0      0      0      0      0      0      0      0      0      0      0      0      0      0      0 
0 -1 -1
     0      0      0      0      0      0      0      0      0      0      0      0      0      0      0      0      2      0      0 
  6852   7056   6725   7371   7451   6989   6296   7287   7542   7577   7054   6509   7346   7857   7408   7001  10340   8006   7356 
 17236  13361     51    159   6725   6989   7056   7451   6852   7371   7577   7542   7287   7346  10340   7857   8006   7408   7356   7001   6509   7054   6296  13574  26304      0      0  65535 
     0      0      0      0      0      0      0      0      0      0      0      0      0      0      0      0      0      0      0 
     0      0      0      0      0      0      0      0      0      0      0      0      0      0      0      0      0      0      0 
     0      0      0      0      0      0      0      0      0      0      0      0      0      0      0      0      0      0      0 
0 -1 -1
     0      0      0      0      0      0      0      0      0      0      0      0      0      0      0      0      2      0      0 
  6851   7054   6725   7369   7448   6989   6295   7286   7538   7576   7053   6507   7347   7855   7407   6998  10350   8006   7352 
 17236  13361     51    159   6725   6989   7054   7448   6851   7369   7576   7538   7286   7347  10350   7855   8006   7407   7352   6998   6507   7053   6295  13571  26304      1      0  65535 
     0      0      0      0      0      0      0      0      0      0      0      0      0      0      0      0      0      0      0 
     0      0      0      0      0      0      0      0      0      0      0      0      0      0      0      0      0      0      0 
     0      0      0      0      0      0      0      0      0      0      0      0      0      0      0      0      0      0      0 
0 -1 -1
     0      0      0      0      0      0      0      0      0      0      0      0      0      0      0      0      3      0      0 
  6849   7053   6722   7368   7447   6986   6294   7285   7537   7572   7051   6506   7343   7854   7405   6996  10379   8006   7352 
 17236  13361     51    159   6722   6986   7053   7447   6849   7368   7572   7537   7285   7343  10379   7854   8006   7405   7352   6996   6506   7051   6294  13566  26305      0      0  65535 
     0      0      0      0      0      0      0      0      0      0      0      0      0      0      0      0      0      0      0 
     0      0      0      0      0      0      0      0      0      0      0      0      0      0      0      0      0      0      0 
     0      0      0      0      0      0      0      0      0      0      0      0      0      0      0      0      0      0      0 
0 -1 -1
     0      0      0      0      0      0      0      0      0      0      0      0      0      0      0      0      3      0      0 
  6849   7052   6721   7365   7446   6987   6292   7283   7535   7571   7049   6506   7341   7852   7405   6996  10394   8005   7351 
 17236  13361     51    159   6721   6987   7052   7446   6849   7365   7571   7535   7283   7341  10394   7852   8005   7405   7351   6996   6506   7049   6292  13564  26304      0      0  65535 
     0      0      0      0      0      0      0      0      0      0      0      0      0      0      0      0      0      0      0 
     0      0      0      0      0      0      0      0      0      0      0      0      0      0      0      0      0      0      0 
     0      0      0      0      0      0      0      0      0      0      0      0      0      0      0      0      0      0      0 
0 -1 -1
     0      0      0      0      0      0      0      0      0      0      0      0      0      0      0      0      4      0      0 
  6847   7049   6722   7365   7444   6984   6290   7279   7534   7570   7048   6504   7340   7850   7402   6995  10408   8003   7348 
 17236  13361     51    159   6722   6984   7049   7444   6847   7365   7570   7534   7279   7340  10408   7850   8003   7402   7348   6995   6504   7048   6290  13563  26304      0      0  65535 
     0      0      0      0      0      0      0      0      0      0      0      0      0      0      0      0      0      0      0 
     0      0      0      0      0      0      0      0      0      0      0      0      0      0      0      0      0      0      0 
     0      0      0      0      0      0      0      0      0      0      0      0      0      0      0      0      0      0      0 
0 -1 -1
     0      0      0      0      0      0      0      0      0      0      0      0      0      0      0      0      4      0      0 
  6844   7048   6719   7362   7442   6982   6290   7279   7533   7568   7048   6503   7339   7850   7400   6992  10411   8000   7348 
 17236  13361     51    159   6719   6982   7048   7442   6844   7362   7568   7533   7279   7339  10411   7850   8000   7400   7348   6992   6503   7048   6290  13564  26304      0      0  65535 
     0      0      0      0      0      0      0      0      0      0      0      0      0      0      0      0      0      0      0 
     0      0      0      0      0      0      0      0      0      0      0      0      0      0      0      0      0      0      0 
     0      0      0      0      0      0      0      0      0      0      0      0      0      0      0      0      0      0      0 
0 -1 -1
     0      0      0      0      0      0      0      0      0      0      0      0      0      0      0      0      4      0      0 
  6842   7046   6717   7359   7440   6982   6289   7277   7531   7566   7043   6501   7337   7847   7400   6992  10413   7999   7346 
 17236  13361     51    159   6717   6982   7046   7440   6842   7359   7566   7531   7277   7337  10413   7847   7999   7400   7346   6992   6501   7043   6289  13566  26305      0      1  65535 
     0      0      0      0      0      0      0      0      0      0      0      0      0      0      0      0      0      0      0 
     0      0      0      0      0      0      0      0      0      0      0      0      0      0      0      0      0      0      0 
     0      0      0      0      0      0      0      0      0      0      0      0      0      0      0      0      0      0      0 
0 -1 -1
     0      0      0      0      0      0      0      0      0      0      0      0      0      0      0      0      4      0      0 
  6841   7046   6717   7359   7439   6979   6287   7276   7529   7564   7042   6500   7336   7847   7397   6990  10431   7998   7345 
 17236  13361     51    159   6717   6979   7046   7439   6841   7359   7564   7529   7276   7336  10431   7847   7998   7397   7345   6990   6500   7042   6287  13566  26305      0      0  65535 
     0      0      0      0      0      0      0      0      0      0      0      0      0      0      0      0      0      0      0 
     0      0      0      0      0      0      0      0      0      0      0      0      0      0      0      0      0      0      0 
     0      0      0      0      0      0      0      0      0      0      0      0      0      0      0      0      0      0      0 
0 -1 -1
     0      0      0      0      0      0      0      0      0      0      0      0      0      0      0      0      4      0      0 
  6839   7044   6716   7358   7439   6976   6285   7274   7528   7562   7041   6497   7334   7843   7396   6987  10434   7996   7343 
 17236  13361     51    159   6716   6976   7044   7439   6839   7358   7562   7528   7274   7334  10434   7843   7996   7396   7343   6987   6497   7041   6285  13566  26304      0      0  65535 
     0      0      0      0      0      0      0      0      0      0      0      0      0      0      0      0      0      0      0 
     0      0      0      0      0      0      0      0      0      0      0      0      0      0      0      0      0      0      0 
     0      0      0      0      0      0      0      0      0      0      0      0      0      0      0      0      0      0      0 
0 -1 -1
     0      0      0      0      0      0      0      0      0      0      0      0      0      0      0      0      4      0      0 
  6839   7042   6713   7355   7436   6975   6283   7274   7525   7560   7039   6498   7332   7841   7395   6986  10409   7994   7342 
 17236  13361     51    159   6713   6975   7042   7436   6839   7355   7560   7525   7274   7332  10409   7841   7994   7395   7342   6986   6498   7039   6283  13565  26303      0      0  65535 
     0      0      0      0      0      0      0      0      0      0      0      0      0      0      0      0      0      0      0 
     0      0      0      0      0      0      0      0      0      0      0      0      0      0      0      0      0      0      0 
     0      0      0      0      0      0      0      0      0      0      0      0      0      0      0      0      0      0      0 
0 -1 -1
     0      0      0      0      0      0      0      0      0      0      0      0      0      0      0      0      4      0      0 
  6837   7040   6712   7353   7433   6973   6281   7272   7523   7557   7038   6496   7331   7840   7393   6986  10414   7992   7341 
 17236  13361     51    159   6712   6973   7040   7433   6837   7353   7557   7523   7272   7331  10414   7840   7992   7393   7341   6986   6496   7038   6281  13565  26303      0      0  65535 
     0      0      0      0      0      0      0      0      0      0      0      0      0      0      0      0      0      0      0 
     0      0      0      0      0      0      0      0      0      0      0      0      0      0      0      0      0      0      0 
     0      0      0      0      0      0      0      0      0      0      0      0      0      0      0      0      0      0      0 
0 -1 -1
     0      0      0      0      0      0      0      0      0      0      0      0      0      0      0      0      4      0      0 
  6837   7039   6710   7352   7432   6973   6281   7270   7523   7556   7036   6494   7330   7839   7391   6984  10427   7992   7339 
 17236  13361     51    159   6710   6973   7039   7432   6837   7352   7556   7523   7270   7330  10427   7839   7992   7391   7339   6984   6494   7036   6281  13565  26305      0      0  65535 
     0      0      0      0      0      0      0      0      0      0      0      0      0      0      0      0      0      0      0 
     0      0      0      0      0      0      0      0      0      0      0      0      0      0      0      0      0      0      0 
     0      0      0      0      0      0      0      0      0      0      0      0      0      0      0      0      0      0      0 
0 -1 -1
     0      0      0      0      0      0      0      0      0      0      0      0      0      0      0      0      4      0      0 
  6834   7038   6710   7351   7429   6971   6280   7268   7520   7555   7034   6492   7329   7838   7389   6980  10414   7990   7338 
 17236  13361     51    158   6710   6971   7038   7429   6834   7351   7555   7520   7268   7329  10414   7838   7990   7389   7338   6980   6492   7034   6280  13566  26304      0      1  65535 
     0      0      0      0      0      0      0      0      0      0      0      0      0      0      0      0      0      0      0 
     0      0      0      0      0      0      0      0      0      0      0      0      0      0      0      0      0      0      0 
     0      0      0      0      0      0      0      0      0      0      0      0      0      0      0      0      0      0      0 
0 -1 -1
     0      0      0      0      0      0      0      0      0      0      0      0      0      0      0      0      4      0      0 
  6834   7035   6709   7351   7429   6969   6278   7267   7519   7554   7032   6491   7327   7836   7387   6981  10436   7988   7336 
 17236  13361     51    159   6709   6969   7035   7429   6834   7351   7554   7519   7267   7327  10436   7836   7988   7387   7336   6981   6491   7032   6278  13564  26303      0      0  65535 
     0      0      0      0      0      0      0      0      0      0      0      0      0      0      0      0      0      0      0 
     0      0      0      0      0      0      0      0      0      0      0      0      0      0      0      0      0      0      0 
     0      0      0      0      0      0      0      0      0      0      0      0      0      0      0      0      0      0      0 
0 -1 -1
     0      0      0      0      0      0      0      0      0      0      0      0      0      0      0      0      4      0      0 
  6831   7035   6707   7349   7430   6968   6278   7265   7517   7552   7032   6489   7325   7833   7386   6980  10431   7986   7335 
 17236  13361     51    159   6707   6968   7035   7430   6831   7349   7552   7517   7265   7325  10431   7833   7986   7386   7335   6980   6489   7032   6278  13564  26303      0      0  65535 
     0      0      0      0      0      0      0      0      0      0      0      0      0      0      0      0      0      0      0 
     0      0      0      0      0      0      0      0      0      0      0      0      0      0      0      0      0      0      0 
     0      0      0      0      0      0      0      0      0      0      0      0      0      0      0      0      0      0      0 
0 -1 -1
     0      0      0      0      0      0      0      0      0      0      0      0      0      0      0      0      4      0      0 
  6829   7031   6705   7346   7426   6966   6274   7265   7516   7550   7029   6488   7323   7832   7385   6976  10436   7984   7334 
 17236  13361     51    159   6705   6966   7031   7426   6829   7346   7550   7516   7265   7323  10436   7832   7984   7385   7334   6976   6488   7029   6274  13572  26305      0      0  65535 
     0      0      0      0      0      0      0      0      0      0      0      0      0      0      0      0      0      0      0 
     0      0      0      0      0      0      0      0      0      0      0      0      0      0      0      0      0      0      0 
     0      0      0      0      0      0      0      0      0      0      0      0      0      0      0      0      0      0      0 
0 -1 -1
     0      0      0      0      0      0      0      0      0      0      0      0      0      0      0      0      4      0      0 
  6828   7030   6702   7345   7423   6964   6275   7264   7514   7549   7028   6486   7321   7830   7382   6976  10443   7984   7332 
 17236  13361     51    159   6702   6964   7030   7423   6828   7345   7549   7514   7264   7321  10443   7830   7984   7382   7332   6976   6486   7028   6275  13595  26303      0      0  65535 
     0      0      0      0      0      0      0      0      0      0      0      0      0      0      0      0      0      0      0 
     0      0      0      0      0      0      0      0      0      0      0      0      0      0      0      0      0      0      0 
     0      0      0      0      0      0      0      0      0      0      0      0      0      0      0      0      0      0      0 
0 -1 -1
     0      0      0      0      0      0      0      0      0      0      0      0      0      0      0      0      5      0      0 
  6826   7030   6702   7343   7420   6963   6272   7262   7513   7545   7026   6485   7322   7828   7381   6973  10468   7981   7329 
 17236  13361     51    159   6702   6963   7030   7420   6826   7343   7545   7513   7262   7322  10468   7828   7981   7381   7329   6973   6485   7026   6272  13571  26303      0      0  65535 
     0      0      0      0      0      0      0      0      0      0      0      0      0      0      0      0      0      0      0 
     0      0      0      0      0      0      0      0      0      0      0      0      0      0      0      0      0      0      0 
     0      0      0      0      0      0      0      0      0      0      0      0      0      0      0      0      0      0      0 
0 -1 -1
     0      0      0      0      0      0      0      0      0      0      0      0      0      0      0      0      5      0      0 
  6825   7029   6702   7340   7420   6962   6270   7260   7511   7545   7025   6484   7319   7828   7381   6972  10465   7981   7329 
 17236  13361     51    159   6702   6962   7029   7420   6825   7340   7545   7511   7260   7319  10465   7828   7981   7381   7329   6972   6484   7025   6270  13571  26304      0      0  65535 
     0      0      0      0      0      0      0      0      0      0      0      0      0      0      0      0      0      0      0 
     0      0      0      0      0      0      0      0      0      0      0      0      0      0      0      0      0      0      0 
     0      0      0      0      0      0      0      0      0      0      0      0      0      0      0      0      0      0      0 
0 -1 -1
     0      0      0      0      0      0      0      0      0      0      0      0      0      0      0      0      5      0      0 
  6823   7026   6700   7340   7420   6961   6270   7258   7511   7542   7022   6484   7319   7826   7377   6971  10493   7979   7327 
 17236  13361     51    159   6700   6961   7026   7420   6823   7340   7542   7511   7258   7319  10493   7826   7979   7377   7327   6971   6484   7022   6270  13570  26304      0      0  65535 
     0      0      0      0      0      0      0      0      0      0      0      0      0      0      0      0      0      0      0 
     0      0      0      0      0      0      0      0      0      0      0      0      0      0      0      0      0      0      0 
     0      0      0      0      0      0      0      0      0      0      0      0      0      0      0      0      0      0      0 
0 -1 -1
     0      0      0      0      0      0      0      0      0      0      0      0      0      0      0      0      5      0      0 
  6822   7025   6698   7338   7417   6958   6268   7258   7509   7541   7021   6480   7315   7825   7378   6970  10484   7978   7326 
 17236  13361     51    159   6698   6958   7025   7417   6822   7338   7541   7509   7258   7315  10484   7825   7978   7378   7326   6970   6480   7021   6268  13570  26304      0      0  65535 
     0      0      0      0      0      0      0      0      0      0      0      0      0      0      0      0      0      0      0 
     0      0      0      0      0      0      0      0      0      0      0      0      0      0      0      0      0      0      0 
     0      0      0      0      0      0      0      0      0      0      0      0      0      0      0      0      0      0      0 
0 -1 -1
