     7      6      1      7     23     10      1      6     29     11     31      3     37     63     89      4     20     18     10 
  4754   4433   4012   5005   5049   4277   3575   5028   5627   4730   5139   3852   7190   6959   7690   4271  10552   6444   5672 
 17236  13361     51    152   4012   4277   4433   5049   4754   5005   4730   5627   5028   7190  10552   6959   6444   7690   5672   4271   3852   5139   3575  13575  26305      0      0  65535 
     0      0      0      0      0      0      0      0      0      0      0      0      0      0      0      0      0      0      0 
     0      0      0      0      0      0      0      0      0      0      0      0      0      0      0      0      0      0      0 
     0      0      0      0      0      0      0      0      0      0      0      0      0      0      0      0      0      0      0 
0 -1 -1
     8      7      1      8     27     12      2      7     34     12     36      3     40     70    100      4     18     19     11 
  4810   4464   4018   5036   5140   4329   3583   5060   5753   4759   5280   3864   7337   7134   7950   4297  10473   6515   5758 
 17236  13361     51    151   4018   4329   4464   5140   4810   5036   4759   5753   5060   7337  10473   7134   6515   7950   5758   4297   3864   5280   3583  13576  26304      0      0  65535 
     0      0      0      0      0      0      0      0      0      0      0      0      0      0      0      0      0      0      0 
     0      0      0      0      0      0      0      0      0      0      0      0      0      0      0      0      0      0      0 
     0      0      0      0      0      0      0      0      0      0      0      0      0      0      0      0      0      0      0 
0 -1 -1
     8      8      1      8     32     15      2      7     41     14     43      4     44     80    113      5     17     22     12 
  4861   4513   4026   5073   5272   4406   3597   5095   5944   4795   5473   3882   7513   7364   8279   4335  10423   6609   5855 
 17236  13361     51    151   4026   4406   4513   5272   4861   5073   4795   5944   5095   7513  10423   7364   6609   8279   5855   4335   3882   5473   3597  13575  26304      0      0  65535 
     0      0      0      0      0      0      0      0      0      0      0      0      0      0      0      0      0      0      0 
     0      0      0      0      0      0      0      0      0      0      0      0      0      0      0      0      0      0      0 
     0      0      0      0      0      0      0      0      0      0      0      0      0      0      0      0      0      0      0 
0 -1 -1
     9      9      1      9     36     17      2      7     45     15     47      4     46     85    120      5     15     23     13 
  4893   4545   4031   5089   5374   4468   3603   5104   6060   4819   5563   3891   7578   7501   8457   4362  10336   6665   5915 
 17236  13361     51    151   4031   4468   4545   5374   4893   5089   4819   6060   5104   7578  10336   7501   6665   8457   5915   4362   3891   5563   3603  13575  26304      0      0  65535 
     0      0      0      0      0      0      0      0      0      0      0      0      0      0      0      0      0      0      0 
     0      0      0      0      0      0      0      0      0      0      0      0      0      0      0      0      0      0      0 
     0      0      0      0      0      0      0      0      0      0      0      0      0      0      0      0      0      0      0 
0 -1 -1
     9      9      1      9     40     19      2      8     49     16     50      5     48     91    127      6     15     24     14 
  4935   4579   4037   5120   5464   4524   3612   5143   6155   4846   5661   3904   7669   7644   8643   4385  10312   6737   5977 
 17236  13361     51    151   4037   4524   4579   5464   4935   5120   4846   6155   5143   7669  10312   7644   6737   8643   5977   4385   3904   5661   3612  13576  26305      0      0  65535 
     0      0      0      0      0      0      0      0      0      0      0      0      0      0      0      0      0      0      0 
     0      0      0      0      0      0      0      0      0      0      0      0      0      0      0      0      0      0      0 
     0      0      0      0      0      0      0      0      0      0      0      0      0      0      0      0      0      0      0 
0 -1 -1
    11     10      2     10     45     22      3      9     54     17     55      5     52    101    138      6     15     27     15 
  5005   4624   4045   5181   5592   4591   3622   5213   6293   4885   5796   3917   7842   7871   8916   4414  10315   6839   6051 
 17236  13361     51    152   4045   4591   4624   5592   5005   5181   4885   6293   5213   7842  10315   7871   6839   8916   6051   4414   3917   5796   3622  13575  26303      0      0  65535 
     0      0      0      0      0      0      0      0      0      0      0      0      0      0      0      0      0      0      0 
     0      0      0      0      0      0      0      0      0      0      0      0      0      0      0      0      0      0      0 
     0      0      0      0      0      0      0      0      0      0      0      0      0      0      0      0      0      0      0 
0 -1 -1
    12     12      2     11     50     25      3     10     60     19     61      6     56    110    149      7     14     28     17 
  5082   4681   4052   5234   5736   4668   3633   5266   6450   4929   5954   3939   8003   8080   9186   4446  10269   6926   6132 
 17236  13361     51    151   4052   4668   4681   5736   5082   5234   4929   6450   5266   8003  10269   8080   6926   9186   6132   4446   3939   5954   3633  13574  26303      0      0  65535 
     0      0      0      0      0      0      0      0      0      0      0      0      0      0      0      0      0      0      0 
     0      0      0      0      0      0      0      0      0      0      0      0      0      0      0      0      0      0      0 
     0      0      0      0      0      0      0      0      0      0      0      0      0      0      0      0      0      0      0 
0 -1 -1
    13     13      2     11     56     28      3     10     66     21     66      6     58    116    158      8     13     30     18 
  5134   4725   4058   5250   5873   4754   3642   5283   6598   4960   6091   3958   8099   8233   9398   4478  10248   6999   6219 
 17236  13361     51    152   4058   4754   4725   5873   5134   5250   4960   6598   5283   8099  10248   8233   6999   9398   6219   4478   3958   6091   3642  13573  26304      0      0  65535 
     0      0      0      0      0      0      0      0      0      0      0      0      0      0      0      0      0      0      0 
     0      0      0      0      0      0      0      0      0      0      0      0      0      0      0      0      0      0      0 
     0      0      0      0      0      0      0      0      0      0      0      0      0      0      0      0      0      0      0 
0 -1 -1
    13     13      2     11     60     31      3     10     71     22     70      7     60    121    164      8     12     31     19 
  5158   4755   4061   5250   5978   4839   3649   5285   6731   4986   6196   3978   8159   8358   9567   4513  10209   7064   6306 
 17236  13361     51    151   4061   4839   4755   5978   5158   5250   4986   6731   5285   8159  10209   8358   7064   9567   6306   4513   3978   6196   3649  13573  26305      0      0  65535 
     0      0      0      0      0      0      0      0      0      0      0      0      0      0      0      0      0      0      0 
     0      0      0      0      0      0      0      0      0      0      0      0      0      0      0      0      0      0      0 
     0      0      0      0      0      0      0      0      0      0      0      0      0      0      0      0      0      0      0 
0 -1 -1
    14     14      2     12     66     35      3     10     78     23     75      7     63    129    174      9     12     34     21 
  5219   4805   4072   5287   6140   4948   3659   5320   6918   5025   6331   4002   8293   8544   9811   4554  10203   7162   6408 
 17236  13361     51    152   4072   4948   4805   6140   5219   5287   5025   6918   5320   8293  10203   8544   7162   9811   6408   4554   4002   6331   3659  13574  26305      0      0  65535 
     0      0      0      0      0      0      0      0      0      0      0      0      0      0      0      0      0      0      0 
     0      0      0      0      0      0      0      0      0      0      0      0      0      0      0      0      0      0      0 
     0      0      0      0      0      0      0      0      0      0      0      0      0      0      0      0      0      0      0 
0 -1 -1
    15     16      3     14     76     40      4     12     86     26     83      8     68    141    188     10     14     37     23 
  5322   4881   4088   5370   6375   5076   3674   5409   7137   5084   6538   4025   8512   8842  10159   4604  10277   7303   6530 
 17236  13361     51    151   4088   5076   4881   6375   5322   5370   5084   7137   5409   8512  10277   8842   7303  10159   6530   4604   4025   6538   3674  13575  26304      0      0  65535 
     0      0      0      0      0      0      0      0      0      0      0      0      0      0      0      0      0      0      0 
     0      0      0      0      0      0      0      0      0      0      0      0      0      0      0      0      0      0      0 
     0      0      0      0      0      0      0      0      0      0      0      0      0      0      0      0      0      0      0 
0 -1 -1
    17     18      3     15     83     43      4     13     92     28     88      9     71    149    197     11     15     38     24 
  5406   4948   4101   5430   6549   5175   3691   5474   7301   5126   6693   4043   8642   9026  10376   4634  10306   7379   6600 
 17236  13361     51    152   4101   5175   4948   6549   5406   5430   5126   7301   5474   8642  10306   9026   7379  10376   6600   4634   4043   6693   3691  13574  26304      0      0  65535 
     0      0      0      0      0      0      0      0      0      0      0      0      0      0      0      0      0      0      0 
     0      0      0      0      0      0      0      0      0      0      0      0      0      0      0      0      0      0      0 
     0      0      0      0      0      0      0      0      0      0      0      0      0      0      0      0      0      0      0 
0 -1 -1
    19     20      3     16     91     48      5     14    100     30     95      9     75    156    205     11     16     40     25 
  5524   5036   4117   5508   6771   5300   3711   5543   7515   5174   6872   4065   8784   9200  10590   4663  10350   7438   6650 
 17236  13361     51    151   4117   5300   5036   6771   5524   5508   5174   7515   5543   8784  10350   9200   7438  10590   6650   4663   4065   6872   3711  13574  26304      0      1  65535 
     0      0      0      0      0      0      0      0      0      0      0      0      0      0      0      0      0      0      0 
     0      0      0      0      0      0      0      0      0      0      0      0      0      0      0      0      0      0      0 
     0      0      0      0      0      0      0      0      0      0      0      0      0      0      0      0      0      0      0 
0 -1 -1
    22     23      4     18    105     56      5     16    114     33    107     10     81    170    222     12     17     43     27 
  5712   5182   4146   5634   7126   5501   3749   5672   7869   5255   7195   4104   9063   9534  11013   4724  10433   7580   6776 
 17236  13361     51    151   4146   5501   5182   7126   5712   5634   5255   7869   5672   9063  10433   9534   7580  11013   6776   4724   4104   7195   3749  13571  26304      0      0  65535 
     0      0      0      0      0      0      0      0      0      0      0      0      0      0      0      0      0      0      0 
     0      0      0      0      0      0      0      0      0      0      0      0      0      0      0      0      0      0      0 
     0      0      0      0      0      0      0      0      0      0      0      0      0      0      0      0      0      0      0 
0 -1 -1
    25     27      5     21    122     66      6     18    130     37    120     12     89    188    243     14     18     47     29 
  5903   5350   4187   5771   7545   5775   3791   5814   8298   5347   7555   4149   9391   9965  11532   4803  10474   7780   6955 
 17236  13361     51    151   4187   5775   5350   7545   5903   5771   5347   8298   5814   9391  10474   9965   7780  11532   6955   4803   4149   7555   3791  13565  26305      0      0  65535 
     0      0      0      0      0      0      0      0      0      0      0      0      0      0      0      0      0      0      0 
     0      0      0      0      0      0      0      0      0      0      0      0      0      0      0      0      0      0      0 
     0      0      0      0      0      0      0      0      0      0      0      0      0      0      0      0      0      0      0 
0 -1 -1
    27     30      5     22    135     75      7     19    143     41    131     13     94    202    255     16     19     51     32 
  6037   5475   4222   5859   7887   6018   3833   5905   8647   5423   7862   4193   9616  10304  11939   4886  10509   7945   7119 
 17236  13361     51    151   4222   6018   5475   7887   6037   5859   5423   8647   5905   9616  10509  10304   7945  11939   7119   4886   4193   7862   3833  13566  26305      0      1  65535 
     0      0      0      0      0      0      0      0      0      0      0      0      0      0      0      0      0      0      0 
     0      0      0      0      0      0      0      0      0      0      0      0      0      0      0      0      0      0      0 
     0      0      0      0      0      0      0      0      0      0      0      0      0      0      0      0      0      0      0 
0 -1 -1
    28     31      6     23    146     82      8     20    152     42    137     14     97    211    255     17     19     53     33 
  6108   5540   4249   5919   8151   6203   3857   5952   8888   5464   8022   4215   9734  10518  12166   4939  10504   8039   7201 
 17236  13361     51    151   4249   6203   5540   8151   6108   5919   5464   8888   5952   9734  10504  10518   8039  12166   7201   4939   4215   8022   3857  13566  26305      0      0  65535 
     0      0      0      0      0      0      0      0      0      0      0      0      0      0      0      0      0      0      0 
     0      0      0      0      0      0      0      0      0      0      0      0      0      0      0      0      0      0      0 
     0      0      0      0      0      0      0      0      0      0      0      0      0      0      0      0      0      0      0 
0 -1 -1
    28     32      6     24    148     83      8     20    155     43    138     14     97    214    255     17     19     53     33 
  6109   5548   4255   5935   8205   6230   3862   5970   8949   5469   8053   4217   9742  10578  12193   4947  10484   8054   7219 
 17236  13361     51    151   4255   6230   5548   8205   6109   5935   5469   8949   5970   9742  10484  10578   8054  12193   7219   4947   4217   8053   3862  13566  26305      0      0  65535 
     0      0      0      0      0      0      0      0      0      0      0      0      0      0      0      0      0      0      0 
     0      0      0      0      0      0      0      0      0      0      0      0      0      0      0      0      0      0      0 
     0      0      0      0      0      0      0      0      0      0      0      0      0      0      0      0      0      0      0 
0 -1 -1
    28     32      6     24    150     84      8     21    157     43    140     14     98    217    255     17     19     53     34 
  6136   5570   4263   5959   8265   6270   3872   5994   9009   5485   8108   4225   9774  10643  12254   4962  10493   8080   7245 
 17236  13361     51    151   4263   6270   5570   8265   6136   5959   5485   9009   5994   9774  10493  10643   8080  12254   7245   4962   4225   8108   3872  13567  26305      0      0  65535 
     0      0      0      0      0      0      0      0      0      0      0      0      0      0      0      0      0      0      0 
     0      0      0      0      0      0      0      0      0      0      0      0      0      0      0      0      0      0      0 
     0      0      0      0      0      0      0      0      0      0      0      0      0      0      0      0      0      0      0 
0 -1 -1
    29     33      7     25    155     87      9     21    161     45    144     15    100    220    255     18     20     54     34 
  6193   5624   4277   6000   8387   6355   3889   6034   9113   5517   8210   4244   9836  10729  12361   4989  10540   8110   7285 
 17236  13361     51    151   4277   6355   5624   8387   6193   6000   5517   9113   6034   9836  10540  10729   8110  12361   7285   4989   4244   8210   3889  13567  26305      0      1  65535 
     0      0      0      0      0      0      0      0      0      0      0      0      0      0      0      0      0      0      0 
     0      0      0      0      0      0      0      0      0      0      0      0      0      0      0      0      0      0      0 
     0      0      0      0      0      0      0      0      0      0      0      0      0      0      0      0      0      0      0 
0 -1 -1
    29     34      7     25    157     89      9     21    163     45    145     15    100    222    255     18     19     54     35 
  6211   5648   4286   6012   8438   6399   3896   6040   9157   5527   8241   4250   9848  10761  12393   5002  10519   8121   7305 
 17236  13361     51    151   4286   6399   5648   8438   6211   6012   5527   9157   6040   9848  10519  10761   8121  12393   7305   5002   4250   8241   3896  13566  26305      0      1  65535 
     0      0      0      0      0      0      0      0      0      0      0      0      0      0      0      0      0      0      0 
     0      0      0      0      0      0      0      0      0      0      0      0      0      0      0      0      0      0      0 
     0      0      0      0      0      0      0      0      0      0      0      0      0      0      0      0      0      0      0 
0 -1 -1
    29     34      7     25    158     90      9     21    164     45    146     15    100    223    255     18     19     55     35 
  6215   5649   4290   6016   8464   6422   3898   6049   9190   5534   8258   4252   9866  10801  12420   5011  10522   8144   7324 
 17236  13361     51    151   4290   6422   5649   8464   6215   6016   5534   9190   6049   9866  10522  10801   8144  12420   7324   5011   4252   8258   3898  13566  26305      1      0  65535 
     0      0      0      0      0      0      0      0      0      0      0      0      0      0      0      0      0      0      0 
     0      0      0      0      0      0      0      0      0      0      0      0      0      0      0      0      0      0      0 
     0      0      0      0      0      0      0      0      0      0      0      0      0      0      0      0      0      0      0 
0 -1 -1
    30     35      7     26    163     92      9     22    168     46    150     15    102    228    255     18     20     56     36 
  6268   5692   4301   6059   8575   6488   3916   6093   9296   5561   8369   4271   9942  10906  12546   5037  10573   8193   7369 
 17236  13361     51    151   4301   6488   5692   8575   6268   6059   5561   9296   6093   9942  10573  10906   8193  12546   7369   5037   4271   8369   3916  13567  26304      0      0  65535 
     0      0      0      0      0      0      0      0      0      0      0      0      0      0      0      0      0      0      0 
     0      0      0      0      0      0      0      0      0      0      0      0      0      0      0      0      0      0      0 
     0      0      0      0      0      0      0      0      0      0      0      0      0      0      0      0      0      0      0 
0 -1 -1
    31     37      8     27    169     97     10     23    174     48    156     16    105    235    255     19     21     58     37 
  6338   5763   4324   6110   8741   6609   3940   6146   9456   5605   8539   4298  10069  11080  12778   5092  10612   8306   7480 
 17236  13361     51    151   4324   6609   5763   8741   6338   6110   5605   9456   6146  10069  10612  11080   8306  12778   7480   5092   4298   8539   3940  13567  26304      0      0  65535 
     0      0      0      0      0      0      0      0      0      0      0      0      0      0      0      0      0      0      0 
     0      0      0      0      0      0      0      0      0      0      0      0      0      0      0      0      0      0      0 
     0      0      0      0      0      0      0      0      0      0      0      0      0      0      0      0      0      0      0 
0 -1 -1
    32     38      8     28    178    102     11     24    182     51    164     17    110    246    255     21     22     62     40 
  6413   5838   4352   6173   8953   6756   3971   6218   9680   5661   8767   4333  10261  11346  13106   5167  10631   8478   7638 
 17236  13361     51    151   4352   6756   5838   8953   6413   6173   5661   9680   6218  10261  10631  11346   8478  13106   7638   5167   4333   8767   3971  13572  26304      0      0  65535 
     0      0      0      0      0      0      0      0      0      0      0      0      0      0      0      0      0      0      0 
     0      0      0      0      0      0      0      0      0      0      0      0      0      0      0      0      0      0      0 
     0      0      0      0      0      0      0      0      0      0      0      0      0      0      0      0      0      0      0 
0 -1 -1
    34     40      9     29    185    107     11     25    190     53    173     18    114    255    255     22     22     66     42 
  6497   5916   4381   6244   9144   6892   4000   6287   9889   5716   8987   4366  10446  11603  13425   5233  10651   8637   7785 
 17236  13361     51    151   4381   6892   5916   9144   6497   6244   5716   9889   6287  10446  10651  11603   8637  13425   7785   5233   4366   8987   4000  13572  26304      0      0  65535 
     0      0      0      0      0      0      0      0      0      0      0      0      0      0      0      0      0      0      0 
     0      0      0      0      0      0      0      0      0      0      0      0      0      0      0      0      0      0      0 
     0      0      0      0      0      0      0      0      0      0      0      0      0      0      0      0      0      0      0 
0 -1 -1
    35     41      9     30    190    111     12     25    195     55    176     18    117    255    255     23     22     67     43 
  6553   5964   4402   6286   9275   6989   4015   6328  10024   5750   9086   4378  10548  11745  13579   5265  10630   8720   7859 
 17236  13361     51    151   4402   6989   5964   9275   6553   6286   5750  10024   6328  10548  10630  11745   8720  13579   7859   5265   4378   9086   4015  13571  26304      0      0  65535 
     0      0      0      0      0      0      0      0      0      0      0      0      0      0      0      0      0      0      0 
     0      0      0      0      0      0      0      0      0      0      0      0      0      0      0      0      0      0      0 
     0      0      0      0      0      0      0      0      0      0      0      0      0      0      0      0      0      0      0 
0 -1 -1
    36     42     10     31    195    113     12     26    199     55    180     19    118    255    255     23     22     68     44 
  6613   6008   4416   6334   9388   7041   4032   6373  10132   5772   9178   4389  10608  11828  13657   5277  10646   8744   7878 
 17236  13361     51    151   4416   7041   6008   9388   6613   6334   5772  10132   6373  10608  10646  11828   8744  13657   7878   5277   4389   9178   4032  13570  26304      0      0  65535 
     0      0      0      0      0      0      0      0      0      0      0      0      0      0      0      0      0      0      0 
     0      0      0      0      0      0      0      0      0      0      0      0      0      0      0      0      0      0      0 
     0      0      0      0      0      0      0      0      0      0      0      0      0      0      0      0      0      0      0 
0 -1 -1
    38     45     10     33    206    119     13     28    209     58    189     20    122    255    255     24     24     70     45 
  6764   6133   4458   6446   9678   7208   4076   6474  10380   5840   9428   4429  10792  12063  13939   5335  10711   8856   7975 
 17236  13361     51    151   4458   7208   6133   9678   6764   6446   5840  10380   6474  10792  10711  12063   8856  13939   7975   5335   4429   9428   4076  13572  26304      0      0  65535 
     0      0      0      0      0      0      0      0      0      0      0      0      0      0      0      0      0      0      0 
     0      0      0      0      0      0      0      0      0      0      0      0      0      0      0      0      0      0      0 
     0      0      0      0      0      0      0      0      0      0      0      0      0      0      0      0      0      0      0 
0 -1 -1
    40     48     11     35    218    126     14     29    219     62    200     22    128    255    255     26     24     74     48 
  6909   6256   4507   6543   9972   7396   4128   6569  10656   5920   9731   4481  11007  12357  14312   5419  10746   9034   8147 
 17236  13361     51    151   4507   7396   6256   9972   6909   6543   5920  10656   6569  11007  10746  12357   9034  14312   8147   5419   4481   9731   4128  13572  26304      0      0  65535 
     0      0      0      0      0      0      0      0      0      0      0      0      0      0      0      0      0      0      0 
     0      0      0      0      0      0      0      0      0      0      0      0      0      0      0      0      0      0      0 
     0      0      0      0      0      0      0      0      0      0      0      0      0      0      0      0      0      0      0 
0 -1 -1
    42     50     12     36    228    132     15     30    229     65    210     23    133    255    255     27     25     79     51 
  7015   6347   4546   6629  10224   7564   4174   6655  10914   5990  10003   4525  11241  12668  14688   5507  10773   9239   8346 
 17236  13361     51    150   4546   7564   6347  10224   7015   6629   5990  10914   6655  11241  10773  12668   9239  14688   8346   5507   4525  10003   4174  13572  26304      0      0  65535 
     0      0      0      0      0      0      0      0      0      0      0      0      0      0      0      0      0      0      0 
     0      0      0      0      0      0      0      0      0      0      0      0      0      0      0      0      0      0      0 
     0      0      0      0      0      0      0      0      0      0      0      0      0      0      0      0      0      0      0 
0 -1 -1
    43     51     13     37    233    135     16     31    235     66    214     23    136    255    255     28     25     80     52 
  7084   6389   4566   6687  10356   7643   4192   6710  11061   6022  10110   4535  11357  12813  14815   5530  10793   9317   8410 
 17236  13361     51    150   4566   7643   6389  10356   7084   6687   6022  11061   6710  11357  10793  12813   9317  14815   8410   5530   4535  10110   4192  13572  26304      0      0  65535 
     0      0      0      0      0      0      0      0      0      0      0      0      0      0      0      0      0      0      0 
     0      0      0      0      0      0      0      0      0      0      0      0      0      0      0      0      0      0      0 
     0      0      0      0      0      0      0      0      0      0      0      0      0      0      0      0      0      0      0 
0 -1 -1
    44     52     13     38    236    137     16     32    238     67    216     24    138    255    255     28     26     81     52 
  7134   6423   4573   6734  10442   7688   4210   6750  11150   6043  10178   4548  11429  12909  14900   5548  10810   9366   8448 
 17236  13361     51    150   4573   7688   6423  10442   7134   6734   6043  11150   6750  11429  10810  12909   9366  14900   8448   5548   4548  10178   4210  13573  26304      0      0  65535 
     0      0      0      0      0      0      0      0      0      0      0      0      0      0      0      0      0      0      0 
     0      0      0      0      0      0      0      0      0      0      0      0      0      0      0      0      0      0      0 
     0      0      0      0      0      0      0      0      0      0      0      0      0      0      0      0      0      0      0 
0 -1 -1
    44     53     13     39    240    140     17     32    241     68    220     24    139    255    255     29     26     83     53 
  7167   6462   4592   6760  10525   7756   4233   6774  11234   6069  10275   4571  11490  12997  15007   5588  10819   9426   8512 
 17236  13361     51    151   4592   7756   6462  10525   7167   6760   6069  11234   6774  11490  10819  12997   9426  15007   8512   5588   4571  10275   4233  13573  26304      0      1  65535 
     0      0      0      0      0      0      0      0      0      0      0      0      0      0      0      0      0      0      0 
     0      0      0      0      0      0      0      0      0      0      0      0      0      0      0      0      0      0      0 
     0      0      0      0      0      0      0      0      0      0      0      0      0      0      0      0      0      0      0 
0 -1 -1
    45     53     14     39    242    141     17     32    243     69    222     25    140    255    255     29     26     83     54 
  7194   6491   4605   6781  10585   7797   4246   6786  11286   6086  10340   4583  11516  13029  15056   5605  10829   9448   8535 
 17236  13361     51    150   4605   7797   6491  10585   7194   6781   6086  11286   6786  11516  10829  13029   9448  15056   8535   5605   4583  10340   4246  13573  26304      0      0  65535 
     0      0      0      0      0      0      0      0      0      0      0      0      0      0      0      0      0      0      0 
     0      0      0      0      0      0      0      0      0      0      0      0      0      0      0      0      0      0      0 
     0      0      0      0      0      0      0      0      0      0      0      0      0      0      0      0      0      0      0 
0 -1 -1
    45     53     14     39    242    141     17     32    243     69    222     25    139    255    255     29     26     83     54 
  7189   6491   4605   6762  10580   7794   4245   6779  11281   6088  10341   4583  11501  13023  15047   5611  10808   9451   8543 
 17236  13361     51    150   4605   7794   6491  10580   7189   6762   6088  11281   6779  11501  10808  13023   9451  15047   8543   5611   4583  10341   4245  13574  26304      0      0  65535 
     0      0      0      0      0      0      0      0      0      0      0      0      0      0      0      0      0      0      0 
     0      0      0      0      0      0      0      0      0      0      0      0      0      0      0      0      0      0      0 
     0      0      0      0      0      0      0      0      0      0      0      0      0      0      0      0      0      0      0 
0 -1 -1
    44     52     13     38    239    139     17     32    241     68    220     24    138    255    255     29     25     83     53 
  7142   6456   4591   6730  10508   7750   4234   6750  11225   6069  10281   4572  11445  12959  14964   5597  10779   9423   8516 
 17236  13361     51    150   4591   7750   6456  10508   7142   6730   6069  11225   6750  11445  10779  12959   9423  14964   8516   5597   4572  10281   4234  13574  26305      0      0  65535 
     0      0      0      0      0      0      0      0      0      0      0      0      0      0      0      0      0      0      0 
     0      0      0      0      0      0      0      0      0      0      0      0      0      0      0      0      0      0      0 
     0      0      0      0      0      0      0      0      0      0      0      0      0      0      0      0      0      0      0 
0 -1 -1
    41     49     12     35    224    130     14     29    226     63    201     21    129    255    255     26     22     76     49 
  6951   6290   4520   6587  10135   7495   4136   6578  10835   5951   9772   4470  11079  12465  14320   5434  10632   9113   8206 
 17236  13361     51    151   4520   7495   6290  10135   6951   6587   5951  10835   6578  11079  10632  12465   9113  14320   8206   5434   4470   9772   4136  13575  26304      0      0  65535 
     0      0      0      0      0      0      0      0      0      0      0      0      0      0      0      0      0      0      0 
     0      0      0      0      0      0      0      0      0      0      0      0      0      0      0      0      0      0      0 
     0      0      0      0      0      0      0      0      0      0      0      0      0      0      0      0      0      0      0 
0 -1 -1
    33     38      8     28    183    105     10     23    187     51    162     16    107    244    255     20     16     61     39 
  6426   5842   4354   6186   9096   6827   3964   6137   9814   5658   8709   4291  10154  11301  12882   5126  10384   8437   7574 
 17236  13361     51    151   4354   6827   5842   9096   6426   6186   5658   9814   6137  10154  10384  11301   8437  12882   7574   5126   4291   8709   3964  13639  26304      0      0  65535 
     0      0      0      0      0      0      0      0      0      0      0      0      0      0      0      0      0      0      0 
     0      0      0      0      0      0      0      0      0      0      0      0      0      0      0      0      0      0      0 
     0      0      0      0      0      0      0      0      0      0      0      0      0      0      0      0      0      0      0 
0 -1 -1
    22     26      5     19    129     73      6     15    137     35    114     10     77    178    218     13     10     42     26 
  5757   5304   4193   5681   7733   5954   3790   5603   8474   5305   7381   4106   8898   9724  10904   4771  10095   7532   6766 
 17236  13361     51    151   4193   5954   5304   7733   5757   5681   5305   8474   5603   8898  10095   9724   7532  10904   6766   4771   4106   7381   3790  13597  26305      0      0  65535 
     0      0      0      0      0      0      0      0      0      0      0      0      0      0      0      0      0      0      0 
     0      0      0      0      0      0      0      0      0      0      0      0      0      0      0      0      0      0      0 
     0      0      0      0      0      0      0      0      0      0      0      0      0      0      0      0      0      0      0 
0 -1 -1
    11     14      2     10     69     36      3      7     77     19     61      5     41    100    121      7      3     19     13 
  5061   4774   4075   5152   6206   4975   3646   5067   6903   4927   5956   3934   7392   7844   8494   4425   9778   6495   5865 
 17236  13361     51    151   4075   4975   4774   6206   5061   5152   4927   6903   5067   7392   9778   7844   6495   8494   5865   4425   3934   5956   3646  13576  26305      0      0  65535 
     0      0      0      0      0      0      0      0      0      0      0      0      0      0      0      0      0      0      0 
     0      0      0      0      0      0      0      0      0      0      0      0      0      0      0      0      0      0      0 
     0      0      0      0      0      0      0      0      0      0      0      0      0      0      0      0      0      0      0 
0 -1 -1
     3      5      1      3     24     11      1      1     30      7     26      2     13     39     48      3      0      4      3 
  4539   4403   4006   4758   5069   4312   3565   4716   5647   4648   5010   3818   6197   6386   6653   4211   9572   5789   5262 
 17236  13361     51    152   4006   4312   4403   5069   4539   4758   4648   5647   4716   6197   9572   6386   5789   6653   5262   4211   3818   5010   3565  13576  26305      0      0  65535 
     0      0      0      0      0      0      0      0      0      0      0      0      0      0      0      0      0      0      0 
     0      0      0      0      0      0      0      0      0      0      0      0      0      0      0      0      0      0      0 
     0      0      0      0      0      0      0      0      0      0      0      0      0      0      0      0      0      0      0 
0 -1 -1
     0      1      0      0      4      2      0      0      5      1      6      0      0      3      1      0     32      0      0 
  4271   4221   3973   4543   4562   4065   3523   4533   5002   4500   4450   3750   5466   5530   5482   4087  11081   5393   4917 
 17236  13361     51    151   3973   4065   4221   4562   4271   4543   4500   5002   4533   5466  11081   5530   5393   5482   4917   4087   3750   4450   3523  13576  26304      0      0  65535 
     0      0      0      0      0      0      0      0      0      0      0      0      0      0      0      0      0      0      0 
     0      0      0      0      0      0      0      0      0      0      0      0      0      0      0      0      0      0      0 
     0      0      0      0      0      0      0      0      0      0      0      0      0      0      0      0      0      0      0 
0 -1 -1
     0      0      0      0      0      0      0      0      0      0      0      0      0      0      0      0     19      0      0 
  4114   4118   3950   4402   4321   3934   3496   4412   4644   4403   4115   3703   4927   5004   4702   4001  10494   5121   4682 
 17236  13361     51    152   3950   3934   4118   4321   4114   4402   4403   4644   4412   4927  10494   5004   5121   4702   4682   4001   3703   4115   3496  13572  26304      0      0  65535 
     0      0      0      0      0      0      0      0      0      0      0      0      0      0      0      0      0      0      0 
     0      0      0      0      0      0      0      0      0      0      0      0      0      0      0      0      0      0      0 
     0      0      0      0      0      0      0      0      0      0      0      0      0      0      0      0      0      0      0 
0 -1 -1
     0      0      0      0      0      0      0      0      0      0      0      0      0      0      0      0     28      0      0 
  4009   4059   3928   4307   4213   3871   3471   4309   4458   4333   3926   3656   4538   4727   4311   3934  10908   4909   4493 
 17236  13361     51    152   3928   3871   4059   4213   4009   4307   4333   4458   4309   4538  10908   4727   4909   4311   4493   3934   3656   3926   3471  13569  26303      0      0  65535 
     0      0      0      0      0      0      0      0      0      0      0      0      0      0      0      0      0      0      0 
     0      0      0      0      0      0      0      0      0      0      0      0      0      0      0      0      0      0      0 
     0      0      0      0      0      0      0      0      0      0      0      0      0      0      0      0      0      0      0 
0 -1 -1
     0      0      0      0      0      0      0      0      0      0      0      0      0      0      0      0     39      0      0 
  3911   4005   3899   4214   4135   3826   3448   4218   4334   4256   3837   3612   4250   4567   4145   3879  11422   4743   4332 
 17236  13361     51    152   3899   3826   4005   4135   3911   4214   4256   4334   4218   4250  11422   4567   4743   4145   4332   3879   3612   3837   3448  13569  26303      0      0  65535 
     0      0      0      0      0      0      0      0      0      0      0      0      0      0      0      0      0      0      0 
     0      0      0      0      0      0      0      0      0      0      0      0      0      0      0      0      0      0      0 
     0      0      0      0      0      0      0      0      0      0      0      0      0      0      0      0      0      0      0 
0 -1 -1
     0      0      0      0      0      0      0      0      0      0      0      0      0      0      0      0     63      0      0 
  3868   3986   3887   4187   4115   3813   3442   4197   4306   4220   3819   3587   4173   4536   4115   3859  12519   4697   4271 
 17236  13361     51    152   3887   3813   3986   4115   3868   4187   4220   4306   4197   4173  12519   4536   4697   4115   4271   3859   3587   3819   3442  13572  26303      0      0  65535 
     0      0      0      0      0      0      0      0      0      0      0      0      0      0      0      0      0      0      0 
     0      0      0      0      0      0      0      0      0      0      0      0      0      0      0      0      0      0      0 
     0      0      0      0      0      0      0      0      0      0      0      0      0      0      0      0      0      0      0 
0 -1 -1
     0      0      0      0      0      0      0      0      0      0      0      0      0      0      0      0     71      0      0 
  3845   3980   3882   4178   4110   3809   3440   4188   4297   4212   3814   3581   4153   4527   4103   3854  12878   4681   4243 
 17236  13361     51    152   3882   3809   3980   4110   3845   4178   4212   4297   4188   4153  12878   4527   4681   4103   4243   3854   3581   3814   3440  13573  26304      0      0  65535 
     0      0      0      0      0      0      0      0      0      0      0      0      0      0      0      0      0      0      0 
     0      0      0      0      0      0      0      0      0      0      0      0      0      0      0      0      0      0      0 
     0      0      0      0      0      0      0      0      0      0      0      0      0      0      0      0      0      0      0 
0 -1 -1
     0      0      0      0      0      0      0      0      0      0      0      0      0      0      0      0     64      0      0 
  3835   3973   3882   4176   4108   3807   3440   4185   4294   4211   3813   3580   4137   4523   4095   3852  12563   4674   4230 
 17236  13361     51    152   3882   3807   3973   4108   3835   4176   4211   4294   4185   4137  12563   4523   4674   4095   4230   3852   3580   3813   3440  13571  26304      0      0  65535 
     0      0      0      0      0      0      0      0      0      0      0      0      0      0      0      0      0      0      0 
     0      0      0      0      0      0      0      0      0      0      0      0      0      0      0      0      0      0      0 
     0      0      0      0      0      0      0      0      0      0      0      0      0      0      0      0      0      0      0 
0 -1 -1
     0      0      0      0      0      0      0      0      0      0      0      0      0      0      0      0     68      0      0 
  3832   3968   3882   4175   4106   3805   3441   4185   4292   4210   3813   3580   4127   4521   4094   3851  12716   4668   4225 
 17236  13361     51    152   3882   3805   3968   4106   3832   4175   4210   4292   4185   4127  12716   4521   4668   4094   4225   3851   3580   3813   3441  13570  26304      0      0  65535 
     0      0      0      0      0      0      0      0      0      0      0      0      0      0      0      0      0      0      0 
     0      0      0      0      0      0      0      0      0      0      0      0      0      0      0      0      0      0      0 
     0      0      0      0      0      0      0      0      0      0      0      0      0      0      0      0      0      0      0 
0 -1 -1
     0      0      0      0      0      0      0      0      0      0      0      0      0      0      0      0     72      0      0 
  3833   3966   3882   4176   4105   3806   3442   4186   4293   4209   3813   3580   4128   4521   4095   3851  12912   4668   4225 
 17236  13361     51    152   3882   3806   3966   4105   3833   4176   4209   4293   4186   4128  12912   4521   4668   4095   4225   3851   3580   3813   3442  13573  26304      0      0  65535 
     0      0      0      0      0      0      0      0      0      0      0      0      0      0      0      0      0      0      0 
     0      0      0      0      0      0      0      0      0      0      0      0      0      0      0      0      0      0      0 
     0      0      0      0      0      0      0      0      0      0      0      0      0      0      0      0      0      0      0 
0 -1 -1
     0      0      0      0      0      0      0      0      0      0      0      0      0      0      0      0     75      0      0 
  3832   3968   3882   4176   4104   3806   3440   4184   4292   4211   3811   3579   4130   4520   4093   3851  13049   4669   4224 
 17236  13361     51    152   3882   3806   3968   4104   3832   4176   4211   4292   4184   4130  13049   4520   4669   4093   4224   3851   3579   3811   3440  13572  26304      0      0  65535 
     0      0      0      0      0      0      0      0      0      0      0      0      0      0      0      0      0      0      0 
     0      0      0      0      0      0      0      0      0      0      0      0      0      0      0      0      0      0      0 
     0      0      0      0      0      0      0      0      0      0      0      0      0      0      0      0      0      0      0 
0 -1 -1
     0      0      0      0      0      0      0      0      0      0      0      0      0      0      0      0     78      0      0 
  3832   3967   3882   4177   4105   3805   3440   4186   4291   4210   3811   3580   4133   4521   4093   3852  13192   4669   4225 
 17236  13361     51    152   3882   3805   3967   4105   3832   4177   4210   4291   4186   4133  13192   4521   4669   4093   4225   3852   3580   3811   3440  13569  26304      0      0  65535 
     0      0      0      0      0      0      0      0      0      0      0      0      0      0      0      0      0      0      0 
     0      0      0      0      0      0      0      0      0      0      0      0      0      0      0      0      0      0      0 
     0      0      0      0      0      0      0      0      0      0      0      0      0      0      0      0      0      0      0 
0 -1 -1
     0      0      0      0      0      0      0      0      0      0      0      0      0      0      0      0     81      0      0 
  3833   3968   3882   4176   4105   3805   3440   4186   4292   4210   3810   3580   4135   4520   4092   3851  13328   4667   4225 
 17236  13361     51    152   3882   3805   3968   4105   3833   4176   4210   4292   4186   4135  13328   4520   4667   4092   4225   3851   3580   3810   3440  13570  26304      0      0  65535 
     0      0      0      0      0      0      0      0      0      0      0      0      0      0      0      0      0      0      0 
     0      0      0      0      0      0      0      0      0      0      0      0      0      0      0      0      0      0      0 
     0      0      0      0      0      0      0      0      0      0      0      0      0      0      0      0      0      0      0 
0 -1 -1
     0      0      0      0      0      0      0      0      0      0      0      0      0      0      0      0     78      0      0 
  3832   3968   3882   4177   4103   3805   3441   4187   4291   4210   3810   3580   4135   4520   4094   3852  13183   4667   4223 
 17236  13361     51    152   3882   3805   3968   4103   3832   4177   4210   4291   4187   4135  13183   4520   4667   4094   4223   3852   3580   3810   3441  13572  26305      0      0  65535 
     0      0      0      0      0      0      0      0      0      0      0      0      0      0      0      0      0      0      0 
     0      0      0      0      0      0      0      0      0      0      0      0      0      0      0      0      0      0      0 
     0      0      0      0      0      0      0      0      0      0      0      0      0      0      0      0      0      0      0 
0 -1 -1
     0      0      0      0      0      0      0      0      0      0      0      0      0      0      0      0     85      0      0 
  3831   3967   3882   4175   4104   3805   3441   4187   4290   4209   3811   3580   4135   4520   4093   3851  13479   4668   4226 
 17236  13361     51    152   3882   3805   3967   4104   3831   4175   4209   4290   4187   4135  13479   4520   4668   4093   4226   3851   3580   3811   3441  13575  26304      0      0  65535 
     0      0      0      0      0      0      0      0      0      0      0      0      0      0      0      0      0      0      0 
     0      0      0      0      0      0      0      0      0      0      0      0      0      0      0      0      0      0      0 
     0      0      0      0      0      0      0      0      0      0      0      0      0      0      0      0      0      0      0 
0 -1 -1
     0      0      0      0      0      0      0      0      0      0      0      0      0      0      0      0     86      0      0 
  3832   3966   3882   4175   4104   3805   3440   4185   4290   4210   3810   3580   4136   4520   4093   3851  13555   4667   4224 
 17236  13361     51    152   3882   3805   3966   4104   3832   4175   4210   4290   4185   4136  13555   4520   4667   4093   4224   3851   3580   3810   3440  13575  26305      0      0  65535 
     0      0      0      0      0      0      0      0      0      0      0      0      0      0      0      0      0      0      0 
     0      0      0      0      0      0      0      0      0      0      0      0      0      0      0      0      0      0      0 
     0      0      0      0      0      0      0      0      0      0      0      0      0      0      0      0      0      0      0 
0 -1 -1
     0      0      0      0      0      0      0      0      0      0      0      0      0      0      0      0     86      0      0 
  3833   3967   3881   4175   4104   3805   3440   4185   4288   4210   3809   3580   4135   4520   4093   3850  13531   4669   4225 
 17236  13361     51    152   3881   3805   3967   4104   3833   4175   4210   4288   4185   4135  13531   4520   4669   4093   4225   3850   3580   3809   3440  13575  26305      0      0  65535 
     0      0      0      0      0      0      0      0      0      0      0      0      0      0      0      0      0      0      0 
     0      0      0      0      0      0      0      0      0      0      0      0      0      0      0      0      0      0      0 
     0      0      0      0      0      0      0      0      0      0      0      0      0      0      0      0      0      0      0 
0 -1 -1
     0      0      0      0      0      0      0      0      0      0      0      0      0      0      0      0     84      0      0 
  3831   3967   3881   4174   4105   3803   3439   4185   4290   4210   3810   3580   4135   4518   4092   3850  13464   4667   4223 
 17236  13361     51    152   3881   3803   3967   4105   3831   4174   4210   4290   4185   4135  13464   4518   4667   4092   4223   3850   3580   3810   3439  13575  26305      1      0  65535 
     0      0      0      0      0      0      0      0      0      0      0      0      0      0      0      0      0      0      0 
     0      0      0      0      0      0      0      0      0      0      0      0      0      0      0      0      0      0      0 
     0      0      0      0      0      0      0      0      0      0      0      0      0      0      0      0      0      0      0 
0 -1 -1
     0      0      0      0      0      0      0      0      0      0      0      0      0      0      0      0     88      0      0 
  3830   3967   3881   4177   4104   3805   3440   4185   4290   4210   3811   3580   4136   4519   4092   3850  13637   4668   4224 
 17236  13361     51    152   3881   3805   3967   4104   3830   4177   4210   4290   4185   4136  13637   4519   4668   4092   4224   3850   3580   3811   3440  13575  26304      0      0  65535 
     0      0      0      0      0      0      0      0      0      0      0      0      0      0      0      0      0      0      0 
     0      0      0      0      0      0      0      0      0      0      0      0      0      0      0      0      0      0      0 
     0      0      0      0      0      0      0      0      0      0      0      0      0      0      0      0      0      0      0 
0 -1 -1
     0      0      0      0      0      0      0      0      0      0      0      0      0      0      0      0     91      0      0 
  3831   3967   3882   4174   4103   3804   3441   4186   4290   4208   3809   3578   4135   4519   4093   3851  13772   4668   4224 
 17236  13361     51    152   3882   3804   3967   4103   3831   4174   4208   4290   4186   4135  13772   4519   4668   4093   4224   3851   3578   3809   3441  13574  26304      0      0  65535 
     0      0      0      0      0      0      0      0      0      0      0      0      0      0      0      0      0      0      0 
     0      0      0      0      0      0      0      0      0      0      0      0      0      0      0      0      0      0      0 
     0      0      0      0      0      0      0      0      0      0      0      0      0      0      0      0      0      0      0 
0 -1 -1
     0      0      0      0      0      0      0      0      0      0      0      0      0      0      0      0     89      0      0 
  3832   3966   3881   4176   4104   3804   3440   4186   4289   4210   3809   3581   4135   4517   4092   3850  13661   4667   4225 
 17236  13361     51    152   3881   3804   3966   4104   3832   4176   4210   4289   4186   4135  13661   4517   4667   4092   4225   3850   3581   3809   3440  13574  26304      0      0  65535 
     0      0      0      0      0      0      0      0      0      0      0      0      0      0      0      0      0      0      0 
     0      0      0      0      0      0      0      0      0      0      0      0      0      0      0      0      0      0      0 
     0      0      0      0      0      0      0      0      0      0      0      0      0      0      0      0      0      0      0 
0 -1 -1
     0      0      0      0      0      0      0      0      0      0      0      0      0      0      0      0     89      0      0 
  3831   3967   3882   4174   4102   3804   3442   4185   4290   4208   3808   3579   4134   4519   4093   3850  13678   4668   4224 
 17236  13361     51    152   3882   3804   3967   4102   3831   4174   4208   4290   4185   4134  13678   4519   4668   4093   4224   3850   3579   3808   3442  13575  26304      0      0  65535 
     0      0      0      0      0      0      0      0      0      0      0      0      0      0      0      0      0      0      0 
     0      0      0      0      0      0      0      0      0      0      0      0      0      0      0      0      0      0      0 
     0      0      0      0      0      0      0      0      0      0      0      0      0      0      0      0      0      0      0 
0 -1 -1
     0      0      0      0      0      0      0      0      0      0      0      0      0      0      0      0     86      0      0 
  3832   3967   3880   4175   4104   3805   3441   4185   4289   4209   3809   3580   4135   4519   4093   3850  13537   4665   4224 
 17236  13361     51    152   3880   3805   3967   4104   3832   4175   4209   4289   4185   4135  13537   4519   4665   4093   4224   3850   3580   3809   3441  13575  26304      0      0  65535 
     0      0      0      0      0      0      0      0      0      0      0      0      0      0      0      0      0      0      0 
     0      0      0      0      0      0      0      0      0      0      0      0      0      0      0      0      0      0      0 
     0      0      0      0      0      0      0      0      0      0      0      0      0      0      0      0      0      0      0 
0 -1 -1
     0      0      0      0      0      0      0      0      0      0      0      0      0      0      0      0     88      0      0 
  3832   3967   3881   4175   4103   3804   3441   4186   4290   4210   3809   3578   4135   4518   4091   3852  13627   4666   4224 
 17236  13361     51    152   3881   3804   3967   4103   3832   4175   4210   4290   4186   4135  13627   4518   4666   4091   4224   3852   3578   3809   3441  13574  26304      0      0  65535 
     0      0      0      0      0      0      0      0      0      0      0      0      0      0      0      0      0      0      0 
     0      0      0      0      0      0      0      0      0      0      0      0      0      0      0      0      0      0      0 
     0      0      0      0      0      0      0      0      0      0      0      0      0      0      0      0      0      0      0 
0 -1 -1
