     1      1      2      1      2      1      2      0      2      3      4      2      1      2      2      2      0      2      1 
  6044   6233   5993   6534   6524   6091   5573   6455   6652   6679   6218   5769   6511   6941   6499   6192  10713   7175   6545 
 17236  13361     51    162   5993   6091   6233   6524   6044   6534   6679   6652   6455   6511  10713   6941   7175   6499   6545   6192   5769   6218   5573  13560  26304      0      0  65535 
     0      0      0      0      0      0      0      0      0      0      0      0      0      0      0      0      0      0      0 
     0      0      0      0      0      0      0      0      0      0      0      0      0      0      0      0      0      0      0 
     0      0      0      0      0      0      0      0      0      0      0      0      0      0      0      0      0      0      0 
0 -1 -1
     2      4      4     11     10      5      5      1      8     19     11      5      3      5      7      4      0      4      2 
  6128   6345   6085   7101   6729   6195   5685   6502   6817   7044   6405   5849   6566   7018   6619   6325  10446   7251   6604 
 17236  13361     51    162   6085   6195   6345   6729   6128   7101   7044   6817   6502   6566  10446   7018   7251   6619   6604   6325   5849   6405   5685  13560  26304      1      0  65535 
     0      0      0      0      0      0      0      0      0      0      0      0      0      0      0      0      0      0      0 
     0      0      0      0      0      0      0      0      0      0      0      0      0      0      0      0      0      0      0 
     0      0      0      0      0      0      0      0      0      0      0      0      0      0      0      0      0      0      0 
0 -1 -1
     2      4      4     16     12      6      5      1      9     24     12      5      3      5      7      5      0      4      2 
  6148   6365   6099   7335   6782   6228   5701   6510   6845   7153   6432   5857   6573   7033   6637   6342  10471   7259   6608 
 17236  13361     51    162   6099   6228   6365   6782   6148   7335   7153   6845   6510   6573  10471   7033   7259   6637   6608   6342   5857   6432   5701  13560  26304      0      0  65535 
     0      0      0      0      0      0      0      0      0      0      0      0      0      0      0      0      0      0      0 
     0      0      0      0      0      0      0      0      0      0      0      0      0      0      0      0      0      0      0 
     0      0      0      0      0      0      0      0      0      0      0      0      0      0      0      0      0      0      0 
0 -1 -1
     3      5      5     28     18      9      7      2     12     41     18      6      4      8     10      6      0      5      2 
  6193   6410   6145   8008   6935   6308   5774   6536   6929   7564   6607   5894   6602   7088   6716   6428  10477   7302   6635 
 17236  13361     51    162   6145   6308   6410   6935   6193   8008   7564   6929   6536   6602  10477   7088   7302   6716   6635   6428   5894   6607   5774  13563  26304      0      1  65535 
     0      0      0      0      0      0      0      0      0      0      0      0      0      0      0      0      0      0      0 
     0      0      0      0      0      0      0      0      0      0      0      0      0      0      0      0      0      0      0 
     0      0      0      0      0      0      0      0      0      0      0      0      0      0      0      0      0      0      0 
0 -1 -1
     4      7      6     48     27     13      9      2     16     78     28      7      4     11     15      8      0      6      3 
  6261   6487   6216   9141   7173   6423   5863   6565   7039   8425   6874   5934   6640   7160   6831   6539  10577   7355   6661 
 17236  13361     51    162   6216   6423   6487   7173   6261   9141   8425   7039   6565   6640  10577   7160   7355   6831   6661   6539   5934   6874   5863  13563  26304      1      0  65535 
     0      0      0      0      0      0      0      0      0      0      0      0      0      0      0      0      0      0      0 
     0      0      0      0      0      0      0      0      0      0      0      0      0      0      0      0      0      0      0 
     0      0      0      0      0      0      0      0      0      0      0      0      0      0      0      0      0      0      0 
0 -1 -1
     5      9      8     64     35     16     11      2     19    112     37      8      5     13     19     10      0      7      3 
  6317   6552   6272  10021   7359   6503   5936   6586   7120   9222   7133   5970   6669   7214   6932   6628  10694   7393   6681 
 17236  13361     51    162   6272   6503   6552   7359   6317  10021   9222   7120   6586   6669  10694   7214   7393   6932   6681   6628   5970   7133   5936  13563  26305      1      0  65535 
     0      0      0      0      0      0      0      0      0      0      0      0      0      0      0      0      0      0      0 
     0      0      0      0      0      0      0      0      0      0      0      0      0      0      0      0      0      0      0 
     0      0      0      0      0      0      0      0      0      0      0      0      0      0      0      0      0      0      0 
0 -1 -1
     7     11     10     93     51     23     14      3     26    179     58     10      6     18     28     14      0      9      4 
  6433   6671   6389  11674   7776   6676   6081   6622   7301  10769   7685   6040   6725   7334   7142   6830  11353   7472   6721 
 17236  13361     51    162   6389   6676   6671   7776   6433  11674  10769   7301   6622   6725  11353   7334   7472   7142   6721   6830   6040   7685   6081  13563  26305      1      0  65535 
     0      0      0      0      0      0      0      0      0      0      0      0      0      0      0      0      0      0      0 
     0      0      0      0      0      0      0      0      0      0      0      0      0      0      0      0      0      0      0 
     0      0      0      0      0      0      0      0      0      0      0      0      0      0      0      0      0      0      0 
0 -1 -1
     8     14     12    117     65     28     17      3     32    233     77     12      8     23     36     17      1     10      4 
  6533   6779   6494  12968   8137   6824   6216   6651   7443  12046   8196   6104   6778   7447   7344   7009  12075   7543   6759 
 17236  13361     51    161   6494   6824   6779   8137   6533  12968  12046   7443   6651   6778  12075   7447   7543   7344   6759   7009   6104   8196   6216  13563  26305      0      0  65535 
     0      0      0      0      0      0      0      0      0      0      0      0      0      0      0      0      0      0      0 
     0      0      0      0      0      0      0      0      0      0      0      0      0      0      0      0      0      0      0 
     0      0      0      0      0      0      0      0      0      0      0      0      0      0      0      0      0      0      0 
0 -1 -1
    10     17     15    139     80     34     20      4     37    255     95     14      9     27     44     21     11     12      5 
  6632   6905   6609  14202   8506   6973   6332   6678   7595  13266   8687   6160   6834   7552   7541   7197  12508   7616   6794 
 17236  13361     51    161   6609   6973   6905   8506   6632  14202  13266   7595   6678   6834  12508   7552   7616   7541   6794   7197   6160   8687   6332  13564  26305      0      0  65535 
     0      0      0      0      0      0      0      0      0      0      0      0      0      0      0      0      0      0      0 
     0      0      0      0      0      0      0      0      0      0      0      0      0      0      0      0      0      0      0 
     0      0      0      0      0      0      0      0      0      0      0      0      0      0      0      0      0      0      0 
0 -1 -1
    11     19     17    154     90     38     22      4     41    255    106     15     10     31     50     24     10     13      5 
  6715   6999   6697  15035   8767   7085   6424   6700   7697  14144   9009   6198   6877   7638   7691   7363  12473   7677   6824 
 17236  13361     51    161   6697   7085   6999   8767   6715  15035  14144   7697   6700   6877  12473   7638   7677   7691   6824   7363   6198   9009   6424  13562  26305      1      0  65535 
     0      0      0      0      0      0      0      0      0      0      0      0      0      0      0      0      0      0      0 
     0      0      0      0      0      0      0      0      0      0      0      0      0      0      0      0      0      0      0 
     0      0      0      0      0      0      0      0      0      0      0      0      0      0      0      0      0      0      0 
0 -1 -1
    12     20     18    163     97     41     23      4     44    255    114     16     11     33     54     26      9     14      6 
  6762   7057   6751  15527   8923   7152   6488   6715   7758  14673   9203   6230   6906   7685   7795   7480  12430   7716   6845 
 17236  13361     51    161   6751   7152   7057   8923   6762  15527  14673   7758   6715   6906  12430   7685   7716   7795   6845   7480   6230   9203   6488  13562  26305      0      0  65535 
     0      0      0      0      0      0      0      0      0      0      0      0      0      0      0      0      0      0      0 
     0      0      0      0      0      0      0      0      0      0      0      0      0      0      0      0      0      0      0 
     0      0      0      0      0      0      0      0      0      0      0      0      0      0      0      0      0      0      0 
0 -1 -1
    13     21     19    171    102     43     24      4     46    255    119     17     11     35     57     28      4     15      6 
  6809   7105   6802  15970   9072   7214   6536   6727   7814  15136   9362   6255   6933   7729   7885   7578  12208   7749   6856 
 17236  13361     51    161   6802   7214   7105   9072   6809  15970  15136   7814   6727   6933  12208   7729   7749   7885   6856   7578   6255   9362   6536  13563  26306      0      0  65535 
     0      0      0      0      0      0      0      0      0      0      0      0      0      0      0      0      0      0      0 
     0      0      0      0      0      0      0      0      0      0      0      0      0      0      0      0      0      0      0 
     0      0      0      0      0      0      0      0      0      0      0      0      0      0      0      0      0      0      0 
0 -1 -1
    13     22     20    178    108     45     26      5     48    255    125     18     12     36     61     30      3     15      6 
  6853   7152   6850  16354   9203   7264   6590   6739   7865  15547   9525   6286   6959   7776   7981   7688  12153   7784   6876 
 17236  13361     51    161   6850   7264   7152   9203   6853  16354  15547   7865   6739   6959  12153   7776   7784   7981   6876   7688   6286   9525   6590  13564  26305      0      0  65535 
     0      0      0      0      0      0      0      0      0      0      0      0      0      0      0      0      0      0      0 
     0      0      0      0      0      0      0      0      0      0      0      0      0      0      0      0      0      0      0 
     0      0      0      0      0      0      0      0      0      0      0      0      0      0      0      0      0      0      0 
0 -1 -1
    14     24     21    184    113     47     27      5     50    255    131     18     13     38     64     32      3     16      6 
  6897   7197   6894  16719   9336   7314   6640   6750   7917  15942   9684   6312   6983   7823   8043   7791  12156   7816   6895 
 17236  13361     51    160   6894   7314   7197   9336   6897  16719  15942   7917   6750   6983  12156   7823   7816   8043   6895   7791   6312   9684   6640  13564  26305      0      0  65535 
     0      0      0      0      0      0      0      0      0      0      0      0      0      0      0      0      0      0      0 
     0      0      0      0      0      0      0      0      0      0      0      0      0      0      0      0      0      0      0 
     0      0      0      0      0      0      0      0      0      0      0      0      0      0      0      0      0      0      0 
0 -1 -1
    15     24     22    190    117     48     28      5     51    255    137     19     13     40     67     34      3     17      7 
  6943   7237   6936  17046   9445   7358   6688   6760   7966  16290   9828   6335   7003   7867   8124   7880  12148   7845   6911 
 17236  13361     51    160   6936   7358   7237   9445   6943  17046  16290   7966   6760   7003  12148   7867   7845   8124   6911   7880   6335   9828   6688  13564  26304      0      0  65535 
     0      0      0      0      0      0      0      0      0      0      0      0      0      0      0      0      0      0      0 
     0      0      0      0      0      0      0      0      0      0      0      0      0      0      0      0      0      0      0 
     0      0      0      0      0      0      0      0      0      0      0      0      0      0      0      0      0      0      0 
0 -1 -1
    15     25     22    194    121     49     29      5     53    255    140     20     13     42     69     35      6     17      7 
  6975   7265   6965  17295   9531   7393   6722   6768   8000  16557   9926   6352   7019   7898   8186   7935  12303   7867   6921 
 17236  13361     51    160   6965   7393   7265   9531   6975  17295  16557   8000   6768   7019  12303   7898   7867   8186   6921   7935   6352   9926   6722  13564  26304      0      0  65535 
     0      0      0      0      0      0      0      0      0      0      0      0      0      0      0      0      0      0      0 
     0      0      0      0      0      0      0      0      0      0      0      0      0      0      0      0      0      0      0 
     0      0      0      0      0      0      0      0      0      0      0      0      0      0      0      0      0      0      0 
0 -1 -1
    16     26     23    202    127     52     30      5     55    255    147     21     14     44     73     37      6     18      7 
  7029   7322   7020  17712   9690   7453   6785   6782   8064  16988  10104   6384   7047   7956   8288   8043  12278   7906   6937 
 17236  13361     51    160   7020   7453   7322   9690   7029  17712  16988   8064   6782   7047  12278   7956   7906   8288   6937   8043   6384  10104   6785  13575  26304      0      0  65535 
     0      0      0      0      0      0      0      0      0      0      0      0      0      0      0      0      0      0      0 
     0      0      0      0      0      0      0      0      0      0      0      0      0      0      0      0      0      0      0 
     0      0      0      0      0      0      0      0      0      0      0      0      0      0      0      0      0      0      0 
0 -1 -1
    17     28     25    212    135     55     33      6     58    255    157     22     15     47     80     41     14     19      8 
  7097   7402   7093  18252   9902   7532   6885   6803   8150  17568  10384   6440   7091   8039   8448   8237  12632   7972   6974 
 17236  13361     51    160   7093   7532   7402   9902   7097  18252  17568   8150   6803   7091  12632   8039   7972   8448   6974   8237   6440  10384   6885  13566  26305      0      0  65535 
     0      0      0      0      0      0      0      0      0      0      0      0      0      0      0      0      0      0      0 
     0      0      0      0      0      0      0      0      0      0      0      0      0      0      0      0      0      0      0 
     0      0      0      0      0      0      0      0      0      0      0      0      0      0      0      0      0      0      0 
0 -1 -1
    19     32     28    227    150     60     36      6     64    255    172     25     17     53     89     47     22     22      8 
  7234   7544   7223  19132  10272   7674   7037   6827   8295  18525  10806   6529   7157   8178   8688   8530  13009   8075   7029 
 17236  13361     51    160   7223   7674   7544  10272   7234  19132  18525   8295   6827   7157  13009   8178   8075   8688   7029   8530   6529  10806   7037  13565  26305      0      0  65535 
     0      0      0      0      0      0      0      0      0      0      0      0      0      0      0      0      0      0      0 
     0      0      0      0      0      0      0      0      0      0      0      0      0      0      0      0      0      0      0 
     0      0      0      0      0      0      0      0      0      0      0      0      0      0      0      0      0      0      0 
0 -1 -1
    21     35     31    243    163     65     39      6     69    255    184     27     18     58     97     51     20     24      9 
  7371   7680   7355  19977  10609   7807   7158   6850   8422  19424  11122   6603   7213   8302   8883   8781  12899   8169   7070 
 17236  13361     51    160   7355   7807   7680  10609   7371  19977  19424   8422   6850   7213  12899   8302   8169   8883   7070   8781   6603  11122   7158  13562  26305      0      0  65535 
     0      0      0      0      0      0      0      0      0      0      0      0      0      0      0      0      0      0      0 
     0      0      0      0      0      0      0      0      0      0      0      0      0      0      0      0      0      0      0 
     0      0      0      0      0      0      0      0      0      0      0      0      0      0      0      0      0      0      0 
0 -1 -1
    22     36     32    248    168     67     40      6     70    255    187     28     19     61    100     53     20     25      9 
  7420   7734   7407  20304  10727   7856   7204   6864   8456  19788  11212   6628   7232   8354   8952   8879  12916   8210   7079 
 17236  13361     51    160   7407   7856   7734  10727   7420  20304  19788   8456   6864   7232  12916   8354   8210   8952   7079   8879   6628  11212   7204  13556  26304      0      0  65535 
     0      0      0      0      0      0      0      0      0      0      0      0      0      0      0      0      0      0      0 
     0      0      0      0      0      0      0      0      0      0      0      0      0      0      0      0      0      0      0 
     0      0      0      0      0      0      0      0      0      0      0      0      0      0      0      0      0      0      0 
0 -1 -1
    22     36     31    247    165     66     39      6     69    255    182     27     18     60     97     52     11     24      9 
  7397   7723   7394  20201  10665   7839   7158   6856   8422  19711  11077   6600   7208   8329   8888   8787  12518   8184   7064 
 17236  13361     51    160   7394   7839   7723  10665   7397  20201  19711   8422   6856   7208  12518   8329   8184   8888   7064   8787   6600  11077   7158  13553  26304      0      0  65535 
     0      0      0      0      0      0      0      0      0      0      0      0      0      0      0      0      0      0      0 
     0      0      0      0      0      0      0      0      0      0      0      0      0      0      0      0      0      0      0 
     0      0      0      0      0      0      0      0      0      0      0      0      0      0      0      0      0      0      0 
0 -1 -1
    18     31     27    222    143     58     32      5     59    255    154     22     15     50     80     42      0     20      7 
  7168   7505   7186  18852  10088   7618   6880   6775   8161  18479  10304   6430   7092   8102   8441   8276  10847   7996   6953 
 17236  13361     51    160   7186   7618   7505  10088   7168  18852  18479   8161   6775   7092  10847   8102   7996   8441   6953   8276   6430  10304   6880  13551  26304      1      0  65535 
     0      0      0      0      0      0      0      0      0      0      0      0      0      0      0      0      0      0      0 
     0      0      0      0      0      0      0      0      0      0      0      0      0      0      0      0      0      0      0 
     0      0      0      0      0      0      0      0      0      0      0      0      0      0      0      0      0      0      0 
0 -1 -1
    12     21     18    170     95     41     22      3     40    255    101     14     10     33     47     25      0     13      5 
  6750   7075   6775  15935   8896   7172   6419   6662   7662  15679   8865   6177   6887   7691   7634   7419  11333   7687   6796 
 17236  13361     51    161   6775   7172   7075   8896   6750  15935  15679   7662   6662   6887  11333   7691   7687   7634   6796   7419   6177   8865   6419  13553  26304      0      0  65535 
     0      0      0      0      0      0      0      0      0      0      0      0      0      0      0      0      0      0      0 
     0      0      0      0      0      0      0      0      0      0      0      0      0      0      0      0      0      0      0 
     0      0      0      0      0      0      0      0      0      0      0      0      0      0      0      0      0      0      0 
0 -1 -1
     6     12     10    108     48     24     12      2     22    239     48      9      6     18     22     12      0      8      3 
  6395   6683   6407  12469   7698   6710   6013   6574   7192  12181   7410   5987   6706   7330   7001   6726  11701   7439   6679 
 17236  13361     51    161   6407   6710   6683   7698   6395  12469  12181   7192   6574   6706  11701   7330   7439   7001   6679   6726   5987   7410   6013  13557  26304      0      0  65535 
     0      0      0      0      0      0      0      0      0      0      0      0      0      0      0      0      0      0      0 
     0      0      0      0      0      0      0      0      0      0      0      0      0      0      0      0      0      0      0 
     0      0      0      0      0      0      0      0      0      0      0      0      0      0      0      0      0      0      0 
0 -1 -1
     2      5      4     38     13      9      5      1      8     72     12      5      3      7      7      4      0      4      2 
  6148   6379   6129   8606   6810   6309   5704   6503   6824   8283   6430   5838   6572   7061   6640   6311  11374   7252   6589 
 17236  13361     51    162   6129   6309   6379   6810   6148   8606   8283   6824   6503   6572  11374   7061   7252   6640   6589   6311   5838   6430   5704  13557  26305      0      0  65535 
     0      0      0      0      0      0      0      0      0      0      0      0      0      0      0      0      0      0      0 
     0      0      0      0      0      0      0      0      0      0      0      0      0      0      0      0      0      0      0 
     0      0      0      0      0      0      0      0      0      0      0      0      0      0      0      0      0      0      0 
0 -1 -1
     1      3      2     11      5      4      3      1      4     17      5      3      2      3      3      2      0      2      1 
  6075   6289   6035   7061   6603   6171   5594   6469   6705   6998   6245   5775   6525   6975   6538   6209  11588   7182   6547 
 17236  13361     51    162   6035   6171   6289   6603   6075   7061   6998   6705   6469   6525  11588   6975   7182   6538   6547   6209   5775   6245   5594  13558  26303      0      0  65535 
     0      0      0      0      0      0      0      0      0      0      0      0      0      0      0      0      0      0      0 
     0      0      0      0      0      0      0      0      0      0      0      0      0      0      0      0      0      0      0 
     0      0      0      0      0      0      0      0      0      0      0      0      0      0      0      0      0      0      0 
0 -1 -1
     0      1      1      1      1      1      1      0      0      2      1      1      0      1      0      0      0      1      0 
  6017   6206   5956   6499   6498   6080   5507   6433   6620   6647   6141   5708   6470   6915   6466   6128  11896   7107   6496 
 17236  13361     51    162   5956   6080   6206   6498   6017   6499   6647   6620   6433   6470  11896   6915   7107   6466   6496   6128   5708   6141   5507  13557  26303      0      0  65535 
     0      0      0      0      0      0      0      0      0      0      0      0      0      0      0      0      0      0      0 
     0      0      0      0      0      0      0      0      0      0      0      0      0      0      0      0      0      0      0 
     0      0      0      0      0      0      0      0      0      0      0      0      0      0      0      0      0      0      0 
0 -1 -1
     0      0      0      0      0      0      0      0      0      0      0      0      0      0      0      0      0      0      0 
  5997   6173   5924   6473   6478   6060   5481   6422   6601   6607   6113   5683   6445   6896   6447   6102  11937   7076   6475 
 17236  13361     51    163   5924   6060   6173   6478   5997   6473   6607   6601   6422   6445  11937   6896   7076   6447   6475   6102   5683   6113   5481  13557  26303      0      0  65535 
     0      0      0      0      0      0      0      0      0      0      0      0      0      0      0      0      0      0      0 
     0      0      0      0      0      0      0      0      0      0      0      0      0      0      0      0      0      0      0 
     0      0      0      0      0      0      0      0      0      0      0      0      0      0      0      0      0      0      0 
0 -1 -1
     0      0      0      0      0      0      0      0      0      0      0      0      0      0      0      0      0      0      0 
  5997   6168   5910   6469   6476   6056   5473   6425   6601   6601   6099   5675   6444   6894   6446   6099  11856   7067   6471 
 17236  13361     51    163   5910   6056   6168   6476   5997   6469   6601   6601   6425   6444  11856   6894   7067   6446   6471   6099   5675   6099   5473  13557  26304      0      0  65535 
     0      0      0      0      0      0      0      0      0      0      0      0      0      0      0      0      0      0      0 
     0      0      0      0      0      0      0      0      0      0      0      0      0      0      0      0      0      0      0 
     0      0      0      0      0      0      0      0      0      0      0      0      0      0      0      0      0      0      0 
0 -1 -1
     0      0      0      0      0      0      0      0      0      0      0      0      0      0      0      0      0      0      0 
  5996   6167   5910   6468   6474   6056   5474   6423   6599   6599   6107   5674   6445   6893   6446   6098  11809   7068   6471 
 17236  13361     51    163   5910   6056   6167   6474   5996   6468   6599   6599   6423   6445  11809   6893   7068   6446   6471   6098   5674   6107   5474  13556  26304      0      0  65535 
     0      0      0      0      0      0      0      0      0      0      0      0      0      0      0      0      0      0      0 
     0      0      0      0      0      0      0      0      0      0      0      0      0      0      0      0      0      0      0 
     0      0      0      0      0      0      0      0      0      0      0      0      0      0      0      0      0      0      0 
0 -1 -1
     0      0      0      0      0      0      0      0      0      0      0      0      0      0      0      0      0      0      0 
  5996   6167   5911   6466   6474   6055   5473   6421   6600   6596   6106   5673   6443   6894   6444   6098  11781   7065   6473 
 17236  13361     51    163   5911   6055   6167   6474   5996   6466   6596   6600   6421   6443  11781   6894   7065   6444   6473   6098   5673   6106   5473  13559  26304      0      0  65535 
     0      0      0      0      0      0      0      0      0      0      0      0      0      0      0      0      0      0      0 
     0      0      0      0      0      0      0      0      0      0      0      0      0      0      0      0      0      0      0 
     0      0      0      0      0      0      0      0      0      0      0      0      0      0      0      0      0      0      0 
0 -1 -1
     0      0      0      0      0      0      0      0      0      0      0      0      0      0      0      0      0      0      0 
  5994   6167   5911   6465   6473   6056   5473   6423   6598   6595   6106   5673   6443   6893   6444   6098  11747   7067   6471 
 17236  13361     51    163   5911   6056   6167   6473   5994   6465   6595   6598   6423   6443  11747   6893   7067   6444   6471   6098   5673   6106   5473  13561  26303      1      0  65535 
     0      0      0      0      0      0      0      0      0      0      0      0      0      0      0      0      0      0      0 
     0      0      0      0      0      0      0      0      0      0      0      0      0      0      0      0      0      0      0 
     0      0      0      0      0      0      0      0      0      0      0      0      0      0      0      0      0      0      0 
0 -1 -1
     0      0      0      0      0      0      0      0      0      0      0      0      0      0      0      0      0      0      0 
  5997   6166   5909   6465   6471   6055   5472   6422   6597   6595   6106   5673   6444   6892   6443   6096  11768   7067   6471 
 17236  13361     51    162   5909   6055   6166   6471   5997   6465   6595   6597   6422   6444  11768   6892   7067   6443   6471   6096   5673   6106   5472  13561  26305      0      0  65535 
     0      0      0      0      0      0      0      0      0      0      0      0      0      0      0      0      0      0      0 
     0      0      0      0      0      0      0      0      0      0      0      0      0      0      0      0      0      0      0 
     0      0      0      0      0      0      0      0      0      0      0      0      0      0      0      0      0      0      0 
0 -1 -1
     0      0      0      0      0      0      0      0      0      0      0      0      0      0      0      0      0      0      0 
  5996   6166   5909   6464   6474   6055   5471   6422   6597   6595   6105   5672   6442   6892   6444   6095  11800   7066   6471 
 17236  13361     51    163   5909   6055   6166   6474   5996   6464   6595   6597   6422   6442  11800   6892   7066   6444   6471   6095   5672   6105   5471  13561  26304      0      0  65535 
     0      0      0      0      0      0      0      0      0      0      0      0      0      0      0      0      0      0      0 
     0      0      0      0      0      0      0      0      0      0      0      0      0      0      0      0      0      0      0 
     0      0      0      0      0      0      0      0      0      0      0      0      0      0      0      0      0      0      0 
0 -1 -1
     0      0      0      0      0      0      0      0      0      0      0      0      0      0      0      0      0      0      0 
  5995   6166   5908   6463   6470   6055   5472   6423   6596   6594   6104   5672   6441   6892   6443   6097  11778   7065   6469 
 17236  13361     51    163   5908   6055   6166   6470   5995   6463   6594   6596   6423   6441  11778   6892   7065   6443   6469   6097   5672   6104   5472  13564  26304      0      0  65535 
     0      0      0      0      0      0      0      0      0      0      0      0      0      0      0      0      0      0      0 
     0      0      0      0      0      0      0      0      0      0      0      0      0      0      0      0      0      0      0 
     0      0      0      0      0      0      0      0      0      0      0      0      0      0      0      0      0      0      0 
0 -1 -1
     0      0      0      0      0      0      0      0      0      0      0      0      0      0      0      0      0      0      0 
  5993   6165   5909   6464   6473   6054   5473   6421   6599   6594   6104   5673   6442   6891   6442   6096  11813   7066   6471 
 17236  13361     51    163   5909   6054   6165   6473   5993   6464   6594   6599   6421   6442  11813   6891   7066   6442   6471   6096   5673   6104   5473  13568  26304      0      1  65535 
     0      0      0      0      0      0      0      0      0      0      0      0      0      0      0      0      0      0      0 
     0      0      0      0      0      0      0      0      0      0      0      0      0      0      0      0      0      0      0 
     0      0      0      0      0      0      0      0      0      0      0      0      0      0      0      0      0      0      0 
0 -1 -1
     0      0      0      0      0      0      0      0      0      0      0      0      0      0      0      0      0      0      0 
  5994   6165   5910   6463   6472   6050   5470   6422   6597   6592   6103   5671   6442   6891   6442   6095  11862   7066   6470 
 17236  13361     51    163   5910   6050   6165   6472   5994   6463   6592   6597   6422   6442  11862   6891   7066   6442   6470   6095   5671   6103   5470  13568  26305      0      1  65535 
     0      0      0      0      0      0      0      0      0      0      0      0      0      0      0      0      0      0      0 
     0      0      0      0      0      0      0      0      0      0      0      0      0      0      0      0      0      0      0 
     0      0      0      0      0      0      0      0      0      0      0      0      0      0      0      0      0      0      0 
0 -1 -1
     0      0      0      0      0      0      0      0      0      0      0      0      0      0      0      0      0      0      0 
  5993   6164   5908   6463   6470   6053   5471   6421   6596   6591   6103   5673   6443   6891   6441   6094  11821   7064   6470 
 17236  13361     51    163   5908   6053   6164   6470   5993   6463   6591   6596   6421   6443  11821   6891   7064   6441   6470   6094   5673   6103   5471  13564  26303      0      0  65535 
     0      0      0      0      0      0      0      0      0      0      0      0      0      0      0      0      0      0      0 
     0      0      0      0      0      0      0      0      0      0      0      0      0      0      0      0      0      0      0 
     0      0      0      0      0      0      0      0      0      0      0      0      0      0      0      0      0      0      0 
0 -1 -1
     0      0      0      0      0      0      0      0      0      0      0      0      0      0      0      0      0      0      0 
  5995   6163   5907   6464   6470   6053   5470   6422   6598   6592   6101   5672   6442   6889   6441   6095  11814   7064   6470 
 17236  13361     51    163   5907   6053   6163   6470   5995   6464   6592   6598   6422   6442  11814   6889   7064   6441   6470   6095   5672   6101   5470  13565  26305      0      0  65535 
     0      0      0      0      0      0      0      0      0      0      0      0      0      0      0      0      0      0      0 
     0      0      0      0      0      0      0      0      0      0      0      0      0      0      0      0      0      0      0 
     0      0      0      0      0      0      0      0      0      0      0      0      0      0      0      0      0      0      0 
0 -1 -1
     0      0      0      0      0      0      0      0      0      0      0      0      0      0      0      0      0      0      0 
  5993   6165   5907   6463   6470   6053   5471   6420   6597   6593   6104   5670   6439   6891   6440   6094  11808   7065   6470 
 17236  13361     51    163   5907   6053   6165   6470   5993   6463   6593   6597   6420   6439  11808   6891   7065   6440   6470   6094   5670   6104   5471  13565  26305      0      1  65535 
     0      0      0      0      0      0      0      0      0      0      0      0      0      0      0      0      0      0      0 
     0      0      0      0      0      0      0      0      0      0      0      0      0      0      0      0      0      0      0 
     0      0      0      0      0      0      0      0      0      0      0      0      0      0      0      0      0      0      0 
0 -1 -1
     0      0      0      0      0      0      0      0      0      0      0      0      0      0      0      0      0      0      0 
  5993   6164   5908   6462   6470   6052   5469   6420   6595   6591   6102   5671   6440   6889   6441   6093  11807   7064   6471 
 17236  13361     51    163   5908   6052   6164   6470   5993   6462   6591   6595   6420   6440  11807   6889   7064   6441   6471   6093   5671   6102   5469  13565  26305      1      0  65535 
     0      0      0      0      0      0      0      0      0      0      0      0      0      0      0      0      0      0      0 
     0      0      0      0      0      0      0      0      0      0      0      0      0      0      0      0      0      0      0 
     0      0      0      0      0      0      0      0      0      0      0      0      0      0      0      0      0      0      0 
0 -1 -1
     0      0      0      0      0      0      0      0      0      0      0      0      0      0      0      0      0      0      0 
  5993   6163   5906   6463   6469   6052   5469   6420   6595   6590   6101   5670   6438   6888   6440   6094  11864   7064   6467 
 17236  13361     51    163   5906   6052   6163   6469   5993   6463   6590   6595   6420   6438  11864   6888   7064   6440   6467   6094   5670   6101   5469  13565  26305      0      0  65535 
     0      0      0      0      0      0      0      0      0      0      0      0      0      0      0      0      0      0      0 
     0      0      0      0      0      0      0      0      0      0      0      0      0      0      0      0      0      0      0 
     0      0      0      0      0      0      0      0      0      0      0      0      0      0      0      0      0      0      0 
0 -1 -1
     0      0      0      0      0      0      0      0      0      0      0      0      0      0      0      0      0      0      0 
  5993   6164   5909   6462   6470   6052   5469   6419   6596   6592   6100   5670   6438   6889   6440   6093  11849   7064   6468 
 17236  13361     51    163   5909   6052   6164   6470   5993   6462   6592   6596   6419   6438  11849   6889   7064   6440   6468   6093   5670   6100   5469  13566  26303      0      1  65535 
     0      0      0      0      0      0      0      0      0      0      0      0      0      0      0      0      0      0      0 
     0      0      0      0      0      0      0      0      0      0      0      0      0      0      0      0      0      0      0 
     0      0      0      0      0      0      0      0      0      0      0      0      0      0      0      0      0      0      0 
0 -1 -1
     0      0      0      0      0      0      0      0      0      0      0      0      0      0      0      0      0      0      0 
  5993   6163   5907   6461   6469   6053   5469   6419   6596   6590   6101   5670   6439   6887   6440   6094  11860   7063   6467 
 17236  13361     51    163   5907   6053   6163   6469   5993   6461   6590   6596   6419   6439  11860   6887   7063   6440   6467   6094   5670   6101   5469  13566  26304      0      1  65535 
     0      0      0      0      0      0      0      0      0      0      0      0      0      0      0      0      0      0      0 
     0      0      0      0      0      0      0      0      0      0      0      0      0      0      0      0      0      0      0 
     0      0      0      0      0      0      0      0      0      0      0      0      0      0      0      0      0      0      0 
0 -1 -1
     0      0      0      0      0      0      0      0      0      0      0      0      0      0      0      0      0      0      0 
  5992   6163   5907   6461   6469   6051   5468   6419   6594   6589   6101   5669   6438   6888   6440   6093  11843   7063   6468 
 17236  13361     51    163   5907   6051   6163   6469   5992   6461   6589   6594   6419   6438  11843   6888   7063   6440   6468   6093   5669   6101   5468  13567  26304      0      1  65535 
     0      0      0      0      0      0      0      0      0      0      0      0      0      0      0      0      0      0      0 
     0      0      0      0      0      0      0      0      0      0      0      0      0      0      0      0      0      0      0 
     0      0      0      0      0      0      0      0      0      0      0      0      0      0      0      0      0      0      0 
0 -1 -1
     0      0      0      0      0      0      0      0      0      0      0      0      0      0      0      0      0      0      0 
  5993   6162   5907   6461   6470   6051   5469   6420   6595   6590   6101   5669   6439   6888   6439   6092  11746   7061   6467 
 17236  13361     51    163   5907   6051   6162   6470   5993   6461   6590   6595   6420   6439  11746   6888   7061   6439   6467   6092   5669   6101   5469  13567  26304      1      0  65535 
     0      0      0      0      0      0      0      0      0      0      0      0      0      0      0      0      0      0      0 
     0      0      0      0      0      0      0      0      0      0      0      0      0      0      0      0      0      0      0 
     0      0      0      0      0      0      0      0      0      0      0      0      0      0      0      0      0      0      0 
0 -1 -1
     0      0      0      0      0      0      0      0      0      0      0      0      0      0      0      0      0      0      0 
  5990   6163   5907   6461   6469   6052   5469   6420   6594   6588   6100   5669   6439   6888   6438   6091  11782   7062   6467 
 17236  13361     51    163   5907   6052   6163   6469   5990   6461   6588   6594   6420   6439  11782   6888   7062   6438   6467   6091   5669   6100   5469  13567  26305      0      0  65535 
     0      0      0      0      0      0      0      0      0      0      0      0      0      0      0      0      0      0      0 
     0      0      0      0      0      0      0      0      0      0      0      0      0      0      0      0      0      0      0 
     0      0      0      0      0      0      0      0      0      0      0      0      0      0      0      0      0      0      0 
0 -1 -1
