     0      0      0      0      0      0      0      0      0      0      0      0      0      0      0      0      0      0      0 
  6083   6257   5992   6560   6578   6156   5557   6518   6704   6701   6212   5765   6545   7004   6556   6203  12263   7176   6581 
 17236  13361     51    162   5992   6156   6257   6578   6083   6560   6701   6704   6518   6545  12263   7004   7176   6556   6581   6203   5765   6212   5557  13566  26304      0      1  65535 
     0      0      0      0      0      0      0      0      0      0      0      0      0      0      0      0      0      0      0 
     0      0      0      0      0      0      0      0      0      0      0      0      0      0      0      0      0      0      0 
     0      0      0      0      0      0      0      0      0      0      0      0      0      0      0      0      0      0      0 
0 -1 -1
     0      0      0      0      0      0      0      0      0      0      0      0      0      0      0      0      0      0      0 
  6082   6258   5990   6568   6580   6158   5557   6517   6709   6705   6219   5766   6546   7006   6559   6205  12064   7183   6595 
 17236  13361     51    162   5990   6158   6258   6580   6082   6568   6705   6709   6517   6546  12064   7006   7183   6559   6595   6205   5766   6219   5557  13565  26304      0      0  65535 
     0      0      0      0      0      0      0      0      0      0      0      0      0      0      0      0      0      0      0 
     0      0      0      0      0      0      0      0      0      0      0      0      0      0      0      0      0      0      0 
     0      0      0      0      0      0      0      0      0      0      0      0      0      0      0      0      0      0      0 
0 -1 -1
     0      0      0      0      0      0      0      0      0      0      0      0      0      0      0      0      0      0      0 
  6085   6260   5990   6576   6583   6160   5559   6519   6714   6707   6220   5765   6551   7009   6559   6206  11935   7191   6604 
 17236  13361     51    162   5990   6160   6260   6583   6085   6576   6707   6714   6519   6551  11935   7009   7191   6559   6604   6206   5765   6220   5559  13565  26304      0      0  65535 
     0      0      0      0      0      0      0      0      0      0      0      0      0      0      0      0      0      0      0 
     0      0      0      0      0      0      0      0      0      0      0      0      0      0      0      0      0      0      0 
     0      0      0      0      0      0      0      0      0      0      0      0      0      0      0      0      0      0      0 
0 -1 -1
     0      0      0      0      0      0      0      0      0      0      0      0      0      0      0      0      0      0      0 
  6099   6262   5990   6591   6586   6159   5561   6518   6717   6710   6223   5767   6557   7011   6561   6208  11833   7194   6610 
 17236  13361     51    162   5990   6159   6262   6586   6099   6591   6710   6717   6518   6557  11833   7011   7194   6561   6610   6208   5767   6223   5561  13566  26304      0      0  65535 
     0      0      0      0      0      0      0      0      0      0      0      0      0      0      0      0      0      0      0 
     0      0      0      0      0      0      0      0      0      0      0      0      0      0      0      0      0      0      0 
     0      0      0      0      0      0      0      0      0      0      0      0      0      0      0      0      0      0      0 
0 -1 -1
     1      0      0      1      0      0      0      0      0      0      0      0      0      0      0      0      0      0      1 
  6135   6272   5991   6613   6593   6162   5564   6529   6720   6714   6227   5774   6572   7015   6561   6216  11721   7201   6619 
 17236  13361     51    163   5991   6162   6272   6593   6135   6613   6714   6720   6529   6572  11721   7015   7201   6561   6619   6216   5774   6227   5564  13566  26305      0      0  65535 
     0      0      0      0      0      0      0      0      0      0      0      0      0      0      0      0      0      0      0 
     0      0      0      0      0      0      0      0      0      0      0      0      0      0      0      0      0      0      0 
     0      0      0      0      0      0      0      0      0      0      0      0      0      0      0      0      0      0      0 
0 -1 -1
     2      1      0      1      0      0      0      0      1      1      1      0      1      1      0      1      0      1      1 
  6186   6288   6002   6644   6599   6171   5574   6545   6733   6724   6242   5785   6593   7024   6572   6232  11464   7218   6634 
 17236  13361     51    163   6002   6171   6288   6599   6186   6644   6724   6733   6545   6593  11464   7024   7218   6572   6634   6232   5785   6242   5574  13566  26305      0      0  65535 
     0      0      0      0      0      0      0      0      0      0      0      0      0      0      0      0      0      0      0 
     0      0      0      0      0      0      0      0      0      0      0      0      0      0      0      0      0      0      0 
     0      0      0      0      0      0      0      0      0      0      0      0      0      0      0      0      0      0      0 
0 -1 -1
     2      1      0      2      1      1      1      1      2      3      3      1      2      2      1      1      0      2      1 
  6246   6312   6015   6683   6617   6200   5611   6570   6772   6779   6300   5802   6641   7059   6596   6267  11065   7262   6677 
 17236  13361     51    162   6015   6200   6312   6617   6246   6683   6779   6772   6570   6641  11065   7059   7262   6596   6677   6267   5802   6300   5611  13564  26304      1      0  65535 
     0      0      0      0      0      0      0      0      0      0      0      0      0      0      0      0      0      0      0 
     0      0      0      0      0      0      0      0      0      0      0      0      0      0      0      0      0      0      0 
     0      0      0      0      0      0      0      0      0      0      0      0      0      0      0      0      0      0      0 
0 -1 -1
     3      2      1      3      3      5      4      1      6     10      8      2      4      6      3      2      0      3      2 
  6311   6345   6041   6739   6664   6293   5751   6605   6858   6931   6434   5832   6734   7150   6640   6319  10751   7332   6738 
 17236  13361     51    162   6041   6293   6345   6664   6311   6739   6931   6858   6605   6734  10751   7150   7332   6640   6738   6319   5832   6434   5751  13565  26304      0      0  65535 
     0      0      0      0      0      0      0      0      0      0      0      0      0      0      0      0      0      0      0 
     0      0      0      0      0      0      0      0      0      0      0      0      0      0      0      0      0      0      0 
     0      0      0      0      0      0      0      0      0      0      0      0      0      0      0      0      0      0      0 
0 -1 -1
     4      2      1      4      4      7      8      1      7     14     11      2      5      8      4      3      0      4      3 
  6335   6359   6053   6762   6687   6339   5903   6622   6902   7037   6513   5839   6781   7202   6667   6342  10686   7363   6764 
 17236  13361     51    162   6053   6339   6359   6687   6335   6762   7037   6902   6622   6781  10686   7202   7363   6667   6764   6342   5839   6513   5903  13568  26303      0      0  65535 
     0      0      0      0      0      0      0      0      0      0      0      0      0      0      0      0      0      0      0 
     0      0      0      0      0      0      0      0      0      0      0      0      0      0      0      0      0      0      0 
     0      0      0      0      0      0      0      0      0      0      0      0      0      0      0      0      0      0      0 
0 -1 -1
     5      3      2      5      6     10     23      2     11     31     18      3      8     15      7      4      0      6      4 
  6391   6386   6077   6825   6742   6437   6555   6650   7012   7424   6700   5874   6895   7362   6745   6396  10676   7439   6833 
 17236  13361     51    161   6077   6437   6386   6742   6391   6825   7424   7012   6650   6895  10676   7362   7439   6745   6833   6396   5874   6700   6555  13567  26303      0      0  65535 
     0      0      0      0      0      0      0      0      0      0      0      0      0      0      0      0      0      0      0 
     0      0      0      0      0      0      0      0      0      0      0      0      0      0      0      0      0      0      0 
     0      0      0      0      0      0      0      0      0      0      0      0      0      0      0      0      0      0      0 
0 -1 -1
     5      3      2      5      8     13     36      2     15     51     22      4     10     21     10      4      0      7      5 
  6426   6411   6094   6871   6792   6512   7116   6668   7106   7901   6821   5897   6970   7506   6807   6432  10755   7492   6878 
 17236  13361     51    160   6094   6512   6411   6792   6426   6871   7901   7106   6668   6970  10755   7506   7492   6807   6878   6432   5897   6821   7116  13566  26304      1      1  65535 
     0      0      0      0      0      0      0      0      0      0      0      0      0      0      0      0      0      0      0 
     0      0      0      0      0      0      0      0      0      0      0      0      0      0      0      0      0      0      0 
     0      0      0      0      0      0      0      0      0      0      0      0      0      0      0      0      0      0      0 
0 -1 -1
     6      4      2      6     10     16     52      2     19     77     28      4     12     29     12      5      0      8      5 
  6467   6430   6110   6913   6845   6583   7812   6685   7205   8506   6987   5922   7057   7708   6872   6473  10984   7552   6928 
 17236  13361     51    159   6110   6583   6430   6845   6467   6913   8506   7205   6685   7057  10984   7708   7552   6872   6928   6473   5922   6987   7812  13567  26304      0      0  65535 
     0      0      0      0      0      0      0      0      0      0      0      0      0      0      0      0      0      0      0 
     0      0      0      0      0      0      0      0      0      0      0      0      0      0      0      0      0      0      0 
     0      0      0      0      0      0      0      0      0      0      0      0      0      0      0      0      0      0      0 
0 -1 -1
     7      4      3      7     14     19     77      3     25    122     38      6     15     44     17      6      0     10      7 
  6527   6458   6129   6981   6929   6684   8871   6708   7365   9546   7242   5961   7193   8066   6982   6534  11401   7643   7010 
 17236  13361     51    157   6129   6684   6458   6929   6527   6981   9546   7365   6708   7193  11401   8066   7643   6982   7010   6534   5961   7242   8871  13568  26304      1      0  65535 
     0      0      0      0      0      0      0      0      0      0      0      0      0      0      0      0      0      0      0 
     0      0      0      0      0      0      0      0      0      0      0      0      0      0      0      0      0      0      0 
     0      0      0      0      0      0      0      0      0      0      0      0      0      0      0      0      0      0      0 
0 -1 -1
     7      5      3      8     16     22     94      3     30    155     44      6     18     57     20      7      0     12      8 
  6570   6483   6146   7030   6992   6757   9607   6728   7491  10328   7423   5989   7289   8364   7061   6583  11749   7717   7072 
 17236  13361     51    156   6146   6757   6483   6992   6570   7030  10328   7491   6728   7289  11749   8364   7717   7061   7072   6583   5989   7423   9607  13568  26304      0      0  65535 
     0      0      0      0      0      0      0      0      0      0      0      0      0      0      0      0      0      0      0 
     0      0      0      0      0      0      0      0      0      0      0      0      0      0      0      0      0      0      0 
     0      0      0      0      0      0      0      0      0      0      0      0      0      0      0      0      0      0      0 
0 -1 -1
     8      6      4     10     19     26    115      3     36    197     53      8     21     73     24      9      0     14      9 
  6629   6516   6169   7096   7075   6857  10510   6755   7663  11315   7666   6034   7423   8767   7161   6658  12126   7819   7146 
 17236  13361     51    154   6169   6857   6516   7075   6629   7096  11315   7663   6755   7423  12126   8767   7819   7161   7146   6658   6034   7666  10510  13566  26305      0      0  65535 
     0      0      0      0      0      0      0      0      0      0      0      0      0      0      0      0      0      0      0 
     0      0      0      0      0      0      0      0      0      0      0      0      0      0      0      0      0      0      0 
     0      0      0      0      0      0      0      0      0      0      0      0      0      0      0      0      0      0      0 
0 -1 -1
     9      6      4     11     22     29    132      4     42    235     60      9     24     90     28     10      0     16     10 
  6681   6544   6191   7155   7150   6947  11245   6777   7815  12191   7862   6068   7547   9153   7253   6715  12111   7912   7218 
 17236  13361     51    152   6191   6947   6544   7150   6681   7155  12191   7815   6777   7547  12111   9153   7912   7253   7218   6715   6068   7862  11245  13560  26305      1      0  65535 
     0      0      0      0      0      0      0      0      0      0      0      0      0      0      0      0      0      0      0 
     0      0      0      0      0      0      0      0      0      0      0      0      0      0      0      0      0      0      0 
     0      0      0      0      0      0      0      0      0      0      0      0      0      0      0      0      0      0      0 
0 -1 -1
    10      7      4     11     24     31    144      4     46    255     66      9     26    102     30     11      0     17     11 
  6718   6566   6205   7195   7198   7007  11766   6793   7922  12762   8001   6092   7636   9452   7320   6759  12107   7977   7271 
 17236  13361     51    152   6205   7007   6566   7198   6718   7195  12762   7922   6793   7636  12107   9452   7977   7320   7271   6759   6092   8001  11766  13558  26305      0      0  65535 
     0      0      0      0      0      0      0      0      0      0      0      0      0      0      0      0      0      0      0 
     0      0      0      0      0      0      0      0      0      0      0      0      0      0      0      0      0      0      0 
     0      0      0      0      0      0      0      0      0      0      0      0      0      0      0      0      0      0      0 
0 -1 -1
    10      7      5     12     25     33    151      4     48    255     68     10     27    109     32     11      0     18     11 
  6737   6575   6213   7219   7229   7044  12062   6802   7981  13119   8073   6102   7680   9625   7356   6786  12081   8017   7296 
 17236  13361     51    151   6213   7044   6575   7229   6737   7219  13119   7981   6802   7680  12081   9625   8017   7356   7296   6786   6102   8073  12062  13558  26304      0      0  65535 
     0      0      0      0      0      0      0      0      0      0      0      0      0      0      0      0      0      0      0 
     0      0      0      0      0      0      0      0      0      0      0      0      0      0      0      0      0      0      0 
     0      0      0      0      0      0      0      0      0      0      0      0      0      0      0      0      0      0      0 
0 -1 -1
    10      7      5     12     26     34    156      4     50    255     70     10     28    115     33     12      0     19     11 
  6752   6584   6220   7237   7252   7070  12284   6807   8025  13358   8131   6111   7715   9753   7383   6805  12084   8043   7319 
 17236  13361     51    151   6220   7070   6584   7252   6752   7237  13358   8025   6807   7715  12084   9753   8043   7383   7319   6805   6111   8131  12284  13562  26304      1      0  65535 
     0      0      0      0      0      0      0      0      0      0      0      0      0      0      0      0      0      0      0 
     0      0      0      0      0      0      0      0      0      0      0      0      0      0      0      0      0      0      0 
     0      0      0      0      0      0      0      0      0      0      0      0      0      0      0      0      0      0      0 
0 -1 -1
    11      8      5     13     28     35    163      4     52    255     74     10     29    122     35     12      0     20     12 
  6779   6598   6227   7264   7289   7110  12593   6819   8095  13697   8222   6126   7770   9934   7426   6835  12132   8085   7358 
 17236  13361     51    150   6227   7110   6598   7289   6779   7264  13697   8095   6819   7770  12132   9934   8085   7426   7358   6835   6126   8222  12593  13592  26305      0      1  65535 
     0      0      0      0      0      0      0      0      0      0      0      0      0      0      0      0      0      0      0 
     0      0      0      0      0      0      0      0      0      0      0      0      0      0      0      0      0      0      0 
     0      0      0      0      0      0      0      0      0      0      0      0      0      0      0      0      0      0      0 
0 -1 -1
    11      8      5     13     29     37    170      5     55    255     77     11     30    129     36     13      0     20     13 
  6801   6610   6238   7292   7320   7145  12895   6830   8158  14012   8311   6142   7828  10098   7466   6866  12135   8124   7395 
 17236  13361     51    150   6238   7145   6610   7320   6801   7292  14012   8158   6830   7828  12135  10098   8124   7466   7395   6866   6142   8311  12895  13575  26305      0      0  65535 
     0      0      0      0      0      0      0      0      0      0      0      0      0      0      0      0      0      0      0 
     0      0      0      0      0      0      0      0      0      0      0      0      0      0      0      0      0      0      0 
     0      0      0      0      0      0      0      0      0      0      0      0      0      0      0      0      0      0      0 
0 -1 -1
    12      8      5     14     31     38    178      5     58    255     81     11     32    137     38     13      0     22     13 
  6828   6627   6249   7323   7360   7188  13239   6844   8234  14368   8420   6160   7898  10277   7514   6906  12122   8172   7440 
 17236  13361     51    149   6249   7188   6627   7360   6828   7323  14368   8234   6844   7898  12122  10277   8172   7514   7440   6906   6160   8420  13239  13562  26304      0      0  65535 
     0      0      0      0      0      0      0      0      0      0      0      0      0      0      0      0      0      0      0 
     0      0      0      0      0      0      0      0      0      0      0      0      0      0      0      0      0      0      0 
     0      0      0      0      0      0      0      0      0      0      0      0      0      0      0      0      0      0      0 
0 -1 -1
    12      9      6     14     33     40    188      5     62    255     86     12     35    147     41     14      0     23     14 
  6868   6652   6262   7371   7419   7243  13655   6866   8352  14884   8564   6182   8013  10535   7582   6951  12103   8244   7498 
 17236  13361     51    149   6262   7243   6652   7419   6868   7371  14884   8352   6866   8013  12103  10535   8244   7582   7498   6951   6182   8564  13655  13562  26304      0      0  65535 
     0      0      0      0      0      0      0      0      0      0      0      0      0      0      0      0      0      0      0 
     0      0      0      0      0      0      0      0      0      0      0      0      0      0      0      0      0      0      0 
     0      0      0      0      0      0      0      0      0      0      0      0      0      0      0      0      0      0      0 
0 -1 -1
    13      9      6     15     35     42    197      5     67    255     91     13     38    158     44     15      0     25     15 
  6906   6676   6274   7420   7477   7298  14060   6890   8475  15408   8701   6205   8144  10799   7653   7005  12220   8323   7561 
 17236  13361     51    148   6274   7298   6676   7477   6906   7420  15408   8475   6890   8144  12220  10799   8323   7653   7561   7005   6205   8701  14060  13561  26304      0      1  65535 
     0      0      0      0      0      0      0      0      0      0      0      0      0      0      0      0      0      0      0 
     0      0      0      0      0      0      0      0      0      0      0      0      0      0      0      0      0      0      0 
     0      0      0      0      0      0      0      0      0      0      0      0      0      0      0      0      0      0      0 
0 -1 -1
    13     10      6     16     38     44    206      6     72    255     96     13     41    170     47     16      0     27     16 
  6949   6699   6285   7469   7540   7358  14425   6911   8603  15957   8832   6225   8285  11069   7729   7057  12247   8408   7624 
 17236  13361     51    147   6285   7358   6699   7540   6949   7469  15957   8603   6911   8285  12247  11069   8408   7729   7624   7057   6225   8832  14425  13561  26304      0      1  65535 
     0      0      0      0      0      0      0      0      0      0      0      0      0      0      0      0      0      0      0 
     0      0      0      0      0      0      0      0      0      0      0      0      0      0      0      0      0      0      0 
     0      0      0      0      0      0      0      0      0      0      0      0      0      0      0      0      0      0      0 
0 -1 -1
    14     10      6     17     40     46    212      6     76    255    100     14     45    180     49     17      2     29     17 
  6978   6714   6294   7520   7595   7404  14695   6933   8720  16443   8950   6243   8421  11307   7795   7099  12354   8496   7686 
 17236  13361     51    146   6294   7404   6714   7595   6978   7520  16443   8720   6933   8421  12354  11307   8496   7795   7686   7099   6243   8950  14695  13564  26304      0      0  65535 
     0      0      0      0      0      0      0      0      0      0      0      0      0      0      0      0      0      0      0 
     0      0      0      0      0      0      0      0      0      0      0      0      0      0      0      0      0      0      0 
     0      0      0      0      0      0      0      0      0      0      0      0      0      0      0      0      0      0      0 
0 -1 -1
    14     11      6     18     41     47    217      6     79    255    104     14     47    187     51     18      5     30     18 
  7004   6725   6300   7557   7633   7438  14905   6953   8808  16803   9036   6255   8530  11482   7843   7136  12492   8561   7732 
 17236  13361     51    147   6300   7438   6725   7633   7004   7557  16803   8808   6953   8530  12492  11482   8561   7843   7732   7136   6255   9036  14905  13568  26305      0      0  65535 
     0      0      0      0      0      0      0      0      0      0      0      0      0      0      0      0      0      0      0 
     0      0      0      0      0      0      0      0      0      0      0      0      0      0      0      0      0      0      0 
     0      0      0      0      0      0      0      0      0      0      0      0      0      0      0      0      0      0      0 
0 -1 -1
    15     11      7     19     44     50    224      7     83    255    108     15     50    196     54     19      5     32     19 
  7042   6749   6312   7602   7690   7496  15212   6974   8911  17239   9151   6276   8655  11695   7901   7186  12497   8639   7786 
 17236  13361     51    146   6312   7496   6749   7690   7042   7602  17239   8911   6974   8655  12497  11695   8639   7901   7786   7186   6276   9151  15212  13567  26305      0      0  65535 
     0      0      0      0      0      0      0      0      0      0      0      0      0      0      0      0      0      0      0 
     0      0      0      0      0      0      0      0      0      0      0      0      0      0      0      0      0      0      0 
     0      0      0      0      0      0      0      0      0      0      0      0      0      0      0      0      0      0      0 
0 -1 -1
    16     12      7     20     46     52    233      7     88    255    114     16     54    209     57     20     15     34     20 
  7091   6779   6323   7666   7754   7563  15608   7005   9048  17764   9311   6300   8835  12009   7994   7254  12928   8750   7866 
 17236  13361     51    145   6323   7563   6779   7754   7091   7666  17764   9048   7005   8835  12928  12009   8750   7994   7866   7254   6300   9311  15608  13568  26305      0      1  65535 
     0      0      0      0      0      0      0      0      0      0      0      0      0      0      0      0      0      0      0 
     0      0      0      0      0      0      0      0      0      0      0      0      0      0      0      0      0      0      0 
     0      0      0      0      0      0      0      0      0      0      0      0      0      0      0      0      0      0      0 
0 -1 -1
    16     12      7     21     48     54    239      7     92    255    117     16     58    217     60     21     11     36     21 
  7130   6801   6331   7719   7804   7616  15844   7024   9155  18187   9405   6317   8969  12207   8057   7296  12759   8828   7919 
 17236  13361     51    145   6331   7616   6801   7804   7130   7719  18187   9155   7024   8969  12759  12207   8828   8057   7919   7296   6317   9405  15844  13568  26305      0      0  65535 
     0      0      0      0      0      0      0      0      0      0      0      0      0      0      0      0      0      0      0 
     0      0      0      0      0      0      0      0      0      0      0      0      0      0      0      0      0      0      0 
     0      0      0      0      0      0      0      0      0      0      0      0      0      0      0      0      0      0      0 
0 -1 -1
    17     13      7     21     50     56    245      8     96    255    121     17     60    224     62     22      8     37     21 
  7164   6818   6331   7761   7843   7659  16134   7043   9238  18537   9515   6339   9077  12363   8119   7343  12644   8899   7968 
 17236  13361     51    144   6331   7659   6818   7843   7164   7761  18537   9238   7043   9077  12644  12363   8899   8119   7968   7343   6339   9515  16134  13568  26305      0      0  65535 
     0      0      0      0      0      0      0      0      0      0      0      0      0      0      0      0      0      0      0 
     0      0      0      0      0      0      0      0      0      0      0      0      0      0      0      0      0      0      0 
     0      0      0      0      0      0      0      0      0      0      0      0      0      0      0      0      0      0      0 
0 -1 -1
    17     13      7     22     51     58    251      8     99    255    125     17     63    230     65     23      5     39     22 
  7203   6841   6340   7807   7888   7710  16395   7067   9332  18913   9615   6359   9203  12520   8176   7386  12474   8969   8013 
 17236  13361     51    144   6340   7710   6841   7888   7203   7807  18913   9332   7067   9203  12474  12520   8969   8176   8013   7386   6359   9615  16395  13568  26305      0      1  65535 
     0      0      0      0      0      0      0      0      0      0      0      0      0      0      0      0      0      0      0 
     0      0      0      0      0      0      0      0      0      0      0      0      0      0      0      0      0      0      0 
     0      0      0      0      0      0      0      0      0      0      0      0      0      0      0      0      0      0      0 
0 -1 -1
    17     13      7     22     51     57    247      8     98    255    122     17     62    226     64     22      0     38     22 
  7187   6833   6335   7791   7874   7691  16216   7057   9288  18849   9538   6342   9170  12417   8150   7359  12093   8936   7982 
 17236  13361     51    143   6335   7691   6833   7874   7187   7791  18849   9288   7057   9170  12093  12417   8936   8150   7982   7359   6342   9538  16216  13569  26304      0      1  65535 
     0      0      0      0      0      0      0      0      0      0      0      0      0      0      0      0      0      0      0 
     0      0      0      0      0      0      0      0      0      0      0      0      0      0      0      0      0      0      0 
     0      0      0      0      0      0      0      0      0      0      0      0      0      0      0      0      0      0      0 
0 -1 -1
    15     12      6     20     46     51    224      7     87    255    108     14     56    205     57     19      0     34     19 
  7079   6764   6291   7680   7749   7544  15216   6999   9016  18084   9153   6263   8904  11906   7979   7208  10870   8753   7823 
 17236  13361     51    145   6291   7544   6764   7749   7079   7680  18084   9016   6999   8904  10870  11906   8753   7979   7823   7208   6263   9153  15216  13569  26304      0      0  65535 
     0      0      0      0      0      0      0      0      0      0      0      0      0      0      0      0      0      0      0 
     0      0      0      0      0      0      0      0      0      0      0      0      0      0      0      0      0      0      0 
     0      0      0      0      0      0      0      0      0      0      0      0      0      0      0      0      0      0      0 
0 -1 -1
    13      9      5     17     37     41    189      6     69    255     87     11     45    169     46     15      0     28     15 
  6904   6656   6227   7490   7526   7275  13711   6912   8545  16626   8577   6154   8453  11042   7703   6990  11330   8455   7575 
 17236  13361     51    147   6227   7275   6656   7526   6904   7490  16626   8545   6912   8453  11330  11042   8455   7703   7575   6990   6154   8577  13711  13569  26304      1      0  65535 
     0      0      0      0      0      0      0      0      0      0      0      0      0      0      0      0      0      0      0 
     0      0      0      0      0      0      0      0      0      0      0      0      0      0      0      0      0      0      0 
     0      0      0      0      0      0      0      0      0      0      0      0      0      0      0      0      0      0      0 
0 -1 -1
    10      7      4     13     28     31    154      5     51    255     66      9     34    129     35     11      0     21     12 
  6739   6562   6172   7294   7293   7005  12188   6829   8066  14915   8013   6064   7974  10088   7433   6787  12110   8161   7341 
 17236  13361     51    150   6172   7005   6562   7293   6739   7294  14915   8066   6829   7974  12110  10088   8161   7433   7341   6787   6064   8013  12188  13570  26305      0      1  65535 
     0      0      0      0      0      0      0      0      0      0      0      0      0      0      0      0      0      0      0 
     0      0      0      0      0      0      0      0      0      0      0      0      0      0      0      0      0      0      0 
     0      0      0      0      0      0      0      0      0      0      0      0      0      0      0      0      0      0      0 
0 -1 -1
     8      5      3      9     19     21    106      3     33    255     42      6     22     80     23      7      0     15      8 
  6578   6476   6123   7090   7060   6735  10124   6745   7584  12752   7351   5966   7478   8921   7135   6590  11484   7853   7099 
 17236  13361     51    153   6123   6735   6476   7060   6578   7090  12752   7584   6745   7478  11484   8921   7853   7135   7099   6590   5966   7351  10124  13569  26305      0      0  65535 
     0      0      0      0      0      0      0      0      0      0      0      0      0      0      0      0      0      0      0 
     0      0      0      0      0      0      0      0      0      0      0      0      0      0      0      0      0      0      0 
     0      0      0      0      0      0      0      0      0      0      0      0      0      0      0      0      0      0      0 
0 -1 -1
     4      2      1      5      7      8     27      2     12     91     12      2      8     18      8      3      0      6      3 
  6355   6365   6057   6819   6767   6387   6708   6634   7019   8822   6540   5843   6901   7444   6759   6362  11277   7453   6796 
 17236  13361     51    159   6057   6387   6365   6767   6355   6819   8822   7019   6634   6901  11277   7444   7453   6759   6796   6362   5843   6540   6708  13571  26304      0      0  65535 
     0      0      0      0      0      0      0      0      0      0      0      0      0      0      0      0      0      0      0 
     0      0      0      0      0      0      0      0      0      0      0      0      0      0      0      0      0      0      0 
     0      0      0      0      0      0      0      0      0      0      0      0      0      0      0      0      0      0      0 
0 -1 -1
     1      0      0      1      0      0      0      0      1      2      0      0      1      1      0      0      0      1      0 
  6143   6269   5993   6608   6594   6170   5567   6529   6732   6760   6221   5765   6586   7021   6562   6214  11903   7206   6604 
 17236  13361     51    162   5993   6170   6269   6594   6143   6608   6760   6732   6529   6586  11903   7021   7206   6562   6604   6214   5765   6221   5567  13570  26304      1      0  65535 
     0      0      0      0      0      0      0      0      0      0      0      0      0      0      0      0      0      0      0 
     0      0      0      0      0      0      0      0      0      0      0      0      0      0      0      0      0      0      0 
     0      0      0      0      0      0      0      0      0      0      0      0      0      0      0      0      0      0      0 
0 -1 -1
     0      0      0      0      0      0      0      0      0      0      0      0      0      0      0      0      0      0      0 
  6070   6242   5978   6547   6564   6141   5553   6505   6692   6700   6197   5750   6535   6991   6539   6186  12085   7161   6560 
 17236  13361     51    162   5978   6141   6242   6564   6070   6547   6700   6692   6505   6535  12085   6991   7161   6539   6560   6186   5750   6197   5553  13574  26304      0      0  65535 
     0      0      0      0      0      0      0      0      0      0      0      0      0      0      0      0      0      0      0 
     0      0      0      0      0      0      0      0      0      0      0      0      0      0      0      0      0      0      0 
     0      0      0      0      0      0      0      0      0      0      0      0      0      0      0      0      0      0      0 
0 -1 -1
     0      0      0      0      0      0      0      0      0      0      0      0      0      0      0      0      0      0      0 
  6069   6241   5977   6544   6564   6138   5548   6503   6690   6696   6197   5749   6532   6989   6539   6186  12022   7160   6559 
 17236  13361     51    163   5977   6138   6241   6564   6069   6544   6696   6690   6503   6532  12022   6989   7160   6539   6559   6186   5749   6197   5548  13582  26305      0      0  65535 
     0      0      0      0      0      0      0      0      0      0      0      0      0      0      0      0      0      0      0 
     0      0      0      0      0      0      0      0      0      0      0      0      0      0      0      0      0      0      0 
     0      0      0      0      0      0      0      0      0      0      0      0      0      0      0      0      0      0      0 
0 -1 -1
     0      0      0      0      0      0      0      0      0      0      0      0      0      0      0      0      0      0      0 
  6066   6240   5977   6542   6562   6137   5548   6501   6689   6690   6196   5748   6530   6988   6539   6183  11992   7160   6556 
 17236  13361     51    162   5977   6137   6240   6562   6066   6542   6690   6689   6501   6530  11992   6988   7160   6539   6556   6183   5748   6196   5548  13572  26304      0      0  65535 
     0      0      0      0      0      0      0      0      0      0      0      0      0      0      0      0      0      0      0 
     0      0      0      0      0      0      0      0      0      0      0      0      0      0      0      0      0      0      0 
     0      0      0      0      0      0      0      0      0      0      0      0      0      0      0      0      0      0      0 
0 -1 -1
     0      0      0      0      0      0      0      0      0      0      0      0      0      0      0      0      0      0      0 
  6066   6240   5976   6542   6562   6140   5547   6501   6688   6689   6195   5750   6529   6985   6536   6184  11998   7158   6557 
 17236  13361     51    162   5976   6140   6240   6562   6066   6542   6689   6688   6501   6529  11998   6985   7158   6536   6557   6184   5750   6195   5547  13571  26303      0      0  65535 
     0      0      0      0      0      0      0      0      0      0      0      0      0      0      0      0      0      0      0 
     0      0      0      0      0      0      0      0      0      0      0      0      0      0      0      0      0      0      0 
     0      0      0      0      0      0      0      0      0      0      0      0      0      0      0      0      0      0      0 
0 -1 -1
     0      0      0      0      0      0      0      0      0      0      0      0      0      0      0      0      0      0      0 
  6064   6239   5976   6541   6560   6138   5547   6502   6688   6688   6195   5748   6529   6986   6538   6183  11990   7159   6557 
 17236  13361     51    162   5976   6138   6239   6560   6064   6541   6688   6688   6502   6529  11990   6986   7159   6538   6557   6183   5748   6195   5547  13571  26303      0      0  65535 
     0      0      0      0      0      0      0      0      0      0      0      0      0      0      0      0      0      0      0 
     0      0      0      0      0      0      0      0      0      0      0      0      0      0      0      0      0      0      0 
     0      0      0      0      0      0      0      0      0      0      0      0      0      0      0      0      0      0      0 
0 -1 -1
     0      0      0      0      0      0      0      0      0      0      0      0      0      0      0      0      0      0      0 
  6066   6239   5974   6541   6561   6136   5545   6500   6686   6687   6193   5748   6529   6984   6535   6182  12004   7156   6555 
 17236  13361     51    162   5974   6136   6239   6561   6066   6541   6687   6686   6500   6529  12004   6984   7156   6535   6555   6182   5748   6193   5545  13569  26305      0      1  65535 
     0      0      0      0      0      0      0      0      0      0      0      0      0      0      0      0      0      0      0 
     0      0      0      0      0      0      0      0      0      0      0      0      0      0      0      0      0      0      0 
     0      0      0      0      0      0      0      0      0      0      0      0      0      0      0      0      0      0      0 
0 -1 -1
     0      0      0      0      0      0      0      0      0      0      0      0      0      0      0      0      0      0      0 
  6065   6237   5974   6539   6558   6135   5544   6499   6685   6686   6193   5747   6528   6983   6534   6181  12078   7156   6555 
 17236  13361     51    162   5974   6135   6237   6558   6065   6539   6686   6685   6499   6528  12078   6983   7156   6534   6555   6181   5747   6193   5544  13562  26305      0      0  65535 
     0      0      0      0      0      0      0      0      0      0      0      0      0      0      0      0      0      0      0 
     0      0      0      0      0      0      0      0      0      0      0      0      0      0      0      0      0      0      0 
     0      0      0      0      0      0      0      0      0      0      0      0      0      0      0      0      0      0      0 
0 -1 -1
     0      0      0      0      0      0      0      0      0      0      0      0      0      0      0      0      0      0      0 
  6064   6237   5974   6540   6558   6135   5545   6498   6684   6684   6192   5748   6525   6983   6535   6181  12057   7155   6554 
 17236  13361     51    163   5974   6135   6237   6558   6064   6540   6684   6684   6498   6525  12057   6983   7155   6535   6554   6181   5748   6192   5545  13559  26304      0      0  65535 
     0      0      0      0      0      0      0      0      0      0      0      0      0      0      0      0      0      0      0 
     0      0      0      0      0      0      0      0      0      0      0      0      0      0      0      0      0      0      0 
     0      0      0      0      0      0      0      0      0      0      0      0      0      0      0      0      0      0      0 
0 -1 -1
     0      0      0      0      0      0      0      0      0      0      0      0      0      0      0      0      0      0      0 
  6063   6237   5973   6538   6558   6135   5544   6500   6686   6682   6191   5747   6527   6983   6535   6179  12017   7155   6555 
 17236  13361     51    162   5973   6135   6237   6558   6063   6538   6682   6686   6500   6527  12017   6983   7155   6535   6555   6179   5747   6191   5544  13559  26304      1      0  65535 
     0      0      0      0      0      0      0      0      0      0      0      0      0      0      0      0      0      0      0 
     0      0      0      0      0      0      0      0      0      0      0      0      0      0      0      0      0      0      0 
     0      0      0      0      0      0      0      0      0      0      0      0      0      0      0      0      0      0      0 
0 -1 -1
     0      0      0      0      0      0      0      0      0      0      0      0      0      0      0      0      0      0      0 
  6064   6236   5973   6539   6557   6135   5543   6499   6683   6684   6192   5746   6526   6981   6533   6180  12072   7154   6553 
 17236  13361     51    162   5973   6135   6236   6557   6064   6539   6684   6683   6499   6526  12072   6981   7154   6533   6553   6180   5746   6192   5543  13561  26305      0      0  65535 
     0      0      0      0      0      0      0      0      0      0      0      0      0      0      0      0      0      0      0 
     0      0      0      0      0      0      0      0      0      0      0      0      0      0      0      0      0      0      0 
     0      0      0      0      0      0      0      0      0      0      0      0      0      0      0      0      0      0      0 
0 -1 -1
     0      0      0      0      0      0      0      0      0      0      0      0      0      0      0      0      0      0      0 
  6064   6236   5973   6538   6556   6134   5542   6497   6683   6682   6190   5746   6525   6981   6534   6178  12106   7153   6553 
 17236  13361     51    162   5973   6134   6236   6556   6064   6538   6682   6683   6497   6525  12106   6981   7153   6534   6553   6178   5746   6190   5542  13564  26304      0      0  65535 
     0      0      0      0      0      0      0      0      0      0      0      0      0      0      0      0      0      0      0 
     0      0      0      0      0      0      0      0      0      0      0      0      0      0      0      0      0      0      0 
     0      0      0      0      0      0      0      0      0      0      0      0      0      0      0      0      0      0      0 
0 -1 -1
     0      0      0      0      0      0      0      0      0      0      0      0      0      0      0      0      0      0      0 
  6062   6235   5972   6536   6556   6133   5540   6498   6683   6681   6191   5746   6526   6981   6530   6179  12103   7154   6553 
 17236  13361     51    162   5972   6133   6235   6556   6062   6536   6681   6683   6498   6526  12103   6981   7154   6530   6553   6179   5746   6191   5540  13564  26304      0      0  65535 
     0      0      0      0      0      0      0      0      0      0      0      0      0      0      0      0      0      0      0 
     0      0      0      0      0      0      0      0      0      0      0      0      0      0      0      0      0      0      0 
     0      0      0      0      0      0      0      0      0      0      0      0      0      0      0      0      0      0      0 
0 -1 -1
     0      0      0      0      0      0      0      0      0      0      0      0      0      0      0      0      0      0      0 
  6062   6235   5972   6537   6556   6133   5542   6497   6682   6681   6188   5746   6524   6981   6531   6179  12164   7154   6552 
 17236  13361     51    163   5972   6133   6235   6556   6062   6537   6681   6682   6497   6524  12164   6981   7154   6531   6552   6179   5746   6188   5542  13563  26304      0      0  65535 
     0      0      0      0      0      0      0      0      0      0      0      0      0      0      0      0      0      0      0 
     0      0      0      0      0      0      0      0      0      0      0      0      0      0      0      0      0      0      0 
     0      0      0      0      0      0      0      0      0      0      0      0      0      0      0      0      0      0      0 
0 -1 -1
     0      0      0      0      0      0      0      0      0      0      0      0      0      0      0      0      0      0      0 
  6061   6235   5972   6536   6556   6133   5540   6497   6682   6681   6188   5745   6525   6978   6531   6178  12125   7151   6551 
 17236  13361     51    162   5972   6133   6235   6556   6061   6536   6681   6682   6497   6525  12125   6978   7151   6531   6551   6178   5745   6188   5540  13563  26304      0      0  65535 
     0      0      0      0      0      0      0      0      0      0      0      0      0      0      0      0      0      0      0 
     0      0      0      0      0      0      0      0      0      0      0      0      0      0      0      0      0      0      0 
     0      0      0      0      0      0      0      0      0      0      0      0      0      0      0      0      0      0      0 
0 -1 -1
     0      0      0      0      0      0      0      0      0      0      0      0      0      0      0      0      0      0      0 
  6061   6234   5971   6536   6554   6133   5541   6496   6681   6679   6188   5743   6522   6979   6531   6177  12148   7151   6550 
 17236  13361     51    162   5971   6133   6234   6554   6061   6536   6679   6681   6496   6522  12148   6979   7151   6531   6550   6177   5743   6188   5541  13562  26304      0      0  65535 
     0      0      0      0      0      0      0      0      0      0      0      0      0      0      0      0      0      0      0 
     0      0      0      0      0      0      0      0      0      0      0      0      0      0      0      0      0      0      0 
     0      0      0      0      0      0      0      0      0      0      0      0      0      0      0      0      0      0      0 
0 -1 -1
     0      0      0      0      0      0      0      0      0      0      0      0      0      0      0      0      0      0      0 
  6060   6233   5972   6535   6554   6131   5540   6495   6680   6679   6187   5744   6522   6978   6529   6176  12142   7151   6549 
 17236  13361     51    162   5972   6131   6233   6554   6060   6535   6679   6680   6495   6522  12142   6978   7151   6529   6549   6176   5744   6187   5540  13562  26305      0      0  65535 
     0      0      0      0      0      0      0      0      0      0      0      0      0      0      0      0      0      0      0 
     0      0      0      0      0      0      0      0      0      0      0      0      0      0      0      0      0      0      0 
     0      0      0      0      0      0      0      0      0      0      0      0      0      0      0      0      0      0      0 
0 -1 -1
     0      0      0      0      0      0      0      0      0      0      0      0      0      0      0      0      0      0      0 
  6061   6235   5970   6536   6554   6131   5540   6495   6681   6679   6188   5742   6523   6978   6529   6177  12135   7151   6550 
 17236  13361     51    162   5970   6131   6235   6554   6061   6536   6679   6681   6495   6523  12135   6978   7151   6529   6550   6177   5742   6188   5540  13562  26305      0      0  65535 
     0      0      0      0      0      0      0      0      0      0      0      0      0      0      0      0      0      0      0 
     0      0      0      0      0      0      0      0      0      0      0      0      0      0      0      0      0      0      0 
     0      0      0      0      0      0      0      0      0      0      0      0      0      0      0      0      0      0      0 
0 -1 -1
     0      0      0      0      0      0      0      0      0      0      0      0      0      0      0      0      0      0      0 
  6059   6234   5970   6535   6552   6130   5539   6495   6680   6678   6187   5742   6522   6978   6528   6175  12151   7148   6550 
 17236  13361     51    162   5970   6130   6234   6552   6059   6535   6678   6680   6495   6522  12151   6978   7148   6528   6550   6175   5742   6187   5539  13560  26305      0      0  65535 
     0      0      0      0      0      0      0      0      0      0      0      0      0      0      0      0      0      0      0 
     0      0      0      0      0      0      0      0      0      0      0      0      0      0      0      0      0      0      0 
     0      0      0      0      0      0      0      0      0      0      0      0      0      0      0      0      0      0      0 
0 -1 -1
     0      0      0      0      0      0      0      0      0      0      0      0      0      0      0      0      0      0      0 
  6059   6232   5969   6535   6553   6131   5539   6493   6678   6678   6186   5742   6522   6976   6528   6174  12132   7151   6549 
 17236  13361     51    162   5969   6131   6232   6553   6059   6535   6678   6678   6493   6522  12132   6976   7151   6528   6549   6174   5742   6186   5539  13562  26305      0      0  65535 
     0      0      0      0      0      0      0      0      0      0      0      0      0      0      0      0      0      0      0 
     0      0      0      0      0      0      0      0      0      0      0      0      0      0      0      0      0      0      0 
     0      0      0      0      0      0      0      0      0      0      0      0      0      0      0      0      0      0      0 
0 -1 -1
     0      0      0      0      0      0      0      0      0      0      0      0      0      0      0      0      0      0      0 
  6057   6231   5969   6534   6554   6130   5539   6492   6680   6677   6184   5740   6522   6974   6528   6175  12205   7149   6549 
 17236  13361     51    162   5969   6130   6231   6554   6057   6534   6677   6680   6492   6522  12205   6974   7149   6528   6549   6175   5740   6184   5539  13568  26304      0      0  65535 
     0      0      0      0      0      0      0      0      0      0      0      0      0      0      0      0      0      0      0 
     0      0      0      0      0      0      0      0      0      0      0      0      0      0      0      0      0      0      0 
     0      0      0      0      0      0      0      0      0      0      0      0      0      0      0      0      0      0      0 
0 -1 -1
     0      0      0      0      0      0      0      0      0      0      0      0      0      0      0      0      0      0      0 
  6058   6231   5968   6533   6552   6130   5538   6492   6677   6677   6186   5741   6521   6974   6527   6174  12160   7149   6548 
 17236  13361     51    162   5968   6130   6231   6552   6058   6533   6677   6677   6492   6521  12160   6974   7149   6527   6548   6174   5741   6186   5538  13569  26304      0      0  65535 
     0      0      0      0      0      0      0      0      0      0      0      0      0      0      0      0      0      0      0 
     0      0      0      0      0      0      0      0      0      0      0      0      0      0      0      0      0      0      0 
     0      0      0      0      0      0      0      0      0      0      0      0      0      0      0      0      0      0      0 
0 -1 -1
     0      0      0      0      0      0      0      0      0      0      0      0      0      0      0      0      0      0      0 
  6057   6232   5969   6532   6550   6129   5538   6492   6676   6674   6184   5741   6520   6975   6526   6174  12119   7146   6546 
 17236  13361     51    163   5969   6129   6232   6550   6057   6532   6674   6676   6492   6520  12119   6975   7146   6526   6546   6174   5741   6184   5538  13594  26304      0      1  65535 
     0      0      0      0      0      0      0      0      0      0      0      0      0      0      0      0      0      0      0 
     0      0      0      0      0      0      0      0      0      0      0      0      0      0      0      0      0      0      0 
     0      0      0      0      0      0      0      0      0      0      0      0      0      0      0      0      0      0      0 
0 -1 -1
     0      0      0      0      0      0      0      0      0      0      0      0      0      0      0      0      0      0      0 
  6057   6230   5968   6532   6551   6128   5537   6492   6676   6674   6184   5740   6519   6973   6526   6173  12120   7148   6546 
 17236  13361     51    162   5968   6128   6230   6551   6057   6532   6674   6676   6492   6519  12120   6973   7148   6526   6546   6173   5740   6184   5537  13585  26304      0      0  65535 
     0      0      0      0      0      0      0      0      0      0      0      0      0      0      0      0      0      0      0 
     0      0      0      0      0      0      0      0      0      0      0      0      0      0      0      0      0      0      0 
     0      0      0      0      0      0      0      0      0      0      0      0      0      0      0      0      0      0      0 
0 -1 -1
