    15     43     18     72     36     46      5     62     80     21     10      2     65    199     38      6     15     21      5 
  4776   5884   4748   8184   5011   5029   3646   8481   6393   4701   4052   3618   6909   9306   5011   4126  10172   5654   4554 
 17236  13361     51    152   4748   5029   5884   5011   4776   8184   4701   6393   8481   6909  10172   9306   5654   5011   4554   4126   3618   4052   3646  13581  26304      0      0  65535 
     0      0      0      0      0      0      0      0      0      0      0      0      0      0      0      0      0      0      0 
     0      0      0      0      0      0      0      0      0      0      0      0      0      0      0      0      0      0      0 
     0      0      0      0      0      0      0      0      0      0      0      0      0      0      0      0      0      0      0 
0 -1 -1
    16     47     19     77     40     50      6     65     85     22     10      2     68    210     41      6     16     23      5 
  4846   6038   4800   8468   5089   5133   3661   8711   6538   4725   4064   3620   7059   9571   5096   4135  10231   5711   4568 
 17236  13361     51    152   4800   5133   6038   5089   4846   8468   4725   6538   8711   7059  10231   9571   5711   5096   4568   4135   3620   4064   3661  13584  26305      0      0  65535 
     0      0      0      0      0      0      0      0      0      0      0      0      0      0      0      0      0      0      0 
     0      0      0      0      0      0      0      0      0      0      0      0      0      0      0      0      0      0      0 
     0      0      0      0      0      0      0      0      0      0      0      0      0      0      0      0      0      0      0 
0 -1 -1
    17     51     20     80     42     54      6     67     90     23     11      2     70    216     44      6     16     23      5 
  4909   6227   4858   8663   5160   5232   3676   8850   6657   4751   4075   3624   7121   9723   5163   4149  10217   5743   4576 
 17236  13361     51    152   4858   5232   6227   5160   4909   8663   4751   6657   8850   7121  10217   9723   5743   5163   4576   4149   3624   4075   3676  13590  26304      0      0  65535 
     0      0      0      0      0      0      0      0      0      0      0      0      0      0      0      0      0      0      0 
     0      0      0      0      0      0      0      0      0      0      0      0      0      0      0      0      0      0      0 
     0      0      0      0      0      0      0      0      0      0      0      0      0      0      0      0      0      0      0 
0 -1 -1
    18     56     22     85     46     58      6     70     95     25     11      2     72    224     47      6     17     24      6 
  4994   6420   4930   8916   5241   5336   3691   9029   6786   4777   4091   3627   7221   9908   5238   4160  10289   5776   4587 
 17236  13361     51    152   4930   5336   6420   5241   4994   8916   4777   6786   9029   7221  10289   9908   5776   5238   4587   4160   3627   4091   3691  13576  26303      0      0  65535 
     0      0      0      0      0      0      0      0      0      0      0      0      0      0      0      0      0      0      0 
     0      0      0      0      0      0      0      0      0      0      0      0      0      0      0      0      0      0      0 
     0      0      0      0      0      0      0      0      0      0      0      0      0      0      0      0      0      0      0 
0 -1 -1
    19     58     22     87     47     59      7     72     99     25     12      2     74    231     49      6     17     25      6 
  5027   6503   4955   9066   5280   5374   3698   9158   6884   4788   4097   3627   7316  10068   5297   4165  10288   5811   4600 
 17236  13361     51    152   4955   5374   6503   5280   5027   9066   4788   6884   9158   7316  10288  10068   5811   5297   4600   4165   3627   4097   3698  13574  26304      0      0  65535 
     0      0      0      0      0      0      0      0      0      0      0      0      0      0      0      0      0      0      0 
     0      0      0      0      0      0      0      0      0      0      0      0      0      0      0      0      0      0      0 
     0      0      0      0      0      0      0      0      0      0      0      0      0      0      0      0      0      0      0 
0 -1 -1
    19     59     22     90     49     60      7     74    102     26     12      2     77    240     53      6     18     26      6 
  5054   6550   4971   9193   5317   5411   3704   9285   6982   4805   4106   3629   7435  10297   5378   4172  10305   5862   4617 
 17236  13361     51    152   4971   5411   6550   5317   5054   9193   4805   6982   9285   7435  10305  10297   5862   5378   4617   4172   3629   4106   3704  13571  26304      0      0  65535 
     0      0      0      0      0      0      0      0      0      0      0      0      0      0      0      0      0      0      0 
     0      0      0      0      0      0      0      0      0      0      0      0      0      0      0      0      0      0      0 
     0      0      0      0      0      0      0      0      0      0      0      0      0      0      0      0      0      0      0 
0 -1 -1
    20     60     23     92     50     62      7     75    105     26     12      2     79    247     55      7     18     27      6 
  5094   6609   5001   9318   5357   5453   3713   9374   7052   4820   4116   3632   7526  10463   5438   4177  10326   5898   4633 
 17236  13361     51    152   5001   5453   6609   5357   5094   9318   4820   7052   9374   7526  10326  10463   5898   5438   4633   4177   3632   4116   3713  13571  26304      0      0  65535 
     0      0      0      0      0      0      0      0      0      0      0      0      0      0      0      0      0      0      0 
     0      0      0      0      0      0      0      0      0      0      0      0      0      0      0      0      0      0      0 
     0      0      0      0      0      0      0      0      0      0      0      0      0      0      0      0      0      0      0 
0 -1 -1
    21     65     25     96     54     67      7     78    111     28     13      3     83    255     61      7     19     28      7 
  5181   6814   5083   9566   5443   5578   3737   9578   7222   4859   4142   3638   7658  10742   5575   4194  10362   5970   4656 
 17236  13361     51    152   5083   5578   6814   5443   5181   9566   4859   7222   9578   7658  10362  10742   5970   5575   4656   4194   3638   4142   3737  13575  26304      0      0  65535 
     0      0      0      0      0      0      0      0      0      0      0      0      0      0      0      0      0      0      0 
     0      0      0      0      0      0      0      0      0      0      0      0      0      0      0      0      0      0      0 
     0      0      0      0      0      0      0      0      0      0      0      0      0      0      0      0      0      0      0 
0 -1 -1
    22     69     27    100     57     71      8     80    116     29     14      3     85    255     66      7     20     29      7 
  5256   7000   5170   9751   5523   5697   3756   9708   7351   4891   4165   3646   7751  10978   5710   4214  10393   6029   4683 
 17236  13361     51    152   5170   5697   7000   5523   5256   9751   4891   7351   9708   7751  10393  10978   6029   5710   4683   4214   3646   4165   3756  13574  26304      0      0  65535 
     0      0      0      0      0      0      0      0      0      0      0      0      0      0      0      0      0      0      0 
     0      0      0      0      0      0      0      0      0      0      0      0      0      0      0      0      0      0      0 
     0      0      0      0      0      0      0      0      0      0      0      0      0      0      0      0      0      0      0 
0 -1 -1
    24     74     29    104     61     77      9     83    122     31     15      3     88    255     73      8     20     31      8 
  5347   7227   5274   9967   5622   5851   3784   9869   7514   4929   4190   3655   7879  11249   5880   4233  10419   6104   4713 
 17236  13361     51    152   5274   5851   7227   5622   5347   9967   4929   7514   9869   7879  10419  11249   6104   5880   4713   4233   3655   4190   3784  13573  26304      0      0  65535 
     0      0      0      0      0      0      0      0      0      0      0      0      0      0      0      0      0      0      0 
     0      0      0      0      0      0      0      0      0      0      0      0      0      0      0      0      0      0      0 
     0      0      0      0      0      0      0      0      0      0      0      0      0      0      0      0      0      0      0 
0 -1 -1
    25     79     31    107     64     83      9     85    128     33     16      3     91    255     79      8     20     33      8 
  5439   7443   5376  10174   5714   6008   3817  10011   7664   4966   4214   3662   7994  11516   6039   4253  10426   6171   4742 
 17236  13361     51    152   5376   6008   7443   5714   5439  10174   4966   7664  10011   7994  10426  11516   6171   6039   4742   4253   3662   4214   3817  13573  26304      1      0  65535 
     0      0      0      0      0      0      0      0      0      0      0      0      0      0      0      0      0      0      0 
     0      0      0      0      0      0      0      0      0      0      0      0      0      0      0      0      0      0      0 
     0      0      0      0      0      0      0      0      0      0      0      0      0      0      0      0      0      0      0 
0 -1 -1
    27     84     33    112     69     89     10     87    134     34     17      3     94    255     86      8     21     34      8 
  5533   7666   5486  10423   5825   6174   3850  10190   7831   5003   4241   3667   8135  11804   6209   4271  10457   6243   4772 
 17236  13361     51    152   5486   6174   7666   5825   5533  10423   5003   7831  10190   8135  10457  11804   6243   6209   4772   4271   3667   4241   3850  13573  26303      0      0  65535 
     0      0      0      0      0      0      0      0      0      0      0      0      0      0      0      0      0      0      0 
     0      0      0      0      0      0      0      0      0      0      0      0      0      0      0      0      0      0      0 
     0      0      0      0      0      0      0      0      0      0      0      0      0      0      0      0      0      0      0 
0 -1 -1
    28     88     35    116     72     93     11     90    140     35     17      4     97    255     91      9     21     35      9 
  5618   7841   5561  10656   5916   6284   3871  10372   7976   5030   4257   3671   8276  12044   6339   4284  10443   6300   4789 
 17236  13361     51    152   5561   6284   7841   5916   5618  10656   5030   7976  10372   8276  10443  12044   6300   6339   4789   4284   3671   4257   3871  13574  26303      0      0  65535 
     0      0      0      0      0      0      0      0      0      0      0      0      0      0      0      0      0      0      0 
     0      0      0      0      0      0      0      0      0      0      0      0      0      0      0      0      0      0      0 
     0      0      0      0      0      0      0      0      0      0      0      0      0      0      0      0      0      0      0 
0 -1 -1
    29     91     36    121     76     95     11     93    146     36     18      4    101    255     95      9     21     36      9 
  5704   7963   5600  10913   5999   6327   3883  10600   8126   5050   4264   3674   8443  12255   6424   4288  10467   6344   4804 
 17236  13361     51    152   5600   6327   7963   5999   5704  10913   5050   8126  10600   8443  10467  12255   6344   6424   4804   4288   3674   4264   3883  13575  26303      0      1  65535 
     0      0      0      0      0      0      0      0      0      0      0      0      0      0      0      0      0      0      0 
     0      0      0      0      0      0      0      0      0      0      0      0      0      0      0      0      0      0      0 
     0      0      0      0      0      0      0      0      0      0      0      0      0      0      0      0      0      0      0 
0 -1 -1
    30     93     36    123     77     96     11     95    149     37     18      4    104    255     98      9     21     37      9 
  5743   8021   5612  11054   6040   6361   3891  10720   8219   5063   4272   3674   8550  12415   6505   4295  10470   6382   4819 
 17236  13361     51    152   5612   6361   8021   6040   5743  11054   5063   8219  10720   8550  10470  12415   6382   6505   4819   4295   3674   4272   3891  13575  26303      0      0  65535 
     0      0      0      0      0      0      0      0      0      0      0      0      0      0      0      0      0      0      0 
     0      0      0      0      0      0      0      0      0      0      0      0      0      0      0      0      0      0      0 
     0      0      0      0      0      0      0      0      0      0      0      0      0      0      0      0      0      0      0 
0 -1 -1
    31     95     37    126     80     99     12     98    154     38     19      4    107    255    103      9     21     39     10 
  5797   8124   5653  11234   6109   6450   3911  10872   8350   5090   4290   3678   8699  12658   6644   4313  10469   6452   4847 
 17236  13361     51    152   5653   6450   8124   6109   5797  11234   5090   8350  10872   8699  10469  12658   6452   6644   4847   4313   3678   4290   3911  13575  26304      0      0  65535 
     0      0      0      0      0      0      0      0      0      0      0      0      0      0      0      0      0      0      0 
     0      0      0      0      0      0      0      0      0      0      0      0      0      0      0      0      0      0      0 
     0      0      0      0      0      0      0      0      0      0      0      0      0      0      0      0      0      0      0 
0 -1 -1
    32     98     38    129     82    102     12     99    158     39     19      4    110    255    108      9     21     40     10 
  5849   8236   5703  11367   6175   6535   3931  10985   8447   5114   4309   3684   8786  12823   6753   4326  10440   6502   4868 
 17236  13361     51    152   5703   6535   8236   6175   5849  11367   5114   8447  10985   8786  10440  12823   6502   6753   4868   4326   3684   4309   3931  13575  26305      0      0  65535 
     0      0      0      0      0      0      0      0      0      0      0      0      0      0      0      0      0      0      0 
     0      0      0      0      0      0      0      0      0      0      0      0      0      0      0      0      0      0      0 
     0      0      0      0      0      0      0      0      0      0      0      0      0      0      0      0      0      0      0 
0 -1 -1
    32    100     39    130     84    105     12     99    159     40     20      4    110    255    110     10     20     40     10 
  5888   8338   5754  11425   6219   6604   3951  11001   8482   5129   4326   3686   8788  12869   6820   4337  10401   6520   4876 
 17236  13361     51    152   5754   6604   8338   6219   5888  11425   5129   8482  11001   8788  10401  12869   6520   6820   4876   4337   3686   4326   3951  13577  26304      0      0  65535 
     0      0      0      0      0      0      0      0      0      0      0      0      0      0      0      0      0      0      0 
     0      0      0      0      0      0      0      0      0      0      0      0      0      0      0      0      0      0      0 
     0      0      0      0      0      0      0      0      0      0      0      0      0      0      0      0      0      0      0 
0 -1 -1
    33    104     41    130     86    109     13     98    159     40     21      4    108    255    113     10     18     40     10 
  5929   8502   5848  11435   6269   6726   3985  10929   8483   5143   4351   3694   8713  12837   6894   4353  10309   6523   4884 
 17236  13361     51    152   5848   6726   8502   6269   5929  11435   5143   8483  10929   8713  10309  12837   6523   6894   4884   4353   3694   4351   3985  13577  26304      0      0  65535 
     0      0      0      0      0      0      0      0      0      0      0      0      0      0      0      0      0      0      0 
     0      0      0      0      0      0      0      0      0      0      0      0      0      0      0      0      0      0      0 
     0      0      0      0      0      0      0      0      0      0      0      0      0      0      0      0      0      0      0 
0 -1 -1
    33    107     43    129     87    113     14     96    157     41     21      4    104    255    114     10     15     39     10 
  5961   8647   5939  11383   6298   6829   4010  10795   8427   5149   4364   3695   8566  12703   6899   4354  10176   6485   4874 
 17236  13361     51    152   5939   6829   8647   6298   5961  11383   5149   8427  10795   8566  10176  12703   6485   6899   4874   4354   3695   4364   4010  13577  26304      1      0  65535 
     0      0      0      0      0      0      0      0      0      0      0      0      0      0      0      0      0      0      0 
     0      0      0      0      0      0      0      0      0      0      0      0      0      0      0      0      0      0      0 
     0      0      0      0      0      0      0      0      0      0      0      0      0      0      0      0      0      0      0 
0 -1 -1
    34    109     44    128     88    116     14     95    155     41     22      4    102    255    115     10     13     39     10 
  5974   8742   6000  11323   6314   6902   4036  10682   8389   5160   4384   3701   8464  12656   6944   4367  10109   6481   4881 
 17236  13361     51    151   6000   6902   8742   6314   5974  11323   5160   8389  10682   8464  10109  12656   6481   6944   4881   4367   3701   4384   4036  13578  26305      0      0  65535 
     0      0      0      0      0      0      0      0      0      0      0      0      0      0      0      0      0      0      0 
     0      0      0      0      0      0      0      0      0      0      0      0      0      0      0      0      0      0      0 
     0      0      0      0      0      0      0      0      0      0      0      0      0      0      0      0      0      0      0 
0 -1 -1
    33    110     45    126     88    119     15     93    154     42     23      5    100    255    120     11     14     40     11 
  5944   8783   6050  11191   6316   6982   4065  10559   8359   5174   4410   3708   8404  12714   7052   4393  10123   6526   4909 
 17236  13361     51    152   6050   6982   8783   6316   5944  11191   5174   8359  10559   8404  10123  12714   6526   7052   4909   4393   3708   4410   4065  13579  26305      0      0  65535 
     0      0      0      0      0      0      0      0      0      0      0      0      0      0      0      0      0      0      0 
     0      0      0      0      0      0      0      0      0      0      0      0      0      0      0      0      0      0      0 
     0      0      0      0      0      0      0      0      0      0      0      0      0      0      0      0      0      0      0 
0 -1 -1
    32    112     46    122     88    123     16     91    155     43     24      5     99    255    126     11     13     42     11 
  5887   8852   6100  11003   6316   7082   4096  10436   8371   5200   4444   3713   8338  12852   7201   4425  10101   6600   4938 
 17236  13361     51    151   6100   7082   8852   6316   5887  11003   5200   8371  10436   8338  10101  12852   6600   7201   4938   4425   3713   4444   4096  13586  26304      0      0  65535 
     0      0      0      0      0      0      0      0      0      0      0      0      0      0      0      0      0      0      0 
     0      0      0      0      0      0      0      0      0      0      0      0      0      0      0      0      0      0      0 
     0      0      0      0      0      0      0      0      0      0      0      0      0      0      0      0      0      0      0 
0 -1 -1
    32    116     48    120     89    124     17     91    158     44     25      5     96    255    127     12     12     42     11 
  5898   9030   6161  10891   6335   7130   4132  10426   8448   5222   4460   3711   8228  12887   7244   4444  10066   6613   4925 
 17236  13361     51    151   6161   7130   9030   6335   5898  10891   5222   8448  10426   8228  10066  12887   6613   7244   4925   4444   3711   4460   4132  13583  26304      0      1  65535 
     0      0      0      0      0      0      0      0      0      0      0      0      0      0      0      0      0      0      0 
     0      0      0      0      0      0      0      0      0      0      0      0      0      0      0      0      0      0      0 
     0      0      0      0      0      0      0      0      0      0      0      0      0      0      0      0      0      0      0 
0 -1 -1
    33    118     48    119     89    122     17     91    160     44     25      5     95    255    127     12     12     42     11 
  5917   9129   6179  10809   6336   7071   4154  10462   8499   5227   4461   3713   8157  12831   7226   4451  10035   6611   4912 
 17236  13361     51    151   6179   7071   9129   6336   5917  10809   5227   8499  10462   8157  10035  12831   6611   7226   4912   4451   3713   4461   4154  13579  26304      0      0  65535 
     0      0      0      0      0      0      0      0      0      0      0      0      0      0      0      0      0      0      0 
     0      0      0      0      0      0      0      0      0      0      0      0      0      0      0      0      0      0      0 
     0      0      0      0      0      0      0      0      0      0      0      0      0      0      0      0      0      0      0 
0 -1 -1
    33    121     49    117     89    120     18     92    162     44     25      5     92    255    125     12     11     42     10 
  5936   9243   6204  10706   6330   7009   4182  10478   8549   5233   4470   3709   8060  12747   7189   4458   9992   6604   4899 
 17236  13361     51    151   6204   7009   9243   6330   5936  10706   5233   8549  10478   8060   9992  12747   6604   7189   4899   4458   3709   4470   4182  13580  26305      0      0  65535 
     0      0      0      0      0      0      0      0      0      0      0      0      0      0      0      0      0      0      0 
     0      0      0      0      0      0      0      0      0      0      0      0      0      0      0      0      0      0      0 
     0      0      0      0      0      0      0      0      0      0      0      0      0      0      0      0      0      0      0 
0 -1 -1
    34    124     50    116     90    118     19     92    165     45     26      5     90    255    124     12     10     42     10 
  5972   9403   6246  10638   6372   6967   4226  10508   8644   5246   4486   3710   7978  12692   7165   4471   9979   6598   4886 
 17236  13361     51    151   6246   6967   9403   6372   5972  10638   5246   8644  10508   7978   9979  12692   6598   7165   4886   4471   3710   4486   4226  13580  26303      0      0  65535 
     0      0      0      0      0      0      0      0      0      0      0      0      0      0      0      0      0      0      0 
     0      0      0      0      0      0      0      0      0      0      0      0      0      0      0      0      0      0      0 
     0      0      0      0      0      0      0      0      0      0      0      0      0      0      0      0      0      0      0 
0 -1 -1
    34    130     51    114     94    117     21     93    171     46     27      5     89    255    125     13     10     42     10 
  6024   9640   6327  10559   6454   6941   4308  10587   8793   5279   4519   3715   7907  12672   7181   4503   9946   6626   4884 
 17236  13361     51    151   6327   6941   9640   6454   6024  10559   5279   8793  10587   7907   9946  12672   6626   7181   4884   4503   3715   4519   4308  13580  26303      0      0  65535 
     0      0      0      0      0      0      0      0      0      0      0      0      0      0      0      0      0      0      0 
     0      0      0      0      0      0      0      0      0      0      0      0      0      0      0      0      0      0      0 
     0      0      0      0      0      0      0      0      0      0      0      0      0      0      0      0      0      0      0 
0 -1 -1
    35    135     53    111     97    115     23     94    176     48     29      5     87    255    126     14      9     43     10 
  6071   9849   6418  10404   6549   6866   4420  10659   8939   5315   4562   3726   7834  12612   7210   4549   9925   6667   4896 
 17236  13361     51    151   6418   6866   9849   6549   6071  10404   5315   8939  10659   7834   9925  12612   6667   7210   4896   4549   3726   4562   4420  13580  26304      0      0  65535 
     0      0      0      0      0      0      0      0      0      0      0      0      0      0      0      0      0      0      0 
     0      0      0      0      0      0      0      0      0      0      0      0      0      0      0      0      0      0      0 
     0      0      0      0      0      0      0      0      0      0      0      0      0      0      0      0      0      0      0 
0 -1 -1
    35    137     54    107    100    109     25     94    177     48     29      5     84    255    124     14      9     44     10 
  6079   9933   6469  10144   6607   6725   4504  10638   8957   5325   4580   3733   7714  12378   7156   4578   9894   6678   4892 
 17236  13361     51    151   6469   6725   9933   6607   6079  10144   5325   8957  10638   7714   9894  12378   6678   7156   4892   4578   3733   4580   4504  13581  26304      0      0  65535 
     0      0      0      0      0      0      0      0      0      0      0      0      0      0      0      0      0      0      0 
     0      0      0      0      0      0      0      0      0      0      0      0      0      0      0      0      0      0      0 
     0      0      0      0      0      0      0      0      0      0      0      0      0      0      0      0      0      0      0 
0 -1 -1
    31    120     48     94     85     92     19     85    155     41     23      4     76    255    104     12      7     38      9 
  5787   9197   6155   9441   6238   6251   4232  10025   8376   5171   4402   3698   7359  11506   6660   4446   9801   6438   4804 
 17236  13361     51    151   6155   6251   9197   6238   5787   9441   5171   8376  10025   7359   9801  11506   6438   6660   4804   4446   3698   4402   4232  13581  26303      0      0  65535 
     0      0      0      0      0      0      0      0      0      0      0      0      0      0      0      0      0      0      0 
     0      0      0      0      0      0      0      0      0      0      0      0      0      0      0      0      0      0      0 
     0      0      0      0      0      0      0      0      0      0      0      0      0      0      0      0      0      0      0 
0 -1 -1
    18     71     27     61     45     47      9     59     93     25     12      2     50    186     52      7      1     23      5 
  4990   7091   5185   7578   5238   5062   3783   8289   6745   4785   4109   3629   6298   9001   5369   4198   9566   5748   4578 
 17236  13361     51    152   5185   5062   7091   5238   4990   7578   4785   6745   8289   6298   9566   9001   5748   5369   4578   4198   3629   4109   3783  13576  26303      0      0  65535 
     0      0      0      0      0      0      0      0      0      0      0      0      0      0      0      0      0      0      0 
     0      0      0      0      0      0      0      0      0      0      0      0      0      0      0      0      0      0      0 
     0      0      0      0      0      0      0      0      0      0      0      0      0      0      0      0      0      0      0 
0 -1 -1
     9     36     13     31     22     20      4     34     44     15      7      1     26     86     18      4      0     11      3 
  4414   5545   4530   5940   4636   4337   3588   6635   5453   4544   3961   3587   5285   6598   4516   4056   9358   5192   4409 
 17236  13361     51    152   4530   4337   5545   4636   4414   5940   4544   5453   6635   5285   9358   6598   5192   4516   4409   4056   3587   3961   3588  13576  26304      0      1  65535 
     0      0      0      0      0      0      0      0      0      0      0      0      0      0      0      0      0      0      0 
     0      0      0      0      0      0      0      0      0      0      0      0      0      0      0      0      0      0      0 
     0      0      0      0      0      0      0      0      0      0      0      0      0      0      0      0      0      0      0 
0 -1 -1
     3      8      3      7      6      5      1      9      9      6      1      0      5     12      3      2      0      2      1 
  3986   4335   4079   4595   4241   3931   3465   4915   4521   4345   3822   3555   4415   4828   4135   3923   9254   4786   4268 
 17236  13361     51    153   4079   3931   4335   4241   3986   4595   4345   4521   4915   4415   9254   4828   4786   4135   4268   3923   3555   3822   3465  13577  26305      0      0  65535 
     0      0      0      0      0      0      0      0      0      0      0      0      0      0      0      0      0      0      0 
     0      0      0      0      0      0      0      0      0      0      0      0      0      0      0      0      0      0      0 
     0      0      0      0      0      0      0      0      0      0      0      0      0      0      0      0      0      0      0 
0 -1 -1
     0      0      0      0      0      0      0      0      0      0      0      0      0      0      0      0      0      0      0 
  3812   3976   3897   4188   4088   3789   3412   4268   4277   4213   3774   3532   4149   4520   4064   3832   9235   4659   4197 
 17236  13361     51    153   3897   3789   3976   4088   3812   4188   4213   4277   4268   4149   9235   4520   4659   4064   4197   3832   3532   3774   3412  13579  26304      0      0  65535 
     0      0      0      0      0      0      0      0      0      0      0      0      0      0      0      0      0      0      0 
     0      0      0      0      0      0      0      0      0      0      0      0      0      0      0      0      0      0      0 
     0      0      0      0      0      0      0      0      0      0      0      0      0      0      0      0      0      0      0 
0 -1 -1
     0      0      0      0      0      0      0      0      0      0      0      0      0      0      0      0      0      0      0 
  3793   3938   3858   4152   4068   3771   3399   4171   4256   4173   3762   3529   4100   4488   4050   3805   9221   4625   4178 
 17236  13361     51    153   3858   3771   3938   4068   3793   4152   4173   4256   4171   4100   9221   4488   4625   4050   4178   3805   3529   3762   3399  13577  26304      0      0  65535 
     0      0      0      0      0      0      0      0      0      0      0      0      0      0      0      0      0      0      0 
     0      0      0      0      0      0      0      0      0      0      0      0      0      0      0      0      0      0      0 
     0      0      0      0      0      0      0      0      0      0      0      0      0      0      0      0      0      0      0 
0 -1 -1
     0      0      0      0      0      0      0      0      0      0      0      0      0      0      0      0      0      0      0 
  3792   3931   3844   4141   4066   3767   3400   4150   4252   4171   3763   3529   4092   4482   4049   3804   9182   4622   4176 
 17236  13361     51    153   3844   3767   3931   4066   3792   4141   4171   4252   4150   4092   9182   4482   4622   4049   4176   3804   3529   3763   3400  13577  26304      0      0  65535 
     0      0      0      0      0      0      0      0      0      0      0      0      0      0      0      0      0      0      0 
     0      0      0      0      0      0      0      0      0      0      0      0      0      0      0      0      0      0      0 
     0      0      0      0      0      0      0      0      0      0      0      0      0      0      0      0      0      0      0 
0 -1 -1
     0      0      0      0      0      0      0      0      0      0      0      0      0      0      0      0      0      0      0 
  3792   3931   3843   4140   4066   3766   3398   4149   4251   4170   3763   3529   4093   4481   4049   3804   9202   4621   4177 
 17236  13361     51    153   3843   3766   3931   4066   3792   4140   4170   4251   4149   4093   9202   4481   4621   4049   4177   3804   3529   3763   3398  13577  26302      0      0  65535 
     0      0      0      0      0      0      0      0      0      0      0      0      0      0      0      0      0      0      0 
     0      0      0      0      0      0      0      0      0      0      0      0      0      0      0      0      0      0      0 
     0      0      0      0      0      0      0      0      0      0      0      0      0      0      0      0      0      0      0 
0 -1 -1
     0      0      0      0      0      0      0      0      0      0      0      0      0      0      0      0      0      0      0 
  3791   3931   3842   4140   4064   3765   3398   4147   4250   4169   3763   3529   4091   4478   4047   3804   9231   4620   4177 
 17236  13361     51    153   3842   3765   3931   4064   3791   4140   4169   4250   4147   4091   9231   4478   4620   4047   4177   3804   3529   3763   3398  13576  26302      0      0  65535 
     0      0      0      0      0      0      0      0      0      0      0      0      0      0      0      0      0      0      0 
     0      0      0      0      0      0      0      0      0      0      0      0      0      0      0      0      0      0      0 
     0      0      0      0      0      0      0      0      0      0      0      0      0      0      0      0      0      0      0 
0 -1 -1
     0      0      0      0      0      0      0      0      0      0      0      0      0      0      0      0      0      0      0 
  3789   3930   3841   4138   4064   3764   3397   4147   4249   4171   3763   3529   4089   4478   4047   3804   9190   4619   4176 
 17236  13361     51    153   3841   3764   3930   4064   3789   4138   4171   4249   4147   4089   9190   4478   4619   4047   4176   3804   3529   3763   3397  13576  26303      0      0  65535 
     0      0      0      0      0      0      0      0      0      0      0      0      0      0      0      0      0      0      0 
     0      0      0      0      0      0      0      0      0      0      0      0      0      0      0      0      0      0      0 
     0      0      0      0      0      0      0      0      0      0      0      0      0      0      0      0      0      0      0 
0 -1 -1
     0      0      0      0      0      0      0      0      0      0      0      0      0      0      0      0      0      0      0 
  3790   3934   3849   4145   4065   3765   3399   4180   4248   4170   3762   3531   4102   4480   4046   3803   9162   4622   4176 
 17236  13361     51    153   3849   3765   3934   4065   3790   4145   4170   4248   4180   4102   9162   4480   4622   4046   4176   3803   3531   3762   3399  13576  26303      0      0  65535 
     0      0      0      0      0      0      0      0      0      0      0      0      0      0      0      0      0      0      0 
     0      0      0      0      0      0      0      0      0      0      0      0      0      0      0      0      0      0      0 
     0      0      0      0      0      0      0      0      0      0      0      0      0      0      0      0      0      0      0 
0 -1 -1
     0      0      0      0      0      0      0      0      0      1      0      0      0      0      0      0      0      0      0 
  3819   3979   3894   4193   4086   3786   3422   4350   4270   4215   3782   3544   4197   4528   4064   3854   9100   4681   4208 
 17236  13361     51    153   3894   3786   3979   4086   3819   4193   4215   4270   4350   4197   9100   4528   4681   4064   4208   3854   3544   3782   3422  13575  26303      0      0  65535 
     0      0      0      0      0      0      0      0      0      0      0      0      0      0      0      0      0      0      0 
     0      0      0      0      0      0      0      0      0      0      0      0      0      0      0      0      0      0      0 
     0      0      0      0      0      0      0      0      0      0      0      0      0      0      0      0      0      0      0 
0 -1 -1
     0      0      0      0      0      0      0      0      0      1      0      0      0      0      0      0      0      0      0 
  3819   3979   3894   4193   4086   3786   3422   4350   4270   4215   3782   3544   4197   4528   4064   3854   9100   4681   4208 
 17236  13361     51    153   3894   3786   3979   4086   3819   4193   4215   4270   4350   4197   9100   4528   4681   4064   4208   3854   3544   3782   3422  13575  26303      0      0  65535 
     0      0      0      0      0      0      0      0      0      0      0      0      0      0      0      0      0      0      0 
     0      0      0      0      0      0      0      0      0      0      0      0      0      0      0      0      0      0      0 
     0      0      0      0      0      0      0      0      0      0      0      0      0      0      0      0      0      0      0 
0 -1 -1
     1      2      1      3      2      2      1      5      2      5      1      0      4      4      1      2      0      2      0 
  3892   4064   3970   4349   4149   3851   3457   4678   4341   4328   3807   3558   4341   4639   4091   3924   9100   4771   4248 
 17236  13361     51    152   3970   3851   4064   4149   3892   4349   4328   4341   4678   4341   9100   4639   4771   4091   4248   3924   3558   3807   3457  13577  26304      0      0  65535 
     0      0      0      0      0      0      0      0      0      0      0      0      0      0      0      0      0      0      0 
     0      0      0      0      0      0      0      0      0      0      0      0      0      0      0      0      0      0      0 
     0      0      0      0      0      0      0      0      0      0      0      0      0      0      0      0      0      0      0 
0 -1 -1
     4      7      4      9      9      8      4     17     12     12      3      1     11     21      5      4      0      6      1 
  4047   4292   4121   4716   4307   4006   3569   5502   4600   4480   3877   3582   4658   5045   4190   4035   9189   4962   4314 
 17236  13361     51    152   4121   4006   4292   4307   4047   4716   4480   4600   5502   4658   9189   5045   4962   4190   4314   4035   3582   3877   3569  13580  26304      0      0  65535 
     0      0      0      0      0      0      0      0      0      0      0      0      0      0      0      0      0      0      0 
     0      0      0      0      0      0      0      0      0      0      0      0      0      0      0      0      0      0      0 
     0      0      0      0      0      0      0      0      0      0      0      0      0      0      0      0      0      0      0 
0 -1 -1
     6     14      8     15     17     14      6     27     22     17      6      1     17     37      9      5      0     10      2 
  4197   4593   4315   5048   4514   4174   3684   6167   4871   4607   3943   3593   4917   5443   4296   4115   9252   5130   4360 
 17236  13361     51    152   4315   4174   4593   4514   4197   5048   4607   4871   6167   4917   9252   5443   5130   4296   4360   4115   3593   3943   3684  13579  26304      0      1  65535 
     0      0      0      0      0      0      0      0      0      0      0      0      0      0      0      0      0      0      0 
     0      0      0      0      0      0      0      0      0      0      0      0      0      0      0      0      0      0      0 
     0      0      0      0      0      0      0      0      0      0      0      0      0      0      0      0      0      0      0 
0 -1 -1
     9     28     14     24     33     23     13     42     40     25     10      2     27     67     19      8      0     16      3 
  4418   5192   4598   5528   4914   4397   3963   7142   5347   4775   4051   3609   5319   6148   4527   4255   9397   5407   4425 
 17236  13361     51    152   4598   4397   5192   4914   4418   5528   4775   5347   7142   5319   9397   6148   5407   4527   4425   4255   3609   4051   3963  13579  26304      0      0  65535 
     0      0      0      0      0      0      0      0      0      0      0      0      0      0      0      0      0      0      0 
     0      0      0      0      0      0      0      0      0      0      0      0      0      0      0      0      0      0      0 
     0      0      0      0      0      0      0      0      0      0      0      0      0      0      0      0      0      0      0 
0 -1 -1
    12     40     20     31     48     30     19     52     56     30     13      2     34     90     26     10      0     21      4 
  4613   5748   4858   5913   5298   4588   4227   7824   5753   4903   4137   3626   5624   6703   4718   4362   9489   5622   4467 
 17236  13361     51    151   4858   4588   5748   5298   4613   5913   4903   5753   7824   5624   9489   6703   5622   4718   4467   4362   3626   4137   4227  13578  26304      0      0  65535 
     0      0      0      0      0      0      0      0      0      0      0      0      0      0      0      0      0      0      0 
     0      0      0      0      0      0      0      0      0      0      0      0      0      0      0      0      0      0      0 
     0      0      0      0      0      0      0      0      0      0      0      0      0      0      0      0      0      0      0 
0 -1 -1
    15     49     24     36     61     35     25     60     69     35     16      3     40    111     34     12      2     25      4 
  4787   6144   5062   6228   5640   4729   4514   8356   6098   5020   4231   3643   5886   7209   4919   4458   9583   5841   4510 
 17236  13361     51    151   5062   4729   6144   5640   4787   6228   5020   6098   8356   5886   9583   7209   5841   4919   4510   4458   3643   4231   4514  13578  26303      0      0  65535 
     0      0      0      0      0      0      0      0      0      0      0      0      0      0      0      0      0      0      0 
     0      0      0      0      0      0      0      0      0      0      0      0      0      0      0      0      0      0      0 
     0      0      0      0      0      0      0      0      0      0      0      0      0      0      0      0      0      0      0 
0 -1 -1
    19     61     30     44     80     42     34     70     88     41     21      4     49    139     45     15      4     32      5 
  5012   6662   5334   6638   6123   4919   4872   9024   6601   5168   4358   3672   6229   7875   5185   4595   9683   6137   4562 
 17236  13361     51    150   5334   4919   6662   6123   5012   6638   5168   6601   9024   6229   9683   7875   6137   5185   4562   4595   3672   4358   4872  13578  26303      1      0  65535 
     0      0      0      0      0      0      0      0      0      0      0      0      0      0      0      0      0      0      0 
     0      0      0      0      0      0      0      0      0      0      0      0      0      0      0      0      0      0      0 
     0      0      0      0      0      0      0      0      0      0      0      0      0      0      0      0      0      0      0 
0 -1 -1
    22     72     35     50     96     49     41     78    105     47     25      4     56    166     56     17      9     38      6 
  5215   7123   5586   6999   6528   5115   5171   9562   7052   5305   4466   3699   6543   8524   5456   4736   9915   6417   4623 
 17236  13361     51    149   5586   5115   7123   6528   5215   6999   5305   7052   9562   6543   9915   8524   6417   5456   4623   4736   3699   4466   5171  13577  26303      1      0  65535 
     0      0      0      0      0      0      0      0      0      0      0      0      0      0      0      0      0      0      0 
     0      0      0      0      0      0      0      0      0      0      0      0      0      0      0      0      0      0      0 
     0      0      0      0      0      0      0      0      0      0      0      0      0      0      0      0      0      0      0 
0 -1 -1
    24     80     40     55    109     55     46     84    119     52     28      5     62    189     66     20     14     43      7 
  5393   7454   5799   7269   6857   5275   5407   9970   7416   5409   4546   3716   6805   9063   5710   4860  10134   6671   4668 
 17236  13361     51    149   5799   5275   7454   6857   5393   7269   5409   7416   9970   6805  10134   9063   6671   5710   4668   4860   3716   4546   5407  13577  26303      0      0  65535 
     0      0      0      0      0      0      0      0      0      0      0      0      0      0      0      0      0      0      0 
     0      0      0      0      0      0      0      0      0      0      0      0      0      0      0      0      0      0      0 
     0      0      0      0      0      0      0      0      0      0      0      0      0      0      0      0      0      0      0 
0 -1 -1
    27     86     43     59    119     60     51     88    129     55     31      5     66    203     74     21     14     47      8 
  5531   7711   5954   7486   7107   5404   5604  10255   7696   5493   4616   3731   6979   9417   5912   4953  10152   6836   4711 
 17236  13361     51    149   5954   5404   7711   7107   5531   7486   5493   7696  10255   6979  10152   9417   6836   5912   4711   4953   3731   4616   5604  13578  26304      0      0  65535 
     0      0      0      0      0      0      0      0      0      0      0      0      0      0      0      0      0      0      0 
     0      0      0      0      0      0      0      0      0      0      0      0      0      0      0      0      0      0      0 
     0      0      0      0      0      0      0      0      0      0      0      0      0      0      0      0      0      0      0 
0 -1 -1
    29     92     47     63    129     65     56     92    140     59     33      6     70    218     82     23     15     50      8 
  5659   7980   6120   7709   7355   5536   5822  10527   7971   5583   4693   3752   7144   9758   6121   5058  10198   6989   4752 
 17236  13361     51    148   6120   5536   7980   7355   5659   7709   5583   7971  10527   7144  10198   9758   6989   6121   4752   5058   3752   4693   5822  13578  26304      1      0  65535 
     0      0      0      0      0      0      0      0      0      0      0      0      0      0      0      0      0      0      0 
     0      0      0      0      0      0      0      0      0      0      0      0      0      0      0      0      0      0      0 
     0      0      0      0      0      0      0      0      0      0      0      0      0      0      0      0      0      0      0 
0 -1 -1
    31    100     52     68    142     72     63     98    154     65     38      7     76    240     96     27     17     55      9 
  5838   8333   6366   8003   7689   5727   6142  10916   8359   5713   4807   3782   7390  10290   6456   5221  10256   7224   4810 
 17236  13361     51    148   6366   5727   8333   7689   5838   8003   5713   8359  10916   7390  10256  10290   7224   6456   4810   5221   3782   4807   6142  13578  26304      0      0  65535 
     0      0      0      0      0      0      0      0      0      0      0      0      0      0      0      0      0      0      0 
     0      0      0      0      0      0      0      0      0      0      0      0      0      0      0      0      0      0      0 
     0      0      0      0      0      0      0      0      0      0      0      0      0      0      0      0      0      0      0 
0 -1 -1
    34    106     56     73    154     79     68    103    166     69     41      7     82    255    108     29     16     60     10 
  5997   8602   6563   8266   7977   5896   6356  11256   8671   5815   4885   3799   7616  10758   6748   5349  10254   7441   4870 
 17236  13361     51    148   6563   5896   8602   7977   5997   8266   5815   8671  11256   7616  10254  10758   7441   6748   4870   5349   3799   4885   6356  13579  26303      0      0  65535 
     0      0      0      0      0      0      0      0      0      0      0      0      0      0      0      0      0      0      0 
     0      0      0      0      0      0      0      0      0      0      0      0      0      0      0      0      0      0      0 
     0      0      0      0      0      0      0      0      0      0      0      0      0      0      0      0      0      0      0 
0 -1 -1
    35    108     58     75    159     82     70    105    172     71     42      8     84    255    114     30     17     63     11 
  6069   8710   6642   8388   8109   5979   6448  11402   8825   5856   4917   3812   7731  10988   6903   5410  10257   7561   4905 
 17236  13361     51    147   6642   5979   8710   8109   6069   8388   5856   8825  11402   7731  10257  10988   7561   6903   4905   5410   3812   4917   6448  13577  26303      0      0  65535 
     0      0      0      0      0      0      0      0      0      0      0      0      0      0      0      0      0      0      0 
     0      0      0      0      0      0      0      0      0      0      0      0      0      0      0      0      0      0      0 
     0      0      0      0      0      0      0      0      0      0      0      0      0      0      0      0      0      0      0 
0 -1 -1
    36    110     59     77    162     84     72    107    175     72     43      8     86    255    119     31     16     65     11 
  6106   8765   6686   8462   8195   6033   6522  11504   8909   5890   4948   3819   7813  11148   7023   5460  10246   7657   4927 
 17236  13361     51    147   6686   6033   8765   8195   6106   8462   5890   8909  11504   7813  10246  11148   7657   7023   4927   5460   3819   4948   6522  13573  26303      0      0  65535 
     0      0      0      0      0      0      0      0      0      0      0      0      0      0      0      0      0      0      0 
     0      0      0      0      0      0      0      0      0      0      0      0      0      0      0      0      0      0      0 
     0      0      0      0      0      0      0      0      0      0      0      0      0      0      0      0      0      0      0 
0 -1 -1
    36    111     60     78    166     85     74    108    179     74     44      8     88    255    122     32     16     66     11 
  6148   8840   6738   8544   8278   6074   6622  11596   9000   5925   4990   3831   7867  11286   7120   5512  10246   7733   4947 
 17236  13361     51    147   6738   6074   8840   8278   6148   8544   5925   9000  11596   7867  10246  11286   7733   7120   4947   5512   3831   4990   6622  13572  26303      0      0  65535 
     0      0      0      0      0      0      0      0      0      0      0      0      0      0      0      0      0      0      0 
     0      0      0      0      0      0      0      0      0      0      0      0      0      0      0      0      0      0      0 
     0      0      0      0      0      0      0      0      0      0      0      0      0      0      0      0      0      0      0 
0 -1 -1
    38    116     63     81    173     89     79    111    186     77     47      9     90    255    130     34     16     69     12 
  6259   9058   6871   8727   8469   6182   6813  11789   9200   6000   5068   3845   7983  11527   7302   5599  10246   7846   4983 
 17236  13361     51    146   6871   6182   9058   8469   6259   8727   6000   9200  11789   7983  10246  11527   7846   7302   4983   5599   3845   5068   6813  13574  26303      0      0  65535 
     0      0      0      0      0      0      0      0      0      0      0      0      0      0      0      0      0      0      0 
     0      0      0      0      0      0      0      0      0      0      0      0      0      0      0      0      0      0      0 
     0      0      0      0      0      0      0      0      0      0      0      0      0      0      0      0      0      0      0 
0 -1 -1
    41    124     68     86    184     96     85    114    195     81     51      9     93    255    138     36     16     71     12 
  6425   9398   7098   8963   8738   6352   7072  11999   9430   6096   5169   3860   8096  11759   7498   5697  10217   7936   5014 
 17236  13361     51    146   7098   6352   9398   8738   6425   8963   6096   9430  11999   8096  10217  11759   7936   7498   5014   5697   3860   5169   7072  13576  26304      0      0  65535 
     0      0      0      0      0      0      0      0      0      0      0      0      0      0      0      0      0      0      0 
     0      0      0      0      0      0      0      0      0      0      0      0      0      0      0      0      0      0      0 
     0      0      0      0      0      0      0      0      0      0      0      0      0      0      0      0      0      0      0 
0 -1 -1
    41    127     69     87    187     97     87    115    197     82     52      9     93    255    138     36     15     70     12 
  6469   9527   7175   9021   8824   6389   7158  12046   9476   6117   5194   3860   8094  11743   7521   5708  10178   7909   5007 
 17236  13361     51    146   7175   6389   9527   8824   6469   9021   6117   9476  12046   8094  10178  11743   7909   7521   5007   5708   3860   5194   7158  13576  26303      0      0  65535 
     0      0      0      0      0      0      0      0      0      0      0      0      0      0      0      0      0      0      0 
     0      0      0      0      0      0      0      0      0      0      0      0      0      0      0      0      0      0      0 
     0      0      0      0      0      0      0      0      0      0      0      0      0      0      0      0      0      0      0 
0 -1 -1
    41    127     70     87    188     97     87    115    198     82     52      9     94    255    141     37     16     71     12 
  6470   9508   7192   9022   8835   6379   7183  12063   9501   6123   5204   3870   8121  11827   7578   5735  10232   7948   5023 
 17236  13361     51    146   7192   6379   9508   8835   6470   9022   6123   9501  12063   8121  10232  11827   7948   7578   5023   5735   3870   5204   7183  13577  26303      0      0  65535 
     0      0      0      0      0      0      0      0      0      0      0      0      0      0      0      0      0      0      0 
     0      0      0      0      0      0      0      0      0      0      0      0      0      0      0      0      0      0      0 
     0      0      0      0      0      0      0      0      0      0      0      0      0      0      0      0      0      0      0 
0 -1 -1
    41    127     70     87    188     97     88    116    198     83     53     10     94    255    143     37     16     72     13 
  6473   9495   7202   9028   8851   6389   7206  12080   9524   6131   5215   3872   8146  11884   7623   5755  10213   7984   5036 
 17236  13361     51    146   7202   6389   9495   8851   6473   9028   6131   9524  12080   8146  10213  11884   7984   7623   5036   5755   3872   5215   7206  13586  26303      0      0  65535 
     0      0      0      0      0      0      0      0      0      0      0      0      0      0      0      0      0      0      0 
     0      0      0      0      0      0      0      0      0      0      0      0      0      0      0      0      0      0      0 
     0      0      0      0      0      0      0      0      0      0      0      0      0      0      0      0      0      0      0 
0 -1 -1
    41    127     70     87    188     96     88    115    197     82     53      9     94    255    141     37     14     71     12 
  6469   9506   7195   9016   8844   6374   7201  12057   9499   6125   5213   3866   8121  11805   7591   5739  10149   7947   5024 
 17236  13361     51    146   7195   6374   9506   8844   6469   9016   6125   9499  12057   8121  10149  11805   7947   7591   5024   5739   3866   5213   7201  13580  26303      0      0  65535 
     0      0      0      0      0      0      0      0      0      0      0      0      0      0      0      0      0      0      0 
     0      0      0      0      0      0      0      0      0      0      0      0      0      0      0      0      0      0      0 
     0      0      0      0      0      0      0      0      0      0      0      0      0      0      0      0      0      0      0 
0 -1 -1
    41    125     69     86    186     95     87    115    196     82     52      9     93    255    141     36     14     71     12 
  6440   9436   7166   8973   8795   6348   7158  12018   9465   6108   5193   3868   8105  11798   7576   5725  10136   7949   5025 
 17236  13361     51    146   7166   6348   9436   8795   6440   8973   6108   9465  12018   8105  10136  11798   7949   7576   5025   5725   3868   5193   7158  13576  26303      0      0  65535 
     0      0      0      0      0      0      0      0      0      0      0      0      0      0      0      0      0      0      0 
     0      0      0      0      0      0      0      0      0      0      0      0      0      0      0      0      0      0      0 
     0      0      0      0      0      0      0      0      0      0      0      0      0      0      0      0      0      0      0 
0 -1 -1
    41    124     69     85    185     95     86    114    195     81     51      9     93    255    140     36     14     71     12 
  6427   9388   7138   8950   8760   6327   7122  11993   9445   6094   5176   3864   8097  11777   7551   5707  10135   7941   5025 
 17236  13361     51    146   7138   6327   9388   8760   6427   8950   6094   9445  11993   8097  10135  11777   7941   7551   5025   5707   3864   5176   7122  13577  26303      0      0  65535 
     0      0      0      0      0      0      0      0      0      0      0      0      0      0      0      0      0      0      0 
     0      0      0      0      0      0      0      0      0      0      0      0      0      0      0      0      0      0      0 
     0      0      0      0      0      0      0      0      0      0      0      0      0      0      0      0      0      0      0 
0 -1 -1
    40    123     68     85    183     94     85    114    194     80     50      9     93    255    138     35     13     70     12 
  6408   9350   7106   8927   8725   6299   7058  11963   9410   6072   5151   3856   8075  11719   7500   5674  10117   7909   5013 
 17236  13361     51    146   7106   6299   9350   8725   6408   8927   6072   9410  11963   8075  10117  11719   7909   7500   5013   5674   3856   5151   7058  13582  26303      0      0  65535 
     0      0      0      0      0      0      0      0      0      0      0      0      0      0      0      0      0      0      0 
     0      0      0      0      0      0      0      0      0      0      0      0      0      0      0      0      0      0      0 
     0      0      0      0      0      0      0      0      0      0      0      0      0      0      0      0      0      0      0 
0 -1 -1
    39    119     65     83    178     90     81    113    191     78     48      8     92    255    134     34     13     70     12 
  6322   9150   6959   8823   8584   6192   6890  11904   9319   6023   5091   3837   8061  11655   7415   5614  10098   7894   5005 
 17236  13361     51    147   6959   6192   9150   8584   6322   8823   6023   9319  11904   8061  10098  11655   7894   7415   5005   5614   3837   5091   6890  13581  26303      1      0  65535 
     0      0      0      0      0      0      0      0      0      0      0      0      0      0      0      0      0      0      0 
     0      0      0      0      0      0      0      0      0      0      0      0      0      0      0      0      0      0      0 
     0      0      0      0      0      0      0      0      0      0      0      0      0      0      0      0      0      0      0 
0 -1 -1
    37    113     61     81    172     86     77    113    189     77     46      8     93    255    133     34     14     71     12 
  6226   8919   6787   8731   8451   6084   6729  11884   9270   5989   5043   3822   8093  11661   7379   5580  10157   7930   5005 
 17236  13361     51    147   6787   6084   8919   8451   6226   8731   5989   9270  11884   8093  10157  11661   7930   7379   5005   5580   3822   5043   6729  13580  26303      0      0  65535 
     0      0      0      0      0      0      0      0      0      0      0      0      0      0      0      0      0      0      0 
     0      0      0      0      0      0      0      0      0      0      0      0      0      0      0      0      0      0      0 
     0      0      0      0      0      0      0      0      0      0      0      0      0      0      0      0      0      0      0 
0 -1 -1
    37    110     59     80    169     83     75    113    188     76     45      8     93    255    132     33     16     71     12 
  6165   8778   6676   8677   8369   6014   6639  11876   9242   5968   5017   3812   8113  11657   7353   5554  10209   7945   5005 
 17236  13361     51    147   6676   6014   8778   8369   6165   8677   5968   9242  11876   8113  10209  11657   7945   7353   5005   5554   3812   5017   6639  13580  26304      0      0  65535 
     0      0      0      0      0      0      0      0      0      0      0      0      0      0      0      0      0      0      0 
     0      0      0      0      0      0      0      0      0      0      0      0      0      0      0      0      0      0      0 
     0      0      0      0      0      0      0      0      0      0      0      0      0      0      0      0      0      0      0 
0 -1 -1
    36    108     57     79    166     81     72    112    185     74     44      7     92    255    128     32     14     70     12 
  6114   8670   6592   8606   8277   5951   6528  11813   9164   5930   4974   3800   8070  11553   7265   5505  10161   7897   4985 
 17236  13361     51    147   6592   5951   8670   8277   6114   8606   5930   9164  11813   8070  10161  11553   7897   7265   4985   5505   3800   4974   6528  13580  26304      0      0  65535 
     0      0      0      0      0      0      0      0      0      0      0      0      0      0      0      0      0      0      0 
     0      0      0      0      0      0      0      0      0      0      0      0      0      0      0      0      0      0      0 
     0      0      0      0      0      0      0      0      0      0      0      0      0      0      0      0      0      0      0 
0 -1 -1
    33     99     52     75    155     74     65    110    178     70     40      7     92    255    121     30     14     70     12 
  5944   8291   6340   8383   8003   5768   6202  11679   8976   5838   4862   3777   8039  11430   7097   5396  10153   7878   4973 
 17236  13361     51    147   6340   5768   8291   8003   5944   8383   5838   8976  11679   8039  10153  11430   7878   7097   4973   5396   3777   4862   6202  13581  26304      0      0  65535 
     0      0      0      0      0      0      0      0      0      0      0      0      0      0      0      0      0      0      0 
     0      0      0      0      0      0      0      0      0      0      0      0      0      0      0      0      0      0      0 
     0      0      0      0      0      0      0      0      0      0      0      0      0      0      0      0      0      0      0 
0 -1 -1
    29     85     45     69    137     67     55    105    164     64     34      6     91    255    112     27     14     70     11 
  5714   7698   6037   8019   7560   5581   5791  11391   8604   5686   4716   3759   7991  11314   6872   5262  10160   7897   4956 
 17236  13361     51    148   6037   5581   7698   7560   5714   8019   5686   8604  11391   7991  10160  11314   7897   6872   4956   5262   3759   4716   5791  13581  26304      0      0  65535 
     0      0      0      0      0      0      0      0      0      0      0      0      0      0      0      0      0      0      0 
     0      0      0      0      0      0      0      0      0      0      0      0      0      0      0      0      0      0      0 
     0      0      0      0      0      0      0      0      0      0      0      0      0      0      0      0      0      0      0 
0 -1 -1
    24     70     36     57    111     54     43     93    132     52     26      5     77    230     83     21      7     58      9 
  5359   7031   5632   7370   6902   5244   5250  10568   7767   5426   4492   3704   7401  10065   6147   4941   9805   7324   4786 
 17236  13361     51    149   5632   5244   7031   6902   5359   7370   5426   7767  10568   7401   9805  10065   7324   6147   4786   4941   3704   4492   5250  13581  26305      0      0  65535 
     0      0      0      0      0      0      0      0      0      0      0      0      0      0      0      0      0      0      0 
     0      0      0      0      0      0      0      0      0      0      0      0      0      0      0      0      0      0      0 
     0      0      0      0      0      0      0      0      0      0      0      0      0      0      0      0      0      0      0 
0 -1 -1
    16     46     23     39     71     35     26     71     83     35     16      3     53    145     45     13      2     37      5 
  4820   5995   4998   6352   5878   4724   4522   9084   6462   5027   4220   3644   6394   8017   5179   4533   9578   6398   4569 
 17236  13361     51    150   4998   4724   5995   5878   4820   6352   5027   6462   9084   6394   9578   8017   6398   5179   4569   4533   3644   4220   4522  13581  26305      0      0  65535 
     0      0      0      0      0      0      0      0      0      0      0      0      0      0      0      0      0      0      0 
     0      0      0      0      0      0      0      0      0      0      0      0      0      0      0      0      0      0      0 
     0      0      0      0      0      0      0      0      0      0      0      0      0      0      0      0      0      0      0 
0 -1 -1
    10     29     14     27     43     23     15     53     51     25     11      2     36     91     26      9      0     25      4 
  4471   5239   4591   5687   5186   4402   4082   7918   5627   4781   4076   3611   5716   6718   4700   4314   9436   5830   4465 
 17236  13361     51    151   4591   4402   5239   5186   4471   5687   4781   5627   7918   5716   9436   6718   5830   4700   4465   4314   3611   4076   4082  13580  26303      0      0  65535 
     0      0      0      0      0      0      0      0      0      0      0      0      0      0      0      0      0      0      0 
     0      0      0      0      0      0      0      0      0      0      0      0      0      0      0      0      0      0      0 
     0      0      0      0      0      0      0      0      0      0      0      0      0      0      0      0      0      0      0 
0 -1 -1
     8     22     11     22     33     18     11     46     39     21      9      1     30     71     19      8      0     21      3 
  4342   4938   4450   5419   4921   4281   3901   7401   5313   4689   4020   3599   5453   6246   4547   4232   9373   5620   4425 
 17236  13361     51    151   4450   4281   4938   4921   4342   5419   4689   5313   7401   5453   9373   6246   5620   4547   4425   4232   3599   4020   3901  13579  26303      0      0  65535 
     0      0      0      0      0      0      0      0      0      0      0      0      0      0      0      0      0      0      0 
     0      0      0      0      0      0      0      0      0      0      0      0      0      0      0      0      0      0      0 
     0      0      0      0      0      0      0      0      0      0      0      0      0      0      0      0      0      0      0 
0 -1 -1
     7     16      9     18     25     15      8     39     30     18      7      1     25     58     16      7      0     17      3 
  4246   4698   4350   5207   4723   4197   3778   6967   5085   4621   3982   3592   5261   5930   4452   4178   9323   5476   4405 
 17236  13361     51    152   4350   4197   4698   4723   4246   5207   4621   5085   6967   5261   9323   5930   5476   4452   4405   4178   3592   3982   3778  13579  26305      0      0  65535 
     0      0      0      0      0      0      0      0      0      0      0      0      0      0      0      0      0      0      0 
     0      0      0      0      0      0      0      0      0      0      0      0      0      0      0      0      0      0      0 
     0      0      0      0      0      0      0      0      0      0      0      0      0      0      0      0      0      0      0 
0 -1 -1
     6     15      9     17     23     15      8     38     29     17      7      1     25     56     15      6      0     17      3 
  4228   4640   4330   5156   4680   4181   3751   6865   5037   4607   3974   3590   5225   5881   4435   4166   9314   5453   4402 
 17236  13361     51    152   4330   4181   4640   4680   4228   5156   4607   5037   6865   5225   9314   5881   5453   4435   4402   4166   3590   3974   3751  13580  26305      0      0  65535 
     0      0      0      0      0      0      0      0      0      0      0      0      0      0      0      0      0      0      0 
     0      0      0      0      0      0      0      0      0      0      0      0      0      0      0      0      0      0      0 
     0      0      0      0      0      0      0      0      0      0      0      0      0      0      0      0      0      0      0 
0 -1 -1
     6     14      8     17     22     14      7     37     27     17      7      1     24     54     14      6      0     17      3 
  4214   4604   4315   5125   4654   4168   3735   6798   5005   4597   3970   3588   5201   5840   4422   4157   9316   5437   4400 
 17236  13361     51    152   4315   4168   4604   4654   4214   5125   4597   5005   6798   5201   9316   5840   5437   4422   4400   4157   3588   3970   3735  13580  26304      0      0  65535 
     0      0      0      0      0      0      0      0      0      0      0      0      0      0      0      0      0      0      0 
     0      0      0      0      0      0      0      0      0      0      0      0      0      0      0      0      0      0      0 
     0      0      0      0      0      0      0      0      0      0      0      0      0      0      0      0      0      0      0 
0 -1 -1
     6     14      9     17     23     15      7     37     28     17      7      1     24     55     15      6      0     17      3 
  4221   4613   4322   5136   4662   4177   3737   6813   5016   4602   3970   3589   5212   5859   4426   4158   9316   5443   4401 
 17236  13361     51    152   4322   4177   4613   4662   4221   5136   4602   5016   6813   5212   9316   5859   5443   4426   4401   4158   3589   3970   3737  13579  26304      0      0  65535 
     0      0      0      0      0      0      0      0      0      0      0      0      0      0      0      0      0      0      0 
     0      0      0      0      0      0      0      0      0      0      0      0      0      0      0      0      0      0      0 
     0      0      0      0      0      0      0      0      0      0      0      0      0      0      0      0      0      0      0 
0 -1 -1
     5     12      7     14     19     12      6     32     22     15      6      1     21     44     11      5      0     14      2 
  4156   4501   4255   4999   4558   4119   3662   6506   4872   4550   3936   3580   5068   5602   4345   4111   9302   5320   4373 
 17236  13361     51    152   4255   4119   4501   4558   4156   4999   4550   4872   6506   5068   9302   5602   5320   4345   4373   4111   3580   3936   3662  13578  26304      0      0  65535 
     0      0      0      0      0      0      0      0      0      0      0      0      0      0      0      0      0      0      0 
     0      0      0      0      0      0      0      0      0      0      0      0      0      0      0      0      0      0      0 
     0      0      0      0      0      0      0      0      0      0      0      0      0      0      0      0      0      0      0 
0 -1 -1
     4      8      5     11     13     10      4     25     16     12      4      1     16     31      8      4      0     11      2 
  4078   4349   4171   4809   4423   4047   3585   6021   4697   4484   3893   3571   4865   5285   4254   4052   9277   5159   4339 
 17236  13361     51    152   4171   4047   4349   4423   4078   4809   4484   4697   6021   4865   9277   5285   5159   4254   4339   4052   3571   3893   3585  13590  26304      0      0  65535 
     0      0      0      0      0      0      0      0      0      0      0      0      0      0      0      0      0      0      0 
     0      0      0      0      0      0      0      0      0      0      0      0      0      0      0      0      0      0      0 
     0      0      0      0      0      0      0      0      0      0      0      0      0      0      0      0      0      0      0 
0 -1 -1
     3      5      3      7      8      6      3     17     10      9      3      0     11     19      5      3      0      7      1 
  3996   4196   4074   4611   4283   3959   3532   5475   4540   4415   3862   3565   4656   5015   4176   4000   9228   5008   4307 
 17236  13361     51    152   4074   3959   4196   4283   3996   4611   4415   4540   5475   4656   9228   5015   5008   4176   4307   4000   3565   3862   3532  13614  26304      0      0  65535 
     0      0      0      0      0      0      0      0      0      0      0      0      0      0      0      0      0      0      0 
     0      0      0      0      0      0      0      0      0      0      0      0      0      0      0      0      0      0      0 
     0      0      0      0      0      0      0      0      0      0      0      0      0      0      0      0      0      0      0 
0 -1 -1
     4      6      4      9     10      8      4     20     13     11      4      1     14     27      7      4      0      9      2 
  4049   4263   4126   4711   4341   4009   3568   5712   4631   4461   3888   3572   4783   5195   4233   4036   9226   5098   4336 
 17236  13361     51    152   4126   4009   4263   4341   4049   4711   4461   4631   5712   4783   9226   5195   5098   4233   4336   4036   3572   3888   3568  13571  26303      0      0  65535 
     0      0      0      0      0      0      0      0      0      0      0      0      0      0      0      0      0      0      0 
     0      0      0      0      0      0      0      0      0      0      0      0      0      0      0      0      0      0      0 
     0      0      0      0      0      0      0      0      0      0      0      0      0      0      0      0      0      0      0 
0 -1 -1
     4      7      5     10     11      9      4     22     14     11      4      1     15     29      7      4      0     10      2 
  4064   4287   4146   4745   4361   4025   3570   5787   4656   4469   3889   3572   4814   5240   4239   4039   9222   5119   4339 
 17236  13361     51    152   4146   4025   4287   4361   4064   4745   4469   4656   5787   4814   9222   5240   5119   4239   4339   4039   3572   3889   3570  13572  26303      0      0  65535 
     0      0      0      0      0      0      0      0      0      0      0      0      0      0      0      0      0      0      0 
     0      0      0      0      0      0      0      0      0      0      0      0      0      0      0      0      0      0      0 
     0      0      0      0      0      0      0      0      0      0      0      0      0      0      0      0      0      0      0 
0 -1 -1
     4      7      5     10     11      9      4     22     14     11      4      1     15     29      7      4      0     10      2 
  4063   4286   4142   4746   4361   4024   3570   5791   4654   4469   3888   3571   4810   5244   4237   4039   9222   5119   4338 
 17236  13361     51    152   4142   4024   4286   4361   4063   4746   4469   4654   5791   4810   9222   5244   5119   4237   4338   4039   3571   3888   3570  13573  26303      0      0  65535 
     0      0      0      0      0      0      0      0      0      0      0      0      0      0      0      0      0      0      0 
     0      0      0      0      0      0      0      0      0      0      0      0      0      0      0      0      0      0      0 
     0      0      0      0      0      0      0      0      0      0      0      0      0      0      0      0      0      0      0 
0 -1 -1
     4      7      5     10     11      9      4     22     15     12      4      1     15     30      7      4      0     10      2 
  4071   4295   4149   4758   4369   4030   3575   5823   4668   4474   3893   3572   4828   5274   4248   4044   9228   5133   4343 
 17236  13361     51    152   4149   4030   4295   4369   4071   4758   4474   4668   5823   4828   9228   5274   5133   4248   4343   4044   3572   3893   3575  13572  26302      0      0  65535 
     0      0      0      0      0      0      0      0      0      0      0      0      0      0      0      0      0      0      0 
     0      0      0      0      0      0      0      0      0      0      0      0      0      0      0      0      0      0      0 
     0      0      0      0      0      0      0      0      0      0      0      0      0      0      0      0      0      0      0 
0 -1 -1
     4      8      5     11     12     10      4     24     16     13      4      1     17     34      8      4      0     11      2 
  4095   4331   4175   4807   4401   4057   3589   5934   4711   4495   3904   3576   4887   5358   4272   4058   9236   5173   4352 
 17236  13361     51    152   4175   4057   4331   4401   4095   4807   4495   4711   5934   4887   9236   5358   5173   4272   4352   4058   3576   3904   3589  13572  26303      0      0  65535 
     0      0      0      0      0      0      0      0      0      0      0      0      0      0      0      0      0      0      0 
     0      0      0      0      0      0      0      0      0      0      0      0      0      0      0      0      0      0      0 
     0      0      0      0      0      0      0      0      0      0      0      0      0      0      0      0      0      0      0 
0 -1 -1
     4      8      5     11     12     10      4     24     16     12      4      1     17     34      8      4      0     11      2 
  4096   4333   4178   4810   4403   4059   3587   5948   4713   4494   3904   3573   4891   5365   4274   4057   9245   5174   4354 
 17236  13361     51    152   4178   4059   4333   4403   4096   4810   4494   4713   5948   4891   9245   5365   5174   4274   4354   4057   3573   3904   3587  13573  26303      0      0  65535 
     0      0      0      0      0      0      0      0      0      0      0      0      0      0      0      0      0      0      0 
     0      0      0      0      0      0      0      0      0      0      0      0      0      0      0      0      0      0      0 
     0      0      0      0      0      0      0      0      0      0      0      0      0      0      0      0      0      0      0 
0 -1 -1
     4      8      6     11     13     10      4     25     17     13      5      1     17     36      9      4      0     11      2 
  4103   4344   4185   4827   4413   4067   3595   5985   4728   4501   3911   3577   4913   5402   4286   4065   9245   5195   4357 
 17236  13361     51    152   4185   4067   4344   4413   4103   4827   4501   4728   5985   4913   9245   5402   5195   4286   4357   4065   3577   3911   3595  13573  26303      0      1  65535 
     0      0      0      0      0      0      0      0      0      0      0      0      0      0      0      0      0      0      0 
     0      0      0      0      0      0      0      0      0      0      0      0      0      0      0      0      0      0      0 
     0      0      0      0      0      0      0      0      0      0      0      0      0      0      0      0      0      0      0 
0 -1 -1
     5      9      6     12     14     12      5     26     19     14      5      1     19     40     10      5      0     12      2 
  4130   4383   4215   4879   4450   4096   3610   6107   4777   4521   3920   3578   4977   5501   4313   4081   9252   5242   4370 
 17236  13361     51    152   4215   4096   4383   4450   4130   4879   4521   4777   6107   4977   9252   5501   5242   4313   4370   4081   3578   3920   3610  13573  26303      1      0  65535 
     0      0      0      0      0      0      0      0      0      0      0      0      0      0      0      0      0      0      0 
     0      0      0      0      0      0      0      0      0      0      0      0      0      0      0      0      0      0      0 
     0      0      0      0      0      0      0      0      0      0      0      0      0      0      0      0      0      0      0 
0 -1 -1
     5      9      6     12     14     12      4     26     19     14      5      1     19     40     10      5      0     12      2 
  4127   4383   4216   4878   4450   4096   3608   6112   4774   4521   3919   3580   4978   5499   4310   4080   9249   5244   4368 
 17236  13361     51    152   4216   4096   4383   4450   4127   4878   4521   4774   6112   4978   9249   5499   5244   4310   4368   4080   3580   3919   3608  13573  26305      0      0  65535 
     0      0      0      0      0      0      0      0      0      0      0      0      0      0      0      0      0      0      0 
     0      0      0      0      0      0      0      0      0      0      0      0      0      0      0      0      0      0      0 
     0      0      0      0      0      0      0      0      0      0      0      0      0      0      0      0      0      0      0 
0 -1 -1
     5      9      6     12     14     11      4     26     19     13      5      1     19     40     10      5      0     12      2 
  4125   4380   4214   4877   4451   4095   3608   6111   4771   4518   3918   3579   4975   5496   4310   4079   9261   5243   4368 
 17236  13361     51    152   4214   4095   4380   4451   4125   4877   4518   4771   6111   4975   9261   5496   5243   4310   4368   4079   3579   3918   3608  13580  26303      0      0  65535 
     0      0      0      0      0      0      0      0      0      0      0      0      0      0      0      0      0      0      0 
     0      0      0      0      0      0      0      0      0      0      0      0      0      0      0      0      0      0      0 
     0      0      0      0      0      0      0      0      0      0      0      0      0      0      0      0      0      0      0 
0 -1 -1
     5      9      6     12     14     11      4     26     18     13      5      1     18     39      9      5      0     12      2 
  4119   4371   4209   4864   4438   4086   3601   6084   4758   4512   3913   3576   4958   5473   4296   4072   9253   5228   4363 
 17236  13361     51    152   4209   4086   4371   4438   4119   4864   4512   4758   6084   4958   9253   5473   5228   4296   4363   4072   3576   3913   3601  13578  26303      0      0  65535 
     0      0      0      0      0      0      0      0      0      0      0      0      0      0      0      0      0      0      0 
     0      0      0      0      0      0      0      0      0      0      0      0      0      0      0      0      0      0      0 
     0      0      0      0      0      0      0      0      0      0      0      0      0      0      0      0      0      0      0 
0 -1 -1
     4      8      6     11     13     11      4     25     17     13      4      1     18     37      9      4      0     12      2 
  4102   4349   4190   4836   4418   4069   3591   6032   4732   4497   3905   3574   4928   5428   4281   4061   9245   5206   4356 
 17236  13361     51    152   4190   4069   4349   4418   4102   4836   4497   4732   6032   4928   9245   5428   5206   4281   4356   4061   3574   3905   3591  13578  26304      0      0  65535 
     0      0      0      0      0      0      0      0      0      0      0      0      0      0      0      0      0      0      0 
     0      0      0      0      0      0      0      0      0      0      0      0      0      0      0      0      0      0      0 
     0      0      0      0      0      0      0      0      0      0      0      0      0      0      0      0      0      0      0 
0 -1 -1
     4      8      6     11     13     11      4     25     17     13      4      1     18     37      9      4      0     12      2 
  4102   4348   4190   4836   4419   4069   3591   6031   4733   4497   3904   3574   4927   5428   4280   4061   9244   5205   4357 
 17236  13361     51    152   4190   4069   4348   4419   4102   4836   4497   4733   6031   4927   9244   5428   5205   4280   4357   4061   3574   3904   3591  13579  26304      0      0  65535 
     0      0      0      0      0      0      0      0      0      0      0      0      0      0      0      0      0      0      0 
     0      0      0      0      0      0      0      0      0      0      0      0      0      0      0      0      0      0      0 
     0      0      0      0      0      0      0      0      0      0      0      0      0      0      0      0      0      0      0 
0 -1 -1
     4      8      6     12     13     11      4     25     17     13      5      1     18     37      9      4      0     12      2 
  4104   4351   4191   4842   4420   4070   3592   6038   4736   4499   3907   3575   4931   5433   4281   4062   9248   5209   4356 
 17236  13361     51    152   4191   4070   4351   4420   4104   4842   4499   4736   6038   4931   9248   5433   5209   4281   4356   4062   3575   3907   3592  13581  26303      0      0  65535 
     0      0      0      0      0      0      0      0      0      0      0      0      0      0      0      0      0      0      0 
     0      0      0      0      0      0      0      0      0      0      0      0      0      0      0      0      0      0      0 
     0      0      0      0      0      0      0      0      0      0      0      0      0      0      0      0      0      0      0 
0 -1 -1
     4      8      6     12     13     11      4     26     17     13      5      1     18     37      9      4      0     12      2 
  4106   4353   4192   4849   4424   4073   3594   6051   4741   4500   3908   3576   4935   5441   4285   4064   9249   5211   4358 
 17236  13361     51    152   4192   4073   4353   4424   4106   4849   4500   4741   6051   4935   9249   5441   5211   4285   4358   4064   3576   3908   3594  13581  26303      0      0  65535 
     0      0      0      0      0      0      0      0      0      0      0      0      0      0      0      0      0      0      0 
     0      0      0      0      0      0      0      0      0      0      0      0      0      0      0      0      0      0      0 
     0      0      0      0      0      0      0      0      0      0      0      0      0      0      0      0      0      0      0 
0 -1 -1
     5      9      6     13     15     12      5     27     20     14      5      1     19     42     10      5      0     13      2 
  4139   4395   4225   4906   4466   4106   3618   6174   4800   4527   3926   3580   5005   5558   4324   4087   9263   5269   4374 
 17236  13361     51    152   4225   4106   4395   4466   4139   4906   4527   4800   6174   5005   9263   5558   5269   4324   4374   4087   3580   3926   3618  13581  26304      0      0  65535 
     0      0      0      0      0      0      0      0      0      0      0      0      0      0      0      0      0      0      0 
     0      0      0      0      0      0      0      0      0      0      0      0      0      0      0      0      0      0      0 
     0      0      0      0      0      0      0      0      0      0      0      0      0      0      0      0      0      0      0 
0 -1 -1
     5     10      7     13     16     13      5     29     21     15      6      1     21     46     12      5      0     14      2 
  4161   4424   4247   4947   4495   4127   3632   6267   4841   4543   3935   3583   5055   5640   4350   4102   9269   5311   4382 
 17236  13361     51    152   4247   4127   4424   4495   4161   4947   4543   4841   6267   5055   9269   5640   5311   4350   4382   4102   3583   3935   3632  13582  26304      0      0  65535 
     0      0      0      0      0      0      0      0      0      0      0      0      0      0      0      0      0      0      0 
     0      0      0      0      0      0      0      0      0      0      0      0      0      0      0      0      0      0      0 
     0      0      0      0      0      0      0      0      0      0      0      0      0      0      0      0      0      0      0 
0 -1 -1
     6     12      8     15     19     15      6     32     25     16      6      1     23     53     13      6      0     16      3 
  4206   4496   4297   5043   4565   4177   3657   6480   4933   4577   3951   3585   5160   5813   4397   4126   9298   5395   4398 
 17236  13361     51    152   4297   4177   4496   4565   4206   5043   4577   4933   6480   5160   9298   5813   5395   4397   4398   4126   3585   3951   3657  13582  26303      0      0  65535 
     0      0      0      0      0      0      0      0      0      0      0      0      0      0      0      0      0      0      0 
     0      0      0      0      0      0      0      0      0      0      0      0      0      0      0      0      0      0      0 
     0      0      0      0      0      0      0      0      0      0      0      0      0      0      0      0      0      0      0 
0 -1 -1
     6     12      8     16     19     15      6     33     26     16      6      1     24     54     14      6      0     16      3 
  4215   4511   4306   5064   4580   4187   3663   6528   4954   4584   3957   3588   5184   5851   4407   4132   9306   5416   4401 
 17236  13361     51    152   4306   4187   4511   4580   4215   5064   4584   4954   6528   5184   9306   5851   5416   4407   4401   4132   3588   3957   3663  13581  26303      0      0  65535 
     0      0      0      0      0      0      0      0      0      0      0      0      0      0      0      0      0      0      0 
     0      0      0      0      0      0      0      0      0      0      0      0      0      0      0      0      0      0      0 
     0      0      0      0      0      0      0      0      0      0      0      0      0      0      0      0      0      0      0 
0 -1 -1
     6     12      8     16     20     15      6     33     26     16      6      1     24     55     14      6      0     16      3 
  4220   4520   4312   5078   4588   4194   3666   6558   4965   4587   3959   3588   5198   5876   4414   4135   9308   5428   4404 
 17236  13361     51    152   4312   4194   4520   4588   4220   5078   4587   4965   6558   5198   9308   5876   5428   4414   4404   4135   3588   3959   3666  13609  26304      0      0  65535 
     0      0      0      0      0      0      0      0      0      0      0      0      0      0      0      0      0      0      0 
     0      0      0      0      0      0      0      0      0      0      0      0      0      0      0      0      0      0      0 
     0      0      0      0      0      0      0      0      0      0      0      0      0      0      0      0      0      0      0 
0 -1 -1
     6     13      9     16     21     16      6     34     27     17      7      1     25     58     15      6      0     17      3 
  4235   4543   4328   5109   4613   4210   3674   6623   4997   4600   3964   3589   5234   5933   4432   4144   9318   5458   4409 
 17236  13361     51    152   4328   4210   4543   4613   4235   5109   4600   4997   6623   5234   9318   5933   5458   4432   4409   4144   3589   3964   3674  13594  26304      0      0  65535 
     0      0      0      0      0      0      0      0      0      0      0      0      0      0      0      0      0      0      0 
     0      0      0      0      0      0      0      0      0      0      0      0      0      0      0      0      0      0      0 
     0      0      0      0      0      0      0      0      0      0      0      0      0      0      0      0      0      0      0 
0 -1 -1
