     5      4      2      2     23     12      6      2      6     37     10      4      6      8     27      6      0      3      5 
  5688   5736   5458   5934   6404   5758   5159   5973   6127   6797   5741   5234   6048   6426   6459   5796  12093   6574   6174 
 17236  13361     51    161   5458   5758   5736   6404   5688   5934   6797   6127   5973   6048  12093   6426   6574   6459   6174   5796   5234   5741   5159  13568  26304      0      0  65535 
     0      0      0      0      0      0      0      0      0      0      0      0      0      0      0      0      0      0      0 
     0      0      0      0      0      0      0      0      0      0      0      0      0      0      0      0      0      0      0 
     0      0      0      0      0      0      0      0      0      0      0      0      0      0      0      0      0      0      0 
0 -1 -1
     6      5      3      2     36     14      7      2      7     53     12      5      6      9     37      7      0      4      6 
  5792   5767   5478   5944   6724   5822   5197   5983   6155   7187   5785   5254   6071   6459   6711   5846  12102   6602   6231 
 17236  13361     51    161   5478   5822   5767   6724   5792   5944   7187   6155   5983   6071  12102   6459   6602   6711   6231   5846   5254   5785   5197  13568  26304      0      0  65535 
     0      0      0      0      0      0      0      0      0      0      0      0      0      0      0      0      0      0      0 
     0      0      0      0      0      0      0      0      0      0      0      0      0      0      0      0      0      0      0 
     0      0      0      0      0      0      0      0      0      0      0      0      0      0      0      0      0      0      0 
0 -1 -1
    10      6      4      2     67     19      9      3      9     89     15      6      7     12     61      9      0      5      8 
  6030   5819   5509   5973   7514   5934   5273   6001   6207   8028   5874   5296   6120   6521   7315   5951  12070   6664   6345 
 17236  13361     51    161   5509   5934   5819   7514   6030   5973   8028   6207   6001   6120  12070   6521   6664   7315   6345   5951   5296   5874   5273  13562  26303      0      1  65535 
     0      0      0      0      0      0      0      0      0      0      0      0      0      0      0      0      0      0      0 
     0      0      0      0      0      0      0      0      0      0      0      0      0      0      0      0      0      0      0 
     0      0      0      0      0      0      0      0      0      0      0      0      0      0      0      0      0      0      0 
0 -1 -1
    12      7      4      3     84     21      9      3     10    109     17      7      8     13     74     10      0      6      8 
  6174   5851   5525   5987   7953   5994   5307   6011   6232   8485   5920   5317   6144   6552   7642   6003  12018   6695   6402 
 17236  13361     51    161   5525   5994   5851   7953   6174   5987   8485   6232   6011   6144  12018   6552   6695   7642   6402   6003   5317   5920   5307  13559  26303      0      0  65535 
     0      0      0      0      0      0      0      0      0      0      0      0      0      0      0      0      0      0      0 
     0      0      0      0      0      0      0      0      0      0      0      0      0      0      0      0      0      0      0 
     0      0      0      0      0      0      0      0      0      0      0      0      0      0      0      0      0      0      0 
0 -1 -1
    15      8      4      3    103     24     10      3     11    134     19      7      9     14     91     11      0      7     10 
  6366   5893   5548   6003   8431   6070   5354   6026   6259   9063   5977   5340   6175   6590   8060   6064  11963   6734   6477 
 17236  13361     51    161   5548   6070   5893   8431   6366   6003   9063   6259   6026   6175  11963   6590   6734   8060   6477   6064   5340   5977   5354  13557  26304      0      0  65535 
     0      0      0      0      0      0      0      0      0      0      0      0      0      0      0      0      0      0      0 
     0      0      0      0      0      0      0      0      0      0      0      0      0      0      0      0      0      0      0 
     0      0      0      0      0      0      0      0      0      0      0      0      0      0      0      0      0      0      0 
0 -1 -1
    16      8      5      3    112     25     11      3     11    145     19      8      9     15     98     12      0      7     10 
  6452   5909   5557   6007   8643   6101   5374   6021   6271   9325   5998   5350   6186   6603   8244   6084  11913   6750   6504 
 17236  13361     51    160   5557   6101   5909   8643   6452   6007   9325   6271   6021   6186  11913   6603   6750   8244   6504   6084   5350   5998   5374  13556  26304      0      0  65535 
     0      0      0      0      0      0      0      0      0      0      0      0      0      0      0      0      0      0      0 
     0      0      0      0      0      0      0      0      0      0      0      0      0      0      0      0      0      0      0 
     0      0      0      0      0      0      0      0      0      0      0      0      0      0      0      0      0      0      0 
0 -1 -1
    21      9      5      3    133     28     12      3     13    175     22      9     10     17    119     13      0      8     12 
  6734   5963   5586   6026   9192   6196   5439   6037   6311  10017   6069   5386   6227   6657   8772   6167  11879   6802   6606 
 17236  13361     51    161   5586   6196   5963   9192   6734   6026  10017   6311   6037   6227  11879   6657   6802   8772   6606   6167   5386   6069   5439  13558  26304      1      0  65535 
     0      0      0      0      0      0      0      0      0      0      0      0      0      0      0      0      0      0      0 
     0      0      0      0      0      0      0      0      0      0      0      0      0      0      0      0      0      0      0 
     0      0      0      0      0      0      0      0      0      0      0      0      0      0      0      0      0      0      0 
0 -1 -1
    26     10      6      4    156     32     14      3     14    206     24     10     11     19    139     15      0      9     13 
  7035   6009   5614   6045   9763   6296   5499   6050   6345  10739   6127   5419   6261   6706   9265   6242  11886   6845   6684 
 17236  13361     51    160   5614   6296   6009   9763   7035   6045  10739   6345   6050   6261  11886   6706   6845   9265   6684   6242   5419   6127   5499  13559  26304      0      0  65535 
     0      0      0      0      0      0      0      0      0      0      0      0      0      0      0      0      0      0      0 
     0      0      0      0      0      0      0      0      0      0      0      0      0      0      0      0      0      0      0 
     0      0      0      0      0      0      0      0      0      0      0      0      0      0      0      0      0      0      0 
0 -1 -1
    28     11      6      4    169     34     15      4     15    224     26     10     11     21    151     16      0     10     14 
  7221   6033   5635   6055  10106   6358   5542   6057   6366  11176   6165   5443   6282   6736   9561   6288  11888   6871   6732 
 17236  13361     51    160   5635   6358   6033  10106   7221   6055  11176   6366   6057   6282  11888   6736   6871   9561   6732   6288   5443   6165   5542  13559  26304      0      0  65535 
     0      0      0      0      0      0      0      0      0      0      0      0      0      0      0      0      0      0      0 
     0      0      0      0      0      0      0      0      0      0      0      0      0      0      0      0      0      0      0 
     0      0      0      0      0      0      0      0      0      0      0      0      0      0      0      0      0      0      0 
0 -1 -1
    33     12      7      4    190     38     16      4     16    253     28     12     12     23    169     17      0     11     15 
  7507   6081   5665   6073  10639   6466   5608   6072   6402  11853   6233   5483   6319   6786  10027   6376  11937   6914   6817 
 17236  13361     51    160   5665   6466   6081  10639   7507   6073  11853   6402   6072   6319  11937   6786   6914  10027   6817   6376   5483   6233   5608  13559  26304      1      0  65535 
     0      0      0      0      0      0      0      0      0      0      0      0      0      0      0      0      0      0      0 
     0      0      0      0      0      0      0      0      0      0      0      0      0      0      0      0      0      0      0 
     0      0      0      0      0      0      0      0      0      0      0      0      0      0      0      0      0      0      0 
0 -1 -1
    37     13      7      4    207     42     18      4     18    255     30     13     13     25    186     19      0     12     16 
  7762   6118   5693   6086  11061   6556   5671   6083   6434  12423   6291   5522   6350   6833  10441   6453  12026   6951   6903 
 17236  13361     51    160   5693   6556   6118  11061   7762   6086  12423   6434   6083   6350  12026   6833   6951  10441   6903   6453   5522   6291   5671  13558  26304      0      0  65535 
     0      0      0      0      0      0      0      0      0      0      0      0      0      0      0      0      0      0      0 
     0      0      0      0      0      0      0      0      0      0      0      0      0      0      0      0      0      0      0 
     0      0      0      0      0      0      0      0      0      0      0      0      0      0      0      0      0      0      0 
0 -1 -1
    40     14      8      5    219     44     19      4     18    255     31     13     13     26    196     20      0     12     17 
  7947   6147   5715   6092  11359   6622   5707   6091   6451  12816   6322   5541   6367   6863  10698   6496  12118   6974   6954 
 17236  13361     51    160   5715   6622   6147  11359   7947   6092  12816   6451   6091   6367  12118   6863   6974  10698   6954   6496   5541   6322   5707  13558  26304      0      0  65535 
     0      0      0      0      0      0      0      0      0      0      0      0      0      0      0      0      0      0      0 
     0      0      0      0      0      0      0      0      0      0      0      0      0      0      0      0      0      0      0 
     0      0      0      0      0      0      0      0      0      0      0      0      0      0      0      0      0      0      0 
0 -1 -1
    41     14      8      5    225     45     19      4     19    255     32     14     13     27    202     20      0     13     17 
  8043   6158   5724   6095  11503   6647   5732   6093   6462  13018   6347   5554   6376   6880  10847   6525  12170   6990   6987 
 17236  13361     51    160   5724   6647   6158  11503   8043   6095  13018   6462   6093   6376  12170   6880   6990  10847   6987   6525   5554   6347   5732  13558  26304      0      0  65535 
     0      0      0      0      0      0      0      0      0      0      0      0      0      0      0      0      0      0      0 
     0      0      0      0      0      0      0      0      0      0      0      0      0      0      0      0      0      0      0 
     0      0      0      0      0      0      0      0      0      0      0      0      0      0      0      0      0      0      0 
0 -1 -1
    46     15      9      5    241     49     21      4     20    255     35     15     14     29    218     22      0     13     19 
  8320   6205   5756   6114  11920   6740   5794   6107   6500  13551   6413   5589   6407   6931  11243   6608  12415   7033   7086 
 17236  13361     51    160   5756   6740   6205  11920   8320   6114  13551   6500   6107   6407  12415   6931   7033  11243   7086   6608   5589   6413   5794  13558  26305      0      0  65535 
     0      0      0      0      0      0      0      0      0      0      0      0      0      0      0      0      0      0      0 
     0      0      0      0      0      0      0      0      0      0      0      0      0      0      0      0      0      0      0 
     0      0      0      0      0      0      0      0      0      0      0      0      0      0      0      0      0      0      0 
0 -1 -1
    48     16      9      5    253     51     22      4     21    255     36     15     15     30    229     23      0     14     20 
  8504   6238   5779   6125  12232   6809   5837   6110   6526  13963   6452   5613   6431   6957  11512   6664  12441   7064   7147 
 17236  13361     51    160   5779   6809   6238  12232   8504   6125  13963   6526   6110   6431  12441   6957   7064  11512   7147   6664   5613   6452   5837  13555  26303      0      0  65535 
     0      0      0      0      0      0      0      0      0      0      0      0      0      0      0      0      0      0      0 
     0      0      0      0      0      0      0      0      0      0      0      0      0      0      0      0      0      0      0 
     0      0      0      0      0      0      0      0      0      0      0      0      0      0      0      0      0      0      0 
0 -1 -1
    51     16     10      5    255     53     23      5     22    255     37     16     15     31    239     24      0     15     21 
  8639   6261   5798   6133  12451   6859   5877   6118   6549  14287   6491   5639   6448   6985  11759   6717  12528   7095   7212 
 17236  13361     51    160   5798   6859   6261  12451   8639   6133  14287   6549   6118   6448  12528   6985   7095  11759   7212   6717   5639   6491   5877  13560  26303      0      1  65535 
     0      0      0      0      0      0      0      0      0      0      0      0      0      0      0      0      0      0      0 
     0      0      0      0      0      0      0      0      0      0      0      0      0      0      0      0      0      0      0 
     0      0      0      0      0      0      0      0      0      0      0      0      0      0      0      0      0      0      0 
0 -1 -1
    52     17     10      5    255     55     23      5     23    255     38     17     15     32    245     24      0     15     21 
  8737   6279   5813   6139  12622   6903   5893   6120   6563  14539   6509   5652   6460   7007  11910   6742  12522   7113   7240 
 17236  13361     51    160   5813   6903   6279  12622   8737   6139  14539   6563   6120   6460  12522   7007   7113  11910   7240   6742   5652   6509   5893  13563  26304      0      1  65535 
     0      0      0      0      0      0      0      0      0      0      0      0      0      0      0      0      0      0      0 
     0      0      0      0      0      0      0      0      0      0      0      0      0      0      0      0      0      0      0 
     0      0      0      0      0      0      0      0      0      0      0      0      0      0      0      0      0      0      0 
0 -1 -1
    51     16     10      5    255     55     23      4     22    255     38     17     15     32    247     25      0     15     22 
  8673   6269   5811   6133  12593   6900   5893   6116   6557  14579   6511   5655   6453   7012  11954   6752  12576   7122   7255 
 17236  13361     51    160   5811   6900   6269  12593   8673   6133  14579   6557   6116   6453  12576   7012   7122  11954   7255   6752   5655   6511   5893  13564  26305      0      0  65535 
     0      0      0      0      0      0      0      0      0      0      0      0      0      0      0      0      0      0      0 
     0      0      0      0      0      0      0      0      0      0      0      0      0      0      0      0      0      0      0 
     0      0      0      0      0      0      0      0      0      0      0      0      0      0      0      0      0      0      0 
0 -1 -1
    49     16     10      5    255     53     23      4     22    255     38     16     15     32    244     24      0     15     21 
  8511   6241   5797   6119  12427   6862   5878   6104   6540  14462   6494   5649   6436   6999  11900   6740  12457   7118   7242 
 17236  13361     51    160   5797   6862   6241  12427   8511   6119  14462   6540   6104   6436  12457   6999   7118  11900   7242   6740   5649   6494   5878  13563  26303      0      0  65535 
     0      0      0      0      0      0      0      0      0      0      0      0      0      0      0      0      0      0      0 
     0      0      0      0      0      0      0      0      0      0      0      0      0      0      0      0      0      0      0 
     0      0      0      0      0      0      0      0      0      0      0      0      0      0      0      0      0      0      0 
0 -1 -1
    47     15      9      5    255     52     22      4     21    255     37     16     14     31    241     24      0     15     21 
  8405   6222   5785   6111  12297   6830   5858   6097   6527  14340   6476   5639   6424   6985  11809   6718  12332   7103   7210 
 17236  13361     51    160   5785   6830   6222  12297   8405   6111  14340   6527   6097   6424  12332   6985   7103  11809   7210   6718   5639   6476   5858  13562  26303      0      0  65535 
     0      0      0      0      0      0      0      0      0      0      0      0      0      0      0      0      0      0      0 
     0      0      0      0      0      0      0      0      0      0      0      0      0      0      0      0      0      0      0 
     0      0      0      0      0      0      0      0      0      0      0      0      0      0      0      0      0      0      0 
0 -1 -1
    46     15      9      5    254     51     22      4     21    255     37     16     14     31    239     24      0     15     21 
  8367   6214   5780   6107  12245   6816   5855   6096   6521  14287   6472   5637   6419   6980  11769   6710  12339   7099   7198 
 17236  13361     51    160   5780   6816   6214  12245   8367   6107  14287   6521   6096   6419  12339   6980   7099  11769   7198   6710   5637   6472   5855  13562  26304      0      0  65535 
     0      0      0      0      0      0      0      0      0      0      0      0      0      0      0      0      0      0      0 
     0      0      0      0      0      0      0      0      0      0      0      0      0      0      0      0      0      0      0 
     0      0      0      0      0      0      0      0      0      0      0      0      0      0      0      0      0      0      0 
0 -1 -1
    46     15      9      5    254     51     22      4     21    255     37     16     14     31    238     24      0     15     21 
  8366   6212   5780   6107  12238   6814   5853   6095   6521  14278   6469   5636   6419   6978  11752   6707  12354   7096   7192 
 17236  13361     51    159   5780   6814   6212  12238   8366   6107  14278   6521   6095   6419  12354   6978   7096  11752   7192   6707   5636   6469   5853  13563  26305      0      0  65535 
     0      0      0      0      0      0      0      0      0      0      0      0      0      0      0      0      0      0      0 
     0      0      0      0      0      0      0      0      0      0      0      0      0      0      0      0      0      0      0 
     0      0      0      0      0      0      0      0      0      0      0      0      0      0      0      0      0      0      0 
0 -1 -1
    47     15      9      5    255     52     22      4     21    255     37     16     14     31    240     24      0     15     21 
  8402   6218   5786   6112  12276   6822   5866   6098   6525  14325   6478   5641   6424   6983  11797   6719  12378   7101   7208 
 17236  13361     51    160   5786   6822   6218  12276   8402   6112  14325   6525   6098   6424  12378   6983   7101  11797   7208   6719   5641   6478   5866  13563  26304      0      0  65535 
     0      0      0      0      0      0      0      0      0      0      0      0      0      0      0      0      0      0      0 
     0      0      0      0      0      0      0      0      0      0      0      0      0      0      0      0      0      0      0 
     0      0      0      0      0      0      0      0      0      0      0      0      0      0      0      0      0      0      0 
0 -1 -1
    50     16     10      5    255     54     24      4     22    255     39     17     15     33    252     25      0     16     22 
  8622   6258   5810   6129  12569   6894   5919   6113   6557  14683   6535   5672   6456   7029  12083   6788  12617   7148   7301 
 17236  13361     51    159   5810   6894   6258  12569   8622   6129  14683   6557   6113   6456  12617   7029   7148  12083   7301   6788   5672   6535   5919  13564  26304      0      0  65535 
     0      0      0      0      0      0      0      0      0      0      0      0      0      0      0      0      0      0      0 
     0      0      0      0      0      0      0      0      0      0      0      0      0      0      0      0      0      0      0 
     0      0      0      0      0      0      0      0      0      0      0      0      0      0      0      0      0      0      0 
0 -1 -1
    55     17     11      6    255     58     25      5     24    255     42     18     16     35    255     27      5     17     24 
  8911   6309   5847   6150  12980   6999   5989   6125   6596  15174   6600   5709   6492   7084  12454   6872  12832   7202   7401 
 17236  13361     51    159   5847   6999   6309  12980   8911   6150  15174   6596   6125   6492  12832   7084   7202  12454   7401   6872   5709   6600   5989  13564  26304      0      0  65535 
     0      0      0      0      0      0      0      0      0      0      0      0      0      0      0      0      0      0      0 
     0      0      0      0      0      0      0      0      0      0      0      0      0      0      0      0      0      0      0 
     0      0      0      0      0      0      0      0      0      0      0      0      0      0      0      0      0      0      0 
0 -1 -1
    56     17     11      6    255     59     25      5     24    255     42     18     16     35    255     27      0     17     24 
  8984   6319   5857   6155  13103   7028   5996   6124   6603  15312   6605   5711   6499   7090  12503   6872  12500   7200   7393 
 17236  13361     51    159   5857   7028   6319  13103   8984   6155  15312   6603   6124   6499  12500   7090   7200  12503   7393   6872   5711   6605   5996  13564  26304      0      0  65535 
     0      0      0      0      0      0      0      0      0      0      0      0      0      0      0      0      0      0      0 
     0      0      0      0      0      0      0      0      0      0      0      0      0      0      0      0      0      0      0 
     0      0      0      0      0      0      0      0      0      0      0      0      0      0      0      0      0      0      0 
0 -1 -1
    51     16     10      5    255     55     23      4     22    255     38     17     15     32    250     25      0     15     21 
  8687   6260   5820   6127  12721   6924   5906   6102   6554  14838   6510   5658   6449   7022  12050   6756  12031   7126   7224 
 17236  13361     51    159   5820   6924   6260  12721   8687   6127  14838   6554   6102   6449  12031   7022   7126  12050   7224   6756   5658   6510   5906  13564  26304      0      0  65535 
     0      0      0      0      0      0      0      0      0      0      0      0      0      0      0      0      0      0      0 
     0      0      0      0      0      0      0      0      0      0      0      0      0      0      0      0      0      0      0 
     0      0      0      0      0      0      0      0      0      0      0      0      0      0      0      0      0      0      0 
0 -1 -1
    36     12      8      4    219     43     18      3     17    255     29     13     12     25    196     19      0     12     15 
  7718   6086   5706   6055  11368   6590   5664   6045   6416  13193   6259   5525   6311   6833  10690   6437  11043   6943   6818 
 17236  13361     51    160   5706   6590   6086  11368   7718   6055  13193   6416   6045   6311  11043   6833   6943  10690   6818   6437   5525   6259   5664  13564  26303      0      0  65535 
     0      0      0      0      0      0      0      0      0      0      0      0      0      0      0      0      0      0      0 
     0      0      0      0      0      0      0      0      0      0      0      0      0      0      0      0      0      0      0 
     0      0      0      0      0      0      0      0      0      0      0      0      0      0      0      0      0      0      0 
0 -1 -1
    18      7      5      3    141     27     11      3     11    205     18      9      8     16    119     12      0      7      9 
  6547   5884   5583   5987   9388   6169   5386   5988   6265  10720   5972   5382   6163   6621   8768   6074  10633   6758   6421 
 17236  13361     51    160   5583   6169   5884   9388   6547   5987  10720   6265   5988   6163  10633   6621   6758   8768   6421   6074   5382   5972   5386  13565  26304      0      0  65535 
     0      0      0      0      0      0      0      0      0      0      0      0      0      0      0      0      0      0      0 
     0      0      0      0      0      0      0      0      0      0      0      0      0      0      0      0      0      0      0 
     0      0      0      0      0      0      0      0      0      0      0      0      0      0      0      0      0      0      0 
0 -1 -1
     6      4      3      2     64     15      7      2      7     98     11      6      6      9     48      7      0      4      5 
  5768   5724   5493   5935   7432   5831   5192   5946   6153   8239   5769   5276   6048   6459   6987   5817  10574   6607   6159 
 17236  13361     51    161   5493   5831   5724   7432   5768   5935   8239   6153   5946   6048  10574   6459   6607   6987   6159   5817   5276   5769   5192  13564  26305      1      0  65535 
     0      0      0      0      0      0      0      0      0      0      0      0      0      0      0      0      0      0      0 
     0      0      0      0      0      0      0      0      0      0      0      0      0      0      0      0      0      0      0 
     0      0      0      0      0      0      0      0      0      0      0      0      0      0      0      0      0      0      0 
0 -1 -1
     2      2      2      1     16      8      4      1      4     29      6      3      4      5     12      4      0      2      3 
  5529   5647   5438   5894   6231   5643   5065   5911   6072   6624   5627   5198   5967   6361   6089   5658  10714   6513   6015 
 17236  13361     51    161   5438   5643   5647   6231   5529   5894   6624   6072   5911   5967  10714   6361   6513   6089   6015   5658   5198   5627   5065  13561  26305      0      0  65535 
     0      0      0      0      0      0      0      0      0      0      0      0      0      0      0      0      0      0      0 
     0      0      0      0      0      0      0      0      0      0      0      0      0      0      0      0      0      0      0 
     0      0      0      0      0      0      0      0      0      0      0      0      0      0      0      0      0      0      0 
0 -1 -1
     1      1      1      0      4      4      2      1      2      6      3      2      2      3      4      2      0      1      1 
  5455   5604   5402   5865   5914   5536   4999   5887   6028   6094   5553   5155   5915   6313   5898   5580  10979   6467   5944 
 17236  13361     51    161   5402   5536   5604   5914   5455   5865   6094   6028   5887   5915  10979   6313   6467   5898   5944   5580   5155   5553   4999  13556  26305      0      0  65535 
     0      0      0      0      0      0      0      0      0      0      0      0      0      0      0      0      0      0      0 
     0      0      0      0      0      0      0      0      0      0      0      0      0      0      0      0      0      0      0 
     0      0      0      0      0      0      0      0      0      0      0      0      0      0      0      0      0      0      0 
0 -1 -1
     0      0      1      0      1      2      1      1      1      2      1      1      1      1      2      1      0      0      1 
  5425   5577   5373   5846   5858   5482   4949   5857   5998   6000   5502   5118   5869   6276   5833   5528  11354   6431   5892 
 17236  13361     51    161   5373   5482   5577   5858   5425   5846   6000   5998   5857   5869  11354   6276   6431   5833   5892   5528   5118   5502   4949  13557  26304      0      0  65535 
     0      0      0      0      0      0      0      0      0      0      0      0      0      0      0      0      0      0      0 
     0      0      0      0      0      0      0      0      0      0      0      0      0      0      0      0      0      0      0 
     0      0      0      0      0      0      0      0      0      0      0      0      0      0      0      0      0      0      0 
0 -1 -1
     0      0      0      0      0      1      0      0      0      1      0      0      0      0      1      0      0      0      0 
  5407   5561   5349   5833   5831   5451   4923   5828   5973   5964   5478   5101   5831   6253   5808   5489  11778   6414   5861 
 17236  13361     51    161   5349   5451   5561   5831   5407   5833   5964   5973   5828   5831  11778   6253   6414   5808   5861   5489   5101   5478   4923  13556  26304      0      0  65535 
     0      0      0      0      0      0      0      0      0      0      0      0      0      0      0      0      0      0      0 
     0      0      0      0      0      0      0      0      0      0      0      0      0      0      0      0      0      0      0 
     0      0      0      0      0      0      0      0      0      0      0      0      0      0      0      0      0      0      0 
0 -1 -1
     0      0      0      0      0      0      0      0      0      0      0      0      0      0      0      0      0      0      0 
  5396   5555   5340   5834   5824   5435   4907   5812   5966   5951   5469   5088   5811   6242   5799   5472  11999   6409   5849 
 17236  13361     51    161   5340   5435   5555   5824   5396   5834   5951   5966   5812   5811  11999   6242   6409   5799   5849   5472   5088   5469   4907  13588  26304      1      0  65535 
     0      0      0      0      0      0      0      0      0      0      0      0      0      0      0      0      0      0      0 
     0      0      0      0      0      0      0      0      0      0      0      0      0      0      0      0      0      0      0 
     0      0      0      0      0      0      0      0      0      0      0      0      0      0      0      0      0      0      0 
0 -1 -1
