     7     17     20     13     23    180      8      5     41    230     23      7     22     96     13     10      0      5      4 
  5935   6368   6320   6653   6443  10316   5310   6167   7104  11371   6174   5399   6780   8596   6178   6077  12415   6692   6187 
 17236  13361     51    161   6320  10316   6368   6443   5935   6653  11371   7104   6167   6780  12415   8596   6692   6178   6187   6077   5399   6174   5310  13569  26304      0      0  65535 
     0      0      0      0      0      0      0      0      0      0      0      0      0      0      0      0      0      0      0 
     0      0      0      0      0      0      0      0      0      0      0      0      0      0      0      0      0      0      0 
     0      0      0      0      0      0      0      0      0      0      0      0      0      0      0      0      0      0      0 
0 -1 -1
     8     18     20     14     24    189      9      5     43    244     24      8     23    103     14     10      7      5      4 
  5957   6395   6355   6681   6469  10555   5323   6183   7152  11688   6190   5406   6824   8767   6196   6097  12794   6700   6196 
 17236  13361     51    161   6355  10555   6395   6469   5957   6681  11688   7152   6183   6824  12794   8767   6700   6196   6196   6097   5406   6190   5323  13569  26305      0      0  65535 
     0      0      0      0      0      0      0      0      0      0      0      0      0      0      0      0      0      0      0 
     0      0      0      0      0      0      0      0      0      0      0      0      0      0      0      0      0      0      0 
     0      0      0      0      0      0      0      0      0      0      0      0      0      0      0      0      0      0      0 
0 -1 -1
     9     20     23     15     27    211     10      5     49    255     26      8     27    120     16     11     11      6      5 
  6022   6487   6486   6763   6543  11158   5363   6223   7306  12455   6256   5426   6977   9159   6243   6152  12947   6724   6223 
 17236  13361     51    161   6486  11158   6487   6543   6022   6763  12455   7306   6223   6977  12947   9159   6724   6243   6223   6152   5426   6256   5363  13569  26305      0      0  65535 
     0      0      0      0      0      0      0      0      0      0      0      0      0      0      0      0      0      0      0 
     0      0      0      0      0      0      0      0      0      0      0      0      0      0      0      0      0      0      0 
     0      0      0      0      0      0      0      0      0      0      0      0      0      0      0      0      0      0      0 
0 -1 -1
    10     22     25     16     29    230     10      6     53    255     28      9     30    132     18     12      9      6      5 
  6074   6568   6592   6827   6604  11668   5391   6259   7432  13098   6311   5444   7103   9453   6282   6192  12880   6744   6242 
 17236  13361     51    161   6592  11668   6568   6604   6074   6827  13098   7432   6259   7103  12880   9453   6744   6282   6242   6192   5444   6311   5391  13569  26305      0      0  65535 
     0      0      0      0      0      0      0      0      0      0      0      0      0      0      0      0      0      0      0 
     0      0      0      0      0      0      0      0      0      0      0      0      0      0      0      0      0      0      0 
     0      0      0      0      0      0      0      0      0      0      0      0      0      0      0      0      0      0      0 
0 -1 -1
    10     23     26     17     30    241     10      6     55    255     29      9     31    137     18     13      5      6      5 
  6099   6604   6646   6863   6636  11952   5401   6274   7489  13443   6330   5450   7163   9572   6299   6210  12715   6753   6246 
 17236  13361     51    161   6646  11952   6604   6636   6099   6863  13443   7489   6274   7163  12715   9572   6753   6299   6246   6210   5450   6330   5401  13569  26304      0      0  65535 
     0      0      0      0      0      0      0      0      0      0      0      0      0      0      0      0      0      0      0 
     0      0      0      0      0      0      0      0      0      0      0      0      0      0      0      0      0      0      0 
     0      0      0      0      0      0      0      0      0      0      0      0      0      0      0      0      0      0      0 
0 -1 -1
    10     23     27     17     31    245     11      6     56    255     29      9     32    139     18     13      6      7      5 
  6110   6621   6666   6878   6649  12061   5405   6284   7508  13598   6340   5452   7186   9623   6305   6219  12730   6756   6247 
 17236  13361     51    161   6666  12061   6621   6649   6110   6878  13598   7508   6284   7186  12730   9623   6756   6305   6247   6219   5452   6340   5405  13569  26304      0      0  65535 
     0      0      0      0      0      0      0      0      0      0      0      0      0      0      0      0      0      0      0 
     0      0      0      0      0      0      0      0      0      0      0      0      0      0      0      0      0      0      0 
     0      0      0      0      0      0      0      0      0      0      0      0      0      0      0      0      0      0      0 
0 -1 -1
    10     23     26     17     30    243     10      6     55    255     29      9     31    137     18     12      0      6      5 
  6101   6606   6639   6869   6637  12011   5396   6278   7484  13545   6325   5448   7158   9563   6297   6207  12294   6747   6241 
 17236  13361     51    161   6639  12011   6606   6637   6101   6869  13545   7484   6278   7158  12294   9563   6747   6297   6241   6207   5448   6325   5396  13564  26305      0      1  65535 
     0      0      0      0      0      0      0      0      0      0      0      0      0      0      0      0      0      0      0 
     0      0      0      0      0      0      0      0      0      0      0      0      0      0      0      0      0      0      0 
     0      0      0      0      0      0      0      0      0      0      0      0      0      0      0      0      0      0      0 
0 -1 -1
    10     22     26     17     30    242     10      6     55    255     29      9     31    136     18     12      0      6      5 
  6096   6601   6623   6865   6628  11976   5395   6277   7475  13526   6323   5447   7153   9548   6295   6199  12254   6747   6242 
 17236  13361     51    161   6623  11976   6601   6628   6096   6865  13526   7475   6277   7153  12254   9548   6747   6295   6242   6199   5447   6323   5395  13561  26305      1      1  65535 
     0      0      0      0      0      0      0      0      0      0      0      0      0      0      0      0      0      0      0 
     0      0      0      0      0      0      0      0      0      0      0      0      0      0      0      0      0      0      0 
     0      0      0      0      0      0      0      0      0      0      0      0      0      0      0      0      0      0      0 
0 -1 -1
    10     23     26     17     30    242     10      6     55    255     29      9     31    136     18     12      0      6      5 
  6096   6603   6624   6862   6627  11980   5395   6276   7471  13534   6322   5444   7150   9540   6294   6197  12245   6747   6242 
 17236  13361     51    161   6624  11980   6603   6627   6096   6862  13534   7471   6276   7150  12245   9540   6747   6294   6242   6197   5444   6322   5395  13559  26305      1      0  65535 
     0      0      0      0      0      0      0      0      0      0      0      0      0      0      0      0      0      0      0 
     0      0      0      0      0      0      0      0      0      0      0      0      0      0      0      0      0      0      0 
     0      0      0      0      0      0      0      0      0      0      0      0      0      0      0      0      0      0      0 
0 -1 -1
    10     22     25     17     29    239     10      6     54    255     28      9     30    133     18     12      0      6      5 
  6085   6590   6593   6843   6611  11899   5386   6268   7439  13438   6306   5440   7119   9465   6287   6185  11910   6742   6236 
 17236  13361     51    161   6593  11899   6590   6611   6085   6843  13438   7439   6268   7119  11910   9465   6742   6287   6236   6185   5440   6306   5386  13557  26304      1      0  65535 
     0      0      0      0      0      0      0      0      0      0      0      0      0      0      0      0      0      0      0 
     0      0      0      0      0      0      0      0      0      0      0      0      0      0      0      0      0      0      0 
     0      0      0      0      0      0      0      0      0      0      0      0      0      0      0      0      0      0      0 
0 -1 -1
     9     22     24     16     28    233     10      6     51    255     27      8     29    128     17     12      0      6      5 
  6060   6560   6535   6817   6583  11734   5371   6254   7385  13243   6280   5432   7061   9343   6270   6164  11428   6731   6225 
 17236  13361     51    161   6535  11734   6560   6583   6060   6817  13243   7385   6254   7061  11428   9343   6731   6270   6225   6164   5432   6280   5371  13560  26304      0      0  65535 
     0      0      0      0      0      0      0      0      0      0      0      0      0      0      0      0      0      0      0 
     0      0      0      0      0      0      0      0      0      0      0      0      0      0      0      0      0      0      0 
     0      0      0      0      0      0      0      0      0      0      0      0      0      0      0      0      0      0      0 
0 -1 -1
     9     21     24     16     28    231     10      6     51    255     27      8     29    128     17     12      0      6      5 
  6055   6551   6519   6812   6578  11689   5374   6253   7380  13217   6288   5434   7060   9343   6271   6166  11397   6731   6225 
 17236  13361     51    161   6519  11689   6551   6578   6055   6812  13217   7380   6253   7060  11397   9343   6731   6271   6225   6166   5434   6288   5374  13562  26304      0      0  65535 
     0      0      0      0      0      0      0      0      0      0      0      0      0      0      0      0      0      0      0 
     0      0      0      0      0      0      0      0      0      0      0      0      0      0      0      0      0      0      0 
     0      0      0      0      0      0      0      0      0      0      0      0      0      0      0      0      0      0      0 
0 -1 -1
    10     22     26     17     30    241     10      6     55    255     29      9     31    136     18     12      0      6      5 
  6091   6601   6611   6857   6622  11950   5400   6279   7470  13549   6326   5448   7160   9543   6301   6201  12190   6752   6249 
 17236  13361     51    161   6611  11950   6601   6622   6091   6857  13549   7470   6279   7160  12190   9543   6752   6301   6249   6201   5448   6326   5400  13562  26304      0      0  65535 
     0      0      0      0      0      0      0      0      0      0      0      0      0      0      0      0      0      0      0 
     0      0      0      0      0      0      0      0      0      0      0      0      0      0      0      0      0      0      0 
     0      0      0      0      0      0      0      0      0      0      0      0      0      0      0      0      0      0      0 
0 -1 -1
    10     24     28     18     31    251     11      7     58    255     30      9     33    143     19     13     15      7      5 
  6128   6650   6700   6901   6664  12218   5422   6304   7552  13869   6361   5461   7253   9713   6327   6233  13168   6768   6266 
 17236  13361     51    161   6700  12218   6650   6664   6128   6901  13869   7552   6304   7253  13168   9713   6768   6327   6266   6233   5461   6361   5422  13561  26304      0      0  65535 
     0      0      0      0      0      0      0      0      0      0      0      0      0      0      0      0      0      0      0 
     0      0      0      0      0      0      0      0      0      0      0      0      0      0      0      0      0      0      0 
     0      0      0      0      0      0      0      0      0      0      0      0      0      0      0      0      0      0      0 
0 -1 -1
    11     25     30     19     34    255     12      7     62    255     32     10     36    154     21     14     34      7      6 
  6175   6712   6806   6962   6719  12574   5460   6336   7669  14333   6419   5480   7385   9985   6364   6283  14015   6788   6288 
 17236  13361     51    161   6806  12574   6712   6719   6175   6962  14333   7669   6336   7385  14015   9985   6788   6364   6288   6283   5480   6419   5460  13559  26304      0      0  65535 
     0      0      0      0      0      0      0      0      0      0      0      0      0      0      0      0      0      0      0 
     0      0      0      0      0      0      0      0      0      0      0      0      0      0      0      0      0      0      0 
     0      0      0      0      0      0      0      0      0      0      0      0      0      0      0      0      0      0      0 
0 -1 -1
    13     28     34     21     37    255     13      8     70    255     35     11     41    173     23     15     71      8      6 
  6261   6831   7000   7073   6816  13281   5508   6394   7865  15191   6505   5508   7584  10422   6423   6357  15680   6811   6312 
 17236  13361     51    161   7000  13281   6831   6816   6261   7073  15191   7865   6394   7584  15680  10422   6811   6423   6312   6357   5508   6505   5508  13559  26304      0      0  65535 
     0      0      0      0      0      0      0      0      0      0      0      0      0      0      0      0      0      0      0 
     0      0      0      0      0      0      0      0      0      0      0      0      0      0      0      0      0      0      0 
     0      0      0      0      0      0      0      0      0      0      0      0      0      0      0      0      0      0      0 
0 -1 -1
    13     29     36     22     40    255     14      8     74    255     37     11     44    182     25     16    104      8      6 
  6309   6896   7082   7134   6868  13688   5533   6424   7970  15691   6553   5522   7689  10644   6457   6401  17200   6825   6328 
 17236  13361     51    161   7082  13688   6896   6868   6309   7134  15691   7970   6424   7689  17200  10644   6825   6457   6328   6401   5522   6553   5533  13560  26305      0      0  65535 
     0      0      0      0      0      0      0      0      0      0      0      0      0      0      0      0      0      0      0 
     0      0      0      0      0      0      0      0      0      0      0      0      0      0      0      0      0      0      0 
     0      0      0      0      0      0      0      0      0      0      0      0      0      0      0      0      0      0      0 
0 -1 -1
    14     31     38     23     42    255     14      9     78    255     39     11     47    191     26     17    162      8      7 
  6359   6967   7183   7204   6921  14087   5561   6459   8081  16192   6603   5536   7818  10864   6491   6445  19805   6843   6348 
 17236  13361     51    161   7183  14087   6967   6921   6359   7204  16192   8081   6459   7818  19805  10864   6843   6491   6348   6445   5536   6603   5561  13560  26306      0      0  65535 
     0      0      0      0      0      0      0      0      0      0      0      0      0      0      0      0      0      0      0 
     0      0      0      0      0      0      0      0      0      0      0      0      0      0      0      0      0      0      0 
     0      0      0      0      0      0      0      0      0      0      0      0      0      0      0      0      0      0      0 
0 -1 -1
    15     33     41     25     46    255     15     10     85    255     42     12     52    207     28     19    203      9      7 
  6444   7080   7344   7316   7021  14720   5614   6523   8268  16984   6690   5563   8030  11245   6547   6528  21673   6872   6378 
 17236  13361     51    160   7344  14720   7080   7021   6444   7316  16984   8268   6523   8030  21673  11245   6872   6547   6378   6528   5563   6690   5614  13560  26304      0      0  65535 
     0      0      0      0      0      0      0      0      0      0      0      0      0      0      0      0      0      0      0 
     0      0      0      0      0      0      0      0      0      0      0      0      0      0      0      0      0      0      0 
     0      0      0      0      0      0      0      0      0      0      0      0      0      0      0      0      0      0      0 
0 -1 -1
    17     36     45     27     50    255     17     11     92    255     46     13     57    224     31     20    207     10      8 
  6535   7191   7493   7432   7126  15328   5674   6591   8457  17767   6780   5594   8260  11642   6611   6607  21837   6902   6412 
 17236  13361     51    160   7493  15328   7191   7126   6535   7432  17767   8457   6591   8260  21837  11642   6902   6611   6412   6607   5594   6780   5674  13559  26304      0      0  65535 
     0      0      0      0      0      0      0      0      0      0      0      0      0      0      0      0      0      0      0 
     0      0      0      0      0      0      0      0      0      0      0      0      0      0      0      0      0      0      0 
     0      0      0      0      0      0      0      0      0      0      0      0      0      0      0      0      0      0      0 
0 -1 -1
    18     39     48     30     54    255     18     12     99    255     48     14     62    239     33     22    140     10      8 
  6638   7318   7669   7559   7244  16012   5721   6661   8646  18582   6846   5615   8465  12014   6672   6678  18803   6931   6436 
 17236  13361     51    160   7669  16012   7318   7244   6638   7559  18582   8646   6661   8465  18803  12014   6931   6672   6436   6678   5615   6846   5721  13563  26304      0      0  65535 
     0      0      0      0      0      0      0      0      0      0      0      0      0      0      0      0      0      0      0 
     0      0      0      0      0      0      0      0      0      0      0      0      0      0      0      0      0      0      0 
     0      0      0      0      0      0      0      0      0      0      0      0      0      0      0      0      0      0      0 
0 -1 -1
    19     41     50     31     57    255     18     12    103    255     49     14     65    247     35     22    110     11      8 
  6694   7393   7740   7624   7304  16345   5748   6695   8736  18993   6883   5628   8573  12204   6707   6715  17476   6948   6452 
 17236  13361     51    160   7740  16345   7393   7304   6694   7624  18993   8736   6695   8573  17476  12204   6948   6707   6452   6715   5628   6883   5748  13565  26304      0      0  65535 
     0      0      0      0      0      0      0      0      0      0      0      0      0      0      0      0      0      0      0 
     0      0      0      0      0      0      0      0      0      0      0      0      0      0      0      0      0      0      0 
     0      0      0      0      0      0      0      0      0      0      0      0      0      0      0      0      0      0      0 
0 -1 -1
    18     39     46     29     54    255     17     12     98    255     47     13     61    234     33     21      4     10      8 
  6629   7323   7581   7556   7234  16018   5699   6651   8608  18625   6814   5603   8430  11900   6664   6657  12633   6923   6425 
 17236  13361     51    160   7581  16018   7323   7234   6629   7556  18625   8608   6651   8430  12633  11900   6923   6664   6425   6657   5603   6814   5699  13565  26304      0      0  65535 
     0      0      0      0      0      0      0      0      0      0      0      0      0      0      0      0      0      0      0 
     0      0      0      0      0      0      0      0      0      0      0      0      0      0      0      0      0      0      0 
     0      0      0      0      0      0      0      0      0      0      0      0      0      0      0      0      0      0      0 
0 -1 -1
    16     36     40     27     48    255     15     10     88    255     42     12     54    209     29     19      6      9      7 
  6493   7170   7290   7406   7090  15270   5612   6556   8345  17765   6685   5554   8131  11291   6571   6542  12733   6870   6366 
 17236  13361     51    160   7290  15270   7170   7090   6493   7406  17765   8345   6556   8131  12733  11291   6870   6571   6366   6542   5554   6685   5612  13565  26304      0      1  65535 
     0      0      0      0      0      0      0      0      0      0      0      0      0      0      0      0      0      0      0 
     0      0      0      0      0      0      0      0      0      0      0      0      0      0      0      0      0      0      0 
     0      0      0      0      0      0      0      0      0      0      0      0      0      0      0      0      0      0      0 
0 -1 -1
    13     29     31     22     38    255     12      8     68    255     34     10     39    155     22     15      0      7      5 
  6267   6903   6852   7122   6822  13878   5470   6377   7815  15923   6452   5483   7484   9991   6391   6324  11957   6762   6257 
 17236  13361     51    161   6852  13878   6903   6822   6267   7122  15923   7815   6377   7484  11957   9991   6762   6391   6257   6324   5483   6452   5470  13565  26304      0      0  65535 
     0      0      0      0      0      0      0      0      0      0      0      0      0      0      0      0      0      0      0 
     0      0      0      0      0      0      0      0      0      0      0      0      0      0      0      0      0      0      0 
     0      0      0      0      0      0      0      0      0      0      0      0      0      0      0      0      0      0      0 
0 -1 -1
     8     20     19     14     24    228      8      5     41    255     22      7     20     83     14     10      8      4      4 
  5982   6510   6303   6718   6466  11615   5295   6175   7095  12894   6149   5394   6685   8287   6182   6056  12840   6649   6141 
 17236  13361     51    161   6303  11615   6510   6466   5982   6718  12894   7095   6175   6685  12840   8287   6649   6182   6141   6056   5394   6149   5295  13564  26304      1      0  65535 
     0      0      0      0      0      0      0      0      0      0      0      0      0      0      0      0      0      0      0 
     0      0      0      0      0      0      0      0      0      0      0      0      0      0      0      0      0      0      0 
     0      0      0      0      0      0      0      0      0      0      0      0      0      0      0      0      0      0      0 
0 -1 -1
     5     12     10      9     14    144      5      3     23    177     14      5      9     39      8      6     18      3      2 
  5773   6166   5888   6412   6217   9365   5167   6055   6623  10124   5917   5326   6243   7218   6046   5870  13283   6581   6070 
 17236  13361     51    161   5888   9365   6166   6217   5773   6412  10124   6623   6055   6243  13283   7218   6581   6046   6070   5870   5326   5917   5167  13564  26304      1      0  65535 
     0      0      0      0      0      0      0      0      0      0      0      0      0      0      0      0      0      0      0 
     0      0      0      0      0      0      0      0      0      0      0      0      0      0      0      0      0      0      0 
     0      0      0      0      0      0      0      0      0      0      0      0      0      0      0      0      0      0      0 
0 -1 -1
     3      6      5      5      7     63      3      2     10     66      7      3      4     12      4      3     21      2      2 
  5618   5900   5625   6171   6042   7187   5067   5970   6301   7526   5735   5266   6024   6573   5948   5735  13424   6534   6015 
 17236  13361     51    161   5625   7187   5900   6042   5618   6171   7526   6301   5970   6024  13424   6573   6534   5948   6015   5735   5266   5735   5067  13564  26304      1      0  65535 
     0      0      0      0      0      0      0      0      0      0      0      0      0      0      0      0      0      0      0 
     0      0      0      0      0      0      0      0      0      0      0      0      0      0      0      0      0      0      0 
     0      0      0      0      0      0      0      0      0      0      0      0      0      0      0      0      0      0      0 
0 -1 -1
     1      3      2      3      4     22      1      1      5     16      4      2      2      4      2      2     21      1      1 
  5546   5773   5516   6055   5958   6086   5010   5928   6159   6379   5638   5226   5945   6393   5900   5666  13430   6507   5981 
 17236  13361     51    161   5516   6086   5773   5958   5546   6055   6379   6159   5928   5945  13430   6393   6507   5900   5981   5666   5226   5638   5010  13565  26304      0      0  65535 
     0      0      0      0      0      0      0      0      0      0      0      0      0      0      0      0      0      0      0 
     0      0      0      0      0      0      0      0      0      0      0      0      0      0      0      0      0      0      0 
     0      0      0      0      0      0      0      0      0      0      0      0      0      0      0      0      0      0      0 
0 -1 -1
     0      1      0      1      1      3      0      0      1      2      1      1      0      1      0      1     20      0      0 
  5477   5665   5426   5949   5893   5561   4961   5881   6061   6053   5558   5173   5878   6307   5853   5588  13398   6472   5933 
 17236  13361     51    162   5426   5561   5665   5893   5477   5949   6053   6061   5881   5878  13398   6307   6472   5853   5933   5588   5173   5558   4961  13565  26304      0      0  65535 
     0      0      0      0      0      0      0      0      0      0      0      0      0      0      0      0      0      0      0 
     0      0      0      0      0      0      0      0      0      0      0      0      0      0      0      0      0      0      0 
     0      0      0      0      0      0      0      0      0      0      0      0      0      0      0      0      0      0      0 
0 -1 -1
     0      0      0      0      0      0      0      0      0      0      0      0      0      0      0      0     17      0      0 
  5446   5618   5398   5901   5868   5497   4944   5853   6026   6004   5526   5138   5851   6286   5837   5542  13257   6446   5900 
 17236  13361     51    162   5398   5497   5618   5868   5446   5901   6004   6026   5853   5851  13257   6286   6446   5837   5900   5542   5138   5526   4944  13564  26304      0      0  65535 
     0      0      0      0      0      0      0      0      0      0      0      0      0      0      0      0      0      0      0 
     0      0      0      0      0      0      0      0      0      0      0      0      0      0      0      0      0      0      0 
     0      0      0      0      0      0      0      0      0      0      0      0      0      0      0      0      0      0      0 
0 -1 -1
     0      0      0      0      0      0      0      0      0      0      0      0      0      0      0      0     14      0      0 
  5432   5603   5383   5880   5861   5483   4939   5846   6013   5993   5516   5123   5845   6281   5831   5514  13108   6439   5883 
 17236  13361     51    162   5383   5483   5603   5861   5432   5880   5993   6013   5846   5845  13108   6281   6439   5831   5883   5514   5123   5516   4939  13563  26304      0      0  65535 
     0      0      0      0      0      0      0      0      0      0      0      0      0      0      0      0      0      0      0 
     0      0      0      0      0      0      0      0      0      0      0      0      0      0      0      0      0      0      0 
     0      0      0      0      0      0      0      0      0      0      0      0      0      0      0      0      0      0      0 
0 -1 -1
     0      0      0      0      0      0      0      0      0      0      0      0      0      0      0      0     11      0      0 
  5426   5593   5377   5875   5860   5478   4934   5844   6007   5988   5510   5116   5844   6280   5827   5504  12962   6438   5878 
 17236  13361     51    162   5377   5478   5593   5860   5426   5875   5988   6007   5844   5844  12962   6280   6438   5827   5878   5504   5116   5510   4934  13566  26304      0      0  65535 
     0      0      0      0      0      0      0      0      0      0      0      0      0      0      0      0      0      0      0 
     0      0      0      0      0      0      0      0      0      0      0      0      0      0      0      0      0      0      0 
     0      0      0      0      0      0      0      0      0      0      0      0      0      0      0      0      0      0      0 
0 -1 -1
     0      0      0      0      0      0      0      0      0      0      0      0      0      0      0      0     11      0      0 
  5424   5591   5374   5868   5857   5477   4932   5844   6000   5982   5506   5114   5846   6277   5826   5504  12960   6439   5877 
 17236  13361     51    162   5374   5477   5591   5857   5424   5868   5982   6000   5844   5846  12960   6277   6439   5826   5877   5504   5114   5506   4932  13566  26304      0      0  65535 
     0      0      0      0      0      0      0      0      0      0      0      0      0      0      0      0      0      0      0 
     0      0      0      0      0      0      0      0      0      0      0      0      0      0      0      0      0      0      0 
     0      0      0      0      0      0      0      0      0      0      0      0      0      0      0      0      0      0      0 
0 -1 -1
     0      0      0      0      0      0      0      0      0      0      0      0      0      0      0      0     11      0      0 
  5424   5591   5375   5868   5856   5475   4933   5842   6001   5982   5505   5115   5844   6276   5828   5501  12947   6439   5878 
 17236  13361     51    162   5375   5475   5591   5856   5424   5868   5982   6001   5842   5844  12947   6276   6439   5828   5878   5501   5115   5505   4933  13566  26303      0      0  65535 
     0      0      0      0      0      0      0      0      0      0      0      0      0      0      0      0      0      0      0 
     0      0      0      0      0      0      0      0      0      0      0      0      0      0      0      0      0      0      0 
     0      0      0      0      0      0      0      0      0      0      0      0      0      0      0      0      0      0      0 
0 -1 -1
     0      0      0      0      0      0      0      0      0      0      0      0      0      0      0      0     10      0      0 
  5424   5590   5374   5868   5857   5473   4934   5843   6000   5981   5504   5115   5843   6277   5826   5501  12901   6438   5877 
 17236  13361     51    162   5374   5473   5590   5857   5424   5868   5981   6000   5843   5843  12901   6277   6438   5826   5877   5501   5115   5504   4934  13565  26305      0      0  65535 
     0      0      0      0      0      0      0      0      0      0      0      0      0      0      0      0      0      0      0 
     0      0      0      0      0      0      0      0      0      0      0      0      0      0      0      0      0      0      0 
     0      0      0      0      0      0      0      0      0      0      0      0      0      0      0      0      0      0      0 
0 -1 -1
