    12     29     33     15     50     19     16      3     13     10     14      7      7      6     10      9      0      2      3 
  4602   5236   5420   4976   5347   4282   4126   4320   4604   4422   4172   3803   4377   4615   4304   4313   9186   4730   4432 
 17236  13361     51    152   5420   4282   5236   5347   4602   4976   4422   4604   4320   4377   9186   4615   4730   4304   4432   4313   3803   4172   4126  13583  26304      0      1  65535 
     0      0      0      0      0      0      0      0      0      0      0      0      0      0      0      0      0      0      0 
     0      0      0      0      0      0      0      0      0      0      0      0      0      0      0      0      0      0      0 
     0      0      0      0      0      0      0      0      0      0      0      0      0      0      0      0      0      0      0 
0 -1 -1
    15     38     43     19     67     25     24      3     18     13     20      9      8      7     15     12      0      2      4 
  4806   5631   5913   5220   5783   4445   4444   4352   4736   4479   4324   3870   4426   4657   4429   4485   9171   4742   4492 
 17236  13361     51    151   5913   4445   5631   5783   4806   5220   4479   4736   4352   4426   9171   4657   4742   4429   4492   4485   3870   4324   4444  13583  26303      0      0  65535 
     0      0      0      0      0      0      0      0      0      0      0      0      0      0      0      0      0      0      0 
     0      0      0      0      0      0      0      0      0      0      0      0      0      0      0      0      0      0      0 
     0      0      0      0      0      0      0      0      0      0      0      0      0      0      0      0      0      0      0 
0 -1 -1
    19     50     54     24     89     32     33      4     24     15     27     12      9      9     23     16      0      3      5 
  5052   6153   6447   5517   6339   4649   4854   4386   4898   4541   4517   3954   4483   4709   4633   4706   9168   4756   4563 
 17236  13361     51    151   6447   4649   6153   6339   5052   5517   4541   4898   4386   4483   9168   4709   4756   4633   4563   4706   3954   4517   4854  13583  26302      0      0  65535 
     0      0      0      0      0      0      0      0      0      0      0      0      0      0      0      0      0      0      0 
     0      0      0      0      0      0      0      0      0      0      0      0      0      0      0      0      0      0      0 
     0      0      0      0      0      0      0      0      0      0      0      0      0      0      0      0      0      0      0 
0 -1 -1
    22     61     63     29    107     38     39      4     29     17     33     14     10     11     33     19      0      3      6 
  5260   6603   6836   5784   6784   4812   5100   4412   5035   4592   4686   4010   4529   4754   4879   4854   9172   4770   4628 
 17236  13361     51    150   6836   4812   6603   6784   5260   5784   4592   5035   4412   4529   9172   4754   4770   4879   4628   4854   4010   4686   5100  13581  26304      0      0  65535 
     0      0      0      0      0      0      0      0      0      0      0      0      0      0      0      0      0      0      0 
     0      0      0      0      0      0      0      0      0      0      0      0      0      0      0      0      0      0      0 
     0      0      0      0      0      0      0      0      0      0      0      0      0      0      0      0      0      0      0 
0 -1 -1
    24     66     67     32    117     42     43      4     32     19     38     15     11     12     40     21      0      3      7 
  5389   6859   7047   5951   7044   4908   5284   4425   5113   4620   4810   4048   4557   4778   5055   4950   9163   4778   4672 
 17236  13361     51    150   7047   4908   6859   7044   5389   5951   4620   5113   4425   4557   9163   4778   4778   5055   4672   4950   4048   4810   5284  13576  26304      0      0  65535 
     0      0      0      0      0      0      0      0      0      0      0      0      0      0      0      0      0      0      0 
     0      0      0      0      0      0      0      0      0      0      0      0      0      0      0      0      0      0      0 
     0      0      0      0      0      0      0      0      0      0      0      0      0      0      0      0      0      0      0 
0 -1 -1
    26     72     71     34    127     45     47      4     35     20     42     16     11     13     46     23      0      3      8 
  5489   7103   7238   6067   7286   4990   5435   4438   5184   4646   4911   4080   4573   4803   5201   5032   9165   4782   4700 
 17236  13361     51    149   7238   4990   7103   7286   5489   6067   4646   5184   4438   4573   9165   4803   4782   5201   4700   5032   4080   4911   5435  13576  26304      0      1  65535 
     0      0      0      0      0      0      0      0      0      0      0      0      0      0      0      0      0      0      0 
     0      0      0      0      0      0      0      0      0      0      0      0      0      0      0      0      0      0      0 
     0      0      0      0      0      0      0      0      0      0      0      0      0      0      0      0      0      0      0 
0 -1 -1
    28     79     76     38    138     49     51      5     39     21     46     17     12     15     53     25      0      3      8 
  5626   7402   7469   6250   7584   5089   5606   4458   5279   4679   5039   4117   4606   4831   5393   5129   9176   4793   4740 
 17236  13361     51    149   7469   5089   7402   7584   5626   6250   4679   5279   4458   4606   9176   4831   4793   5393   4740   5129   4117   5039   5606  13578  26304      0      0  65535 
     0      0      0      0      0      0      0      0      0      0      0      0      0      0      0      0      0      0      0 
     0      0      0      0      0      0      0      0      0      0      0      0      0      0      0      0      0      0      0 
     0      0      0      0      0      0      0      0      0      0      0      0      0      0      0      0      0      0      0 
0 -1 -1
    29     84     80     40    147     52     55      5     41     22     50     18     13     15     60     26      0      4      9 
  5722   7629   7649   6379   7802   5163   5775   4469   5354   4703   5145   4148   4622   4851   5552   5210   9171   4798   4771 
 17236  13361     51    149   7649   5163   7629   7802   5722   6379   4703   5354   4469   4622   9171   4851   4798   5552   4771   5210   4148   5145   5775  13579  26304      0      0  65535 
     0      0      0      0      0      0      0      0      0      0      0      0      0      0      0      0      0      0      0 
     0      0      0      0      0      0      0      0      0      0      0      0      0      0      0      0      0      0      0 
     0      0      0      0      0      0      0      0      0      0      0      0      0      0      0      0      0      0      0 
0 -1 -1
    31     90     84     42    157     55     59      5     45     23     53     19     13     17     67     28      0      4      9 
  5831   7875   7854   6515   8063   5249   5971   4484   5443   4734   5231   4187   4648   4878   5747   5308   9177   4805   4805 
 17236  13361     51    149   7854   5249   7875   8063   5831   6515   4734   5443   4484   4648   9177   4878   4805   5747   4805   5308   4187   5231   5971  13579  26304      0      0  65535 
     0      0      0      0      0      0      0      0      0      0      0      0      0      0      0      0      0      0      0 
     0      0      0      0      0      0      0      0      0      0      0      0      0      0      0      0      0      0      0 
     0      0      0      0      0      0      0      0      0      0      0      0      0      0      0      0      0      0      0 
0 -1 -1
    33     96     89     45    167     58     63      5     48     25     57     20     14     18     74     30      0      4     10 
  5945   8128   8057   6647   8320   5346   6153   4500   5526   4763   5343   4224   4669   4904   5917   5399   9189   4813   4843 
 17236  13361     51    148   8057   5346   8128   8320   5945   6647   4763   5526   4500   4669   9189   4904   4813   5917   4843   5399   4224   5343   6153  13578  26304      0      0  65535 
     0      0      0      0      0      0      0      0      0      0      0      0      0      0      0      0      0      0      0 
     0      0      0      0      0      0      0      0      0      0      0      0      0      0      0      0      0      0      0 
     0      0      0      0      0      0      0      0      0      0      0      0      0      0      0      0      0      0      0 
0 -1 -1
    35    101     92     47    176     62     67      5     51     26     62     21     14     19     82     32      0      4     10 
  6052   8366   8233   6776   8540   5438   6317   4515   5610   4795   5476   4265   4696   4932   6111   5501   9193   4824   4886 
 17236  13361     51    148   8233   5438   8366   8540   6052   6776   4795   5610   4515   4696   9193   4932   4824   6111   4886   5501   4265   5476   6317  13578  26304      0      0  65535 
     0      0      0      0      0      0      0      0      0      0      0      0      0      0      0      0      0      0      0 
     0      0      0      0      0      0      0      0      0      0      0      0      0      0      0      0      0      0      0 
     0      0      0      0      0      0      0      0      0      0      0      0      0      0      0      0      0      0      0 
0 -1 -1
    37    108     97     51    190     67     72      6     56     28     68     22     15     21     94     35      0      4     12 
  6202   8659   8464   6974   8884   5567   6509   4543   5737   4843   5644   4312   4741   4978   6405   5653   9192   4840   4960 
 17236  13361     51    147   8464   5567   8659   8884   6202   6974   4843   5737   4543   4741   9192   4978   4840   6405   4960   5653   4312   5644   6509  13578  26304      0      0  65535 
     0      0      0      0      0      0      0      0      0      0      0      0      0      0      0      0      0      0      0 
     0      0      0      0      0      0      0      0      0      0      0      0      0      0      0      0      0      0      0 
     0      0      0      0      0      0      0      0      0      0      0      0      0      0      0      0      0      0      0 
0 -1 -1
    39    115    103     54    204     72     78      6     61     30     75     24     16     23    105     38      0      5     13 
  6354   8966   8727   7140   9248   5716   6774   4565   5871   4890   5826   4375   4778   5023   6684   5808   9191   4853   5027 
 17236  13361     51    147   8727   5716   8966   9248   6354   7140   4890   5871   4565   4778   9191   5023   4853   6684   5027   5808   4375   5826   6774  13578  26304      0      1  65535 
     0      0      0      0      0      0      0      0      0      0      0      0      0      0      0      0      0      0      0 
     0      0      0      0      0      0      0      0      0      0      0      0      0      0      0      0      0      0      0 
     0      0      0      0      0      0      0      0      0      0      0      0      0      0      0      0      0      0      0 
0 -1 -1
    42    123    109     57    220     78     85      7     67     32     81     26     17     24    116     41      0      5     14 
  6527   9331   9028   7321   9652   5875   7067   4592   6031   4936   5996   4445   4809   5059   6957   5971   9209   4864   5099 
 17236  13361     51    147   9028   5875   9331   9652   6527   7321   4936   6031   4592   4809   9209   5059   4864   6957   5099   5971   4445   5996   7067  13578  26305      0      0  65535 
     0      0      0      0      0      0      0      0      0      0      0      0      0      0      0      0      0      0      0 
     0      0      0      0      0      0      0      0      0      0      0      0      0      0      0      0      0      0      0 
     0      0      0      0      0      0      0      0      0      0      0      0      0      0      0      0      0      0      0 
0 -1 -1
    44    131    116     60    235     84     91      7     73     34     87     28     18     26    129     44      0      5     15 
  6683   9653   9327   7511  10037   6026   7329   4615   6202   4990   6152   4508   4844   5115   7287   6148   9214   4874   5175 
 17236  13361     51    146   9327   6026   9653  10037   6683   7511   4990   6202   4615   4844   9214   5115   4874   7287   5175   6148   4508   6152   7329  13576  26305      0      0  65535 
     0      0      0      0      0      0      0      0      0      0      0      0      0      0      0      0      0      0      0 
     0      0      0      0      0      0      0      0      0      0      0      0      0      0      0      0      0      0      0 
     0      0      0      0      0      0      0      0      0      0      0      0      0      0      0      0      0      0      0 
0 -1 -1
    47    139    122     64    252     90     98      7     81     37     94     30     19     29    144     48      0      6     16 
  6853  10015   9631   7720  10462   6200   7629   4644   6403   5047   6346   4582   4888   5179   7665   6339   9227   4896   5259 
 17236  13361     51    146   9631   6200  10015  10462   6853   7720   5047   6403   4644   4888   9227   5179   4896   7665   5259   6339   4582   6346   7629  13579  26304      0      0  65535 
     0      0      0      0      0      0      0      0      0      0      0      0      0      0      0      0      0      0      0 
     0      0      0      0      0      0      0      0      0      0      0      0      0      0      0      0      0      0      0 
     0      0      0      0      0      0      0      0      0      0      0      0      0      0      0      0      0      0      0 
0 -1 -1
    49    146    127     67    255     95    103      8     87     38     99     32     20     31    155     50      0      6     17 
  6993  10328   9864   7886  10789   6342   7845   4663   6558   5085   6487   4637   4922   5216   7923   6464   9225   4907   5316 
 17236  13361     51    145   9864   6342  10328  10789   6993   7886   5085   6558   4663   4922   9225   5216   4907   7923   5316   6464   4637   6487   7845  13581  26304      0      0  65535 
     0      0      0      0      0      0      0      0      0      0      0      0      0      0      0      0      0      0      0 
     0      0      0      0      0      0      0      0      0      0      0      0      0      0      0      0      0      0      0 
     0      0      0      0      0      0      0      0      0      0      0      0      0      0      0      0      0      0      0 
0 -1 -1
    52    154    132     70    255    101    108      8     94     40    106     34     21     33    166     53      0      6     18 
  7148  10656  10106   8072  11122   6493   8085   4690   6734   5129   6669   4700   4959   5267   8205   6601   9237   4920   5380 
 17236  13361     51    145  10106   6493  10656  11122   7148   8072   5129   6734   4690   4959   9237   5267   4920   8205   5380   6601   4700   6669   8085  13581  26304      0      0  65535 
     0      0      0      0      0      0      0      0      0      0      0      0      0      0      0      0      0      0      0 
     0      0      0      0      0      0      0      0      0      0      0      0      0      0      0      0      0      0      0 
     0      0      0      0      0      0      0      0      0      0      0      0      0      0      0      0      0      0      0 
0 -1 -1
    53    158    135     72    255    105    112      8     98     42    111     35     21     35    175     54      0      6     19 
  7254  10849  10254   8186  11345   6587   8234   4708   6861   5163   6790   4741   4993   5314   8430   6684   9259   4934   5427 
 17236  13361     51    144  10254   6587  10849  11345   7254   8186   5163   6861   4708   4993   9259   5314   4934   8430   5427   6684   4741   6790   8234  13581  26304      0      0  65535 
     0      0      0      0      0      0      0      0      0      0      0      0      0      0      0      0      0      0      0 
     0      0      0      0      0      0      0      0      0      0      0      0      0      0      0      0      0      0      0 
     0      0      0      0      0      0      0      0      0      0      0      0      0      0      0      0      0      0      0 
0 -1 -1
    56    164    139     76    255    110    116      9    105     44    116     36     23     37    187     57      0      7     20 
  7398  11089  10426   8377  11669   6720   8400   4732   7042   5210   6924   4786   5049   5373   8729   6802   9258   4946   5485 
 17236  13361     51    144  10426   6720  11089  11669   7398   8377   5210   7042   4732   5049   9258   5373   4946   8729   5485   6802   4786   6924   8400  13590  26304      0      0  65535 
     0      0      0      0      0      0      0      0      0      0      0      0      0      0      0      0      0      0      0 
     0      0      0      0      0      0      0      0      0      0      0      0      0      0      0      0      0      0      0 
     0      0      0      0      0      0      0      0      0      0      0      0      0      0      0      0      0      0      0 
0 -1 -1
    57    167    141     78    255    113    118      9    110     45    119     37     24     40    196     58      0      7     20 
  7497  11246  10502   8523  11893   6804   8488   4752   7161   5237   7023   4810   5090   5433   8949   6866   9273   4957   5524 
 17236  13361     51    144  10502   6804  11246  11893   7497   8523   5237   7161   4752   5090   9273   5433   4957   8949   5524   6866   4810   7023   8488  13585  26304      0      0  65535 
     0      0      0      0      0      0      0      0      0      0      0      0      0      0      0      0      0      0      0 
     0      0      0      0      0      0      0      0      0      0      0      0      0      0      0      0      0      0      0 
     0      0      0      0      0      0      0      0      0      0      0      0      0      0      0      0      0      0      0 
0 -1 -1
    58    169    142     80    255    114    119      9    113     46    121     38     24     41    200     59      0      7     21 
  7540  11333  10542   8605  12006   6842   8534   4768   7241   5250   7086   4826   5114   5456   9055   6901   9271   4968   5555 
 17236  13361     51    144  10542   6842  11333  12006   7540   8605   5250   7241   4768   5114   9271   5456   4968   9055   5555   6901   4826   7086   8534  13579  26304      0      0  65535 
     0      0      0      0      0      0      0      0      0      0      0      0      0      0      0      0      0      0      0 
     0      0      0      0      0      0      0      0      0      0      0      0      0      0      0      0      0      0      0 
     0      0      0      0      0      0      0      0      0      0      0      0      0      0      0      0      0      0      0 
0 -1 -1
    59    172    143     83    255    117    119     10    118     47    124     38     25     42    205     59      0      7     22 
  7625  11466  10625   8781  12169   6909   8533   4792   7376   5277   7167   4832   5152   5479   9187   6933   9278   4980   5612 
 17236  13361     51    144  10625   6909  11466  12169   7625   8781   5277   7376   4792   5152   9278   5479   4980   9187   5612   6933   4832   7167   8533  13578  26304      0      0  65535 
     0      0      0      0      0      0      0      0      0      0      0      0      0      0      0      0      0      0      0 
     0      0      0      0      0      0      0      0      0      0      0      0      0      0      0      0      0      0      0 
     0      0      0      0      0      0      0      0      0      0      0      0      0      0      0      0      0      0      0 
0 -1 -1
    61    175    145     87    255    119    119     10    123     47    128     38     26     42    211     60      0      8     22 
  7717  11602  10707   8999  12328   6976   8557   4816   7523   5295   7274   4838   5186   5489   9325   6954   9291   4990   5670 
 17236  13361     51    144  10707   6976  11602  12328   7717   8999   5295   7523   4816   5186   9291   5489   4990   9325   5670   6954   4838   7274   8557  13579  26304      0      1  65535 
     0      0      0      0      0      0      0      0      0      0      0      0      0      0      0      0      0      0      0 
     0      0      0      0      0      0      0      0      0      0      0      0      0      0      0      0      0      0      0 
     0      0      0      0      0      0      0      0      0      0      0      0      0      0      0      0      0      0      0 
0 -1 -1
    63    182    149     90    255    124    124     10    130     49    135     40     27     44    220     62      0      8     23 
  7851  11866  10901   9179  12623   7112   8774   4838   7693   5334   7451   4900   5227   5534   9566   7079   9306   5007   5738 
 17236  13361     51    144  10901   7112  11866  12623   7851   9179   5334   7693   4838   5227   9306   5534   5007   9566   5738   7079   4900   7451   8774  13579  26304      0      0  65535 
     0      0      0      0      0      0      0      0      0      0      0      0      0      0      0      0      0      0      0 
     0      0      0      0      0      0      0      0      0      0      0      0      0      0      0      0      0      0      0 
     0      0      0      0      0      0      0      0      0      0      0      0      0      0      0      0      0      0      0 
0 -1 -1
    64    186    152     93    255    128    128     11    135     51    140     41     28     46    228     64      0      8     24 
  7961  12067  11051   9318  12839   7215   8926   4861   7820   5367   7589   4950   5263   5580   9769   7180   9295   5025   5797 
 17236  13361     51    143  11051   7215  12067  12839   7961   9318   5367   7820   4861   5263   9295   5580   5025   9769   5797   7180   4950   7589   8926  13579  26304      0      0  65535 
     0      0      0      0      0      0      0      0      0      0      0      0      0      0      0      0      0      0      0 
     0      0      0      0      0      0      0      0      0      0      0      0      0      0      0      0      0      0      0 
     0      0      0      0      0      0      0      0      0      0      0      0      0      0      0      0      0      0      0 
0 -1 -1
    68    196    159     99    255    137    134     11    147     54    150     44     30     50    245     68      0      9     26 
  8210  12480  11367   9669  13356   7447   9200   4913   8156   5452   7865   5041   5371   5669  10192   7380   9325   5056   5924 
 17236  13361     51    143  11367   7447  12480  13356   8210   9669   5452   8156   4913   5371   9325   5669   5056  10192   5924   7380   5041   7865   9200  13579  26304      0      0  65535 
     0      0      0      0      0      0      0      0      0      0      0      0      0      0      0      0      0      0      0 
     0      0      0      0      0      0      0      0      0      0      0      0      0      0      0      0      0      0      0 
     0      0      0      0      0      0      0      0      0      0      0      0      0      0      0      0      0      0      0 
0 -1 -1
    70    200    163    102    255    142    138     12    155     56    156     46     32     52    255     70      0     10     28 
  8343  12681  11546   9839  13618   7586   9385   4945   8347   5502   8034   5099   5431   5722  10460   7508   9345   5084   6006 
 17236  13361     51    143  11546   7586  12681  13618   8343   9839   5502   8347   4945   5431   9345   5722   5084  10460   6006   7508   5099   8034   9385  13579  26304      0      0  65535 
     0      0      0      0      0      0      0      0      0      0      0      0      0      0      0      0      0      0      0 
     0      0      0      0      0      0      0      0      0      0      0      0      0      0      0      0      0      0      0 
     0      0      0      0      0      0      0      0      0      0      0      0      0      0      0      0      0      0      0 
0 -1 -1
    72    205    166    104    255    145    141     12    159     57    160     46     32     53    255     71      0     10     28 
  8444  12892  11669   9949  13828   7664   9508   4965   8454   5524   8134   5125   5456   5745  10569   7540   9357   5093   6024 
 17236  13361     51    142  11669   7664  12892  13828   8444   9949   5524   8454   4965   5456   9357   5745   5093  10569   6024   7540   5125   8134   9508  13579  26304      0      0  65535 
     0      0      0      0      0      0      0      0      0      0      0      0      0      0      0      0      0      0      0 
     0      0      0      0      0      0      0      0      0      0      0      0      0      0      0      0      0      0      0 
     0      0      0      0      0      0      0      0      0      0      0      0      0      0      0      0      0      0      0 
0 -1 -1
    73    210    167    106    255    147    143     12    163     58    163     47     33     53    255     71      0     10     28 
  8538  13101  11738  10060  13986   7732   9589   4983   8558   5533   8213   5136   5466   5747  10638   7519   9353   5091   6017 
 17236  13361     51    142  11738   7732  13101  13986   8538  10060   5533   8558   4983   5466   9353   5747   5091  10638   6017   7519   5136   8213   9589  13579  26304      0      1  65535 
     0      0      0      0      0      0      0      0      0      0      0      0      0      0      0      0      0      0      0 
     0      0      0      0      0      0      0      0      0      0      0      0      0      0      0      0      0      0      0 
     0      0      0      0      0      0      0      0      0      0      0      0      0      0      0      0      0      0      0 
0 -1 -1
    74    211    167    106    255    147    144     13    163     58    164     46     33     53    255     70      0     10     28 
  8551  13143  11732  10070  13991   7729   9613   4987   8576   5529   8230   5129   5461   5742  10649   7488   9345   5085   6001 
 17236  13361     51    142  11732   7729  13143  13991   8551  10070   5529   8576   4987   5461   9345   5742   5085  10649   6001   7488   5129   8230   9613  13577  26304      0      0  65535 
     0      0      0      0      0      0      0      0      0      0      0      0      0      0      0      0      0      0      0 
     0      0      0      0      0      0      0      0      0      0      0      0      0      0      0      0      0      0      0 
     0      0      0      0      0      0      0      0      0      0      0      0      0      0      0      0      0      0      0 
0 -1 -1
    74    214    168    107    255    148    145     13    163     57    165     47     32     51    255     69      0      9     27 
  8592  13276  11762  10090  14032   7747   9675   4985   8575   5517   8257   5132   5433   5711  10612   7433   9346   5067   5963 
 17236  13361     51    142  11762   7747  13276  14032   8592  10090   5517   8575   4985   5433   9346   5711   5067  10612   5963   7433   5132   8257   9675  13574  26303      0      0  65535 
     0      0      0      0      0      0      0      0      0      0      0      0      0      0      0      0      0      0      0 
     0      0      0      0      0      0      0      0      0      0      0      0      0      0      0      0      0      0      0 
     0      0      0      0      0      0      0      0      0      0      0      0      0      0      0      0      0      0      0 
0 -1 -1
    75    218    171    106    255    150    149     12    161     57    167     48     31     49    255     69      0      9     26 
  8626  13435  11908  10048  14038   7799   9827   4959   8503   5509   8315   5171   5376   5666  10561   7429   9340   5044   5929 
 17236  13361     51    142  11908   7799  13435  14038   8626  10048   5509   8503   4959   5376   9340   5666   5044  10561   5929   7429   5171   8315   9827  13572  26303      0      0  65535 
     0      0      0      0      0      0      0      0      0      0      0      0      0      0      0      0      0      0      0 
     0      0      0      0      0      0      0      0      0      0      0      0      0      0      0      0      0      0      0 
     0      0      0      0      0      0      0      0      0      0      0      0      0      0      0      0      0      0      0 
0 -1 -1
    75    222    175    104    255    152    153     11    155     56    169     49     28     47    255     69      0      8     26 
  8652  13613  12115   9944  14006   7864  10022   4913   8356   5494   8385   5223   5289   5600  10461   7433   9313   5012   5876 
 17236  13361     51    142  12115   7864  13613  14006   8652   9944   5494   8356   4913   5289   9313   5600   5012  10461   5876   7433   5223   8385  10022  13572  26303      0      0  65535 
     0      0      0      0      0      0      0      0      0      0      0      0      0      0      0      0      0      0      0 
     0      0      0      0      0      0      0      0      0      0      0      0      0      0      0      0      0      0      0 
     0      0      0      0      0      0      0      0      0      0      0      0      0      0      0      0      0      0      0 
0 -1 -1
    76    225    178    103    255    154    156     11    153     56    171     50     27     46    255     69      0      8     25 
  8680  13755  12270   9890  14025   7923  10146   4890   8292   5487   8441   5256   5246   5574  10451   7450   9288   4999   5859 
 17236  13361     51    141  12270   7923  13755  14025   8680   9890   5487   8292   4890   5246   9288   5574   4999  10451   5859   7450   5256   8441  10146  13572  26304      0      0  65535 
     0      0      0      0      0      0      0      0      0      0      0      0      0      0      0      0      0      0      0 
     0      0      0      0      0      0      0      0      0      0      0      0      0      0      0      0      0      0      0 
     0      0      0      0      0      0      0      0      0      0      0      0      0      0      0      0      0      0      0 
0 -1 -1
    76    226    179    104    255    155    157     11    154     56    173     50     28     46    255     69      0      8     25 
  8709  13814  12278   9929  14095   7940  10194   4905   8338   5499   8482   5263   5263   5588  10534   7463   9301   5008   5869 
 17236  13361     51    141  12278   7940  13814  14095   8709   9929   5499   8338   4905   5263   9301   5588   5008  10534   5869   7463   5263   8482  10194  13574  26304      0      0  65535 
     0      0      0      0      0      0      0      0      0      0      0      0      0      0      0      0      0      0      0 
     0      0      0      0      0      0      0      0      0      0      0      0      0      0      0      0      0      0      0 
     0      0      0      0      0      0      0      0      0      0      0      0      0      0      0      0      0      0      0 
0 -1 -1
    77    228    179    105    255    156    158     12    158     57    175     51     29     48    255     70      0      8     26 
  8768  13886  12313  10027  14209   7978  10231   4928   8444   5522   8533   5275   5299   5620  10649   7491   9308   5023   5900 
 17236  13361     51    141  12313   7978  13886  14209   8768  10027   5522   8444   4928   5299   9308   5620   5023  10649   5900   7491   5275   8533  10231  13576  26304      0      0  65535 
     0      0      0      0      0      0      0      0      0      0      0      0      0      0      0      0      0      0      0 
     0      0      0      0      0      0      0      0      0      0      0      0      0      0      0      0      0      0      0 
     0      0      0      0      0      0      0      0      0      0      0      0      0      0      0      0      0      0      0 
0 -1 -1
    78    230    180    107    255    158    159     12    161     58    177     51     29     49    255     71      0      9     26 
  8817  13955  12361  10105  14308   8018  10282   4946   8528   5541   8583   5289   5327   5645  10744   7519   9323   5033   5925 
 17236  13361     51    141  12361   8018  13955  14308   8817  10105   5541   8528   4946   5327   9323   5645   5033  10744   5925   7519   5289   8583  10282  13576  26304      0      0  65535 
     0      0      0      0      0      0      0      0      0      0      0      0      0      0      0      0      0      0      0 
     0      0      0      0      0      0      0      0      0      0      0      0      0      0      0      0      0      0      0 
     0      0      0      0      0      0      0      0      0      0      0      0      0      0      0      0      0      0      0 
0 -1 -1
    78    231    181    107    255    159    161     12    162     58    178     52     29     49    255     71      0      9     26 
  8832  14013  12387  10106  14347   8037  10368   4949   8548   5542   8625   5309   5324   5648  10787   7541   9317   5035   5929 
 17236  13361     51    141  12387   8037  14013  14347   8832  10106   5542   8548   4949   5324   9317   5648   5035  10787   5929   7541   5309   8625  10368  13576  26304      0      0  65535 
     0      0      0      0      0      0      0      0      0      0      0      0      0      0      0      0      0      0      0 
     0      0      0      0      0      0      0      0      0      0      0      0      0      0      0      0      0      0      0 
     0      0      0      0      0      0      0      0      0      0      0      0      0      0      0      0      0      0      0 
0 -1 -1
    78    233    181    106    255    159    163     12    162     58    179     52     29     49    255     71      0      9     26 
  8837  14084  12411  10079  14373   8049  10429   4948   8546   5538   8644   5319   5310   5644  10806   7539   9309   5029   5922 
 17236  13361     51    141  12411   8049  14084  14373   8837  10079   5538   8546   4948   5310   9309   5644   5029  10806   5922   7539   5319   8644  10429  13580  26304      0      0  65535 
     0      0      0      0      0      0      0      0      0      0      0      0      0      0      0      0      0      0      0 
     0      0      0      0      0      0      0      0      0      0      0      0      0      0      0      0      0      0      0 
     0      0      0      0      0      0      0      0      0      0      0      0      0      0      0      0      0      0      0 
0 -1 -1
    78    233    181    106    255    158    163     12    162     58    178     52     29     48    255     71      0      8     26 
  8827  14087  12397  10058  14361   8028  10426   4947   8541   5535   8633   5313   5305   5639  10808   7519   9312   5026   5913 
 17236  13361     51    141  12397   8028  14087  14361   8827  10058   5535   8541   4947   5305   9312   5639   5026  10808   5913   7519   5313   8633  10426  13590  26304      0      0  65535 
     0      0      0      0      0      0      0      0      0      0      0      0      0      0      0      0      0      0      0 
     0      0      0      0      0      0      0      0      0      0      0      0      0      0      0      0      0      0      0 
     0      0      0      0      0      0      0      0      0      0      0      0      0      0      0      0      0      0      0 
0 -1 -1
    78    232    181    106    255    157    162     12    162     58    178     52     29     48    255     70      0      8     26 
  8815  14070  12376  10034  14326   8005  10419   4946   8531   5532   8620   5306   5300   5633  10803   7503   9308   5024   5906 
 17236  13361     51    141  12376   8005  14070  14326   8815  10034   5532   8531   4946   5300   9308   5633   5024  10803   5906   7503   5306   8620  10419  13581  26304      0      0  65535 
     0      0      0      0      0      0      0      0      0      0      0      0      0      0      0      0      0      0      0 
     0      0      0      0      0      0      0      0      0      0      0      0      0      0      0      0      0      0      0 
     0      0      0      0      0      0      0      0      0      0      0      0      0      0      0      0      0      0      0 
0 -1 -1
    77    232    180    105    255    157    162     12    161     58    177     52     29     48    255     70      0      8     26 
  8805  14053  12361  10020  14298   7990  10413   4944   8526   5529   8610   5306   5296   5632  10804   7490   9317   5022   5902 
 17236  13361     51    140  12361   7990  14053  14298   8805  10020   5529   8526   4944   5296   9317   5632   5022  10804   5902   7490   5306   8610  10413  13581  26303      0      0  65535 
     0      0      0      0      0      0      0      0      0      0      0      0      0      0      0      0      0      0      0 
     0      0      0      0      0      0      0      0      0      0      0      0      0      0      0      0      0      0      0 
     0      0      0      0      0      0      0      0      0      0      0      0      0      0      0      0      0      0      0 
0 -1 -1
    77    232    180    105    255    157    162     12    162     58    177     52     29     48    255     70      0      8     26 
  8804  14049  12344  10020  14293   7982  10410   4944   8530   5529   8607   5305   5296   5634  10807   7485   9311   5021   5903 
 17236  13361     51    141  12344   7982  14049  14293   8804  10020   5529   8530   4944   5296   9311   5634   5021  10807   5903   7485   5305   8607  10410  13581  26303      0      0  65535 
     0      0      0      0      0      0      0      0      0      0      0      0      0      0      0      0      0      0      0 
     0      0      0      0      0      0      0      0      0      0      0      0      0      0      0      0      0      0      0 
     0      0      0      0      0      0      0      0      0      0      0      0      0      0      0      0      0      0      0 
0 -1 -1
    77    231    180    105    255    156    162     12    162     57    177     51     29     48    255     70      0      8     26 
  8797  14023  12322  10016  14270   7966  10380   4945   8531   5528   8590   5296   5299   5634  10801   7470   9311   5021   5897 
 17236  13361     51    141  12322   7966  14023  14270   8797  10016   5528   8531   4945   5299   9311   5634   5021  10801   5897   7470   5296   8590  10380  13582  26304      0      0  65535 
     0      0      0      0      0      0      0      0      0      0      0      0      0      0      0      0      0      0      0 
     0      0      0      0      0      0      0      0      0      0      0      0      0      0      0      0      0      0      0 
     0      0      0      0      0      0      0      0      0      0      0      0      0      0      0      0      0      0      0 
0 -1 -1
    77    230    178    105    255    155    160     12    161     57    175     51     29     48    255     69      0      8     26 
  8780  13960  12272  10008  14215   7933  10302   4942   8522   5525   8551   5277   5301   5634  10777   7436   9306   5019   5886 
 17236  13361     51    141  12272   7933  13960  14215   8780  10008   5525   8522   4942   5301   9306   5634   5019  10777   5886   7436   5277   8551  10302  13583  26304      0      0  65535 
     0      0      0      0      0      0      0      0      0      0      0      0      0      0      0      0      0      0      0 
     0      0      0      0      0      0      0      0      0      0      0      0      0      0      0      0      0      0      0 
     0      0      0      0      0      0      0      0      0      0      0      0      0      0      0      0      0      0      0 
0 -1 -1
    74    220    172    101    255    146    147     11    151     54    161     46     27     44    252     63      0      7     23 
  8573  13542  11947   9789  13754   7695   9747   4888   8259   5449   8160   5109   5230   5547  10358   7133   9287   4974   5736 
 17236  13361     51    141  11947   7695  13542  13754   8573   9789   5449   8259   4888   5230   9287   5547   4974  10358   5736   7133   5109   8160   9747  13583  26304      0      0  65535 
     0      0      0      0      0      0      0      0      0      0      0      0      0      0      0      0      0      0      0 
     0      0      0      0      0      0      0      0      0      0      0      0      0      0      0      0      0      0      0 
     0      0      0      0      0      0      0      0      0      0      0      0      0      0      0      0      0      0      0 
0 -1 -1
    63    188    149     86    255    118    118      9    119     44    128     35     22     34    209     50      0      6     19 
  7846  12149  10879   8968  12213   6935   8515   4737   7417   5217   7270   4744   5016   5301   9288   6458   9245   4893   5418 
 17236  13361     51    143  10879   6935  12149  12213   7846   8968   5217   7417   4737   5016   9245   5301   4893   9288   5418   6458   4744   7270   8515  13583  26304      0      0  65535 
     0      0      0      0      0      0      0      0      0      0      0      0      0      0      0      0      0      0      0 
     0      0      0      0      0      0      0      0      0      0      0      0      0      0      0      0      0      0      0 
     0      0      0      0      0      0      0      0      0      0      0      0      0      0      0      0      0      0      0 
0 -1 -1
    46    140    114     66    241     81     82      7     83     33     88     23     17     24    156     35      0      4     14 
  6817  10054   9259   7856  10170   5951   6959   4605   6463   4952   6181   4342   4820   5061   7956   5669   9194   4842   5093 
 17236  13361     51    146   9259   5951  10054  10170   6817   7856   4952   6463   4605   4820   9194   5061   4842   7956   5093   5669   4342   6181   6959  13582  26304      0      0  65535 
     0      0      0      0      0      0      0      0      0      0      0      0      0      0      0      0      0      0      0 
     0      0      0      0      0      0      0      0      0      0      0      0      0      0      0      0      0      0      0 
     0      0      0      0      0      0      0      0      0      0      0      0      0      0      0      0      0      0      0 
0 -1 -1
    31     93     81     46    154     49     48      5     48     22     52     15     13     15     90     20      0      3      9 
  5829   8029   7683   6739   7989   5108   5488   4480   5529   4710   5201   4045   4621   4832   6303   4913   9165   4790   4775 
 17236  13361     51    149   7683   5108   8029   7989   5829   6739   4710   5529   4480   4621   9165   4832   4790   6303   4775   4913   4045   5201   5488  13582  26304      0      0  65535 
     0      0      0      0      0      0      0      0      0      0      0      0      0      0      0      0      0      0      0 
     0      0      0      0      0      0      0      0      0      0      0      0      0      0      0      0      0      0      0 
     0      0      0      0      0      0      0      0      0      0      0      0      0      0      0      0      0      0      0 
0 -1 -1
    17     47     47     25     74     25     21      3     21     13     22      8      8      8     27     10      0      2      4 
  4903   6036   6102   5570   5945   4456   4308   4355   4809   4499   4368   3827   4435   4664   4737   4347   9146   4734   4500 
 17236  13361     51    151   6102   4456   6036   5945   4903   5570   4499   4809   4355   4435   9146   4664   4734   4737   4500   4347   3827   4368   4308  13583  26304      0      1  65535 
     0      0      0      0      0      0      0      0      0      0      0      0      0      0      0      0      0      0      0 
     0      0      0      0      0      0      0      0      0      0      0      0      0      0      0      0      0      0      0 
     0      0      0      0      0      0      0      0      0      0      0      0      0      0      0      0      0      0      0 
0 -1 -1
     5     11     13      7     17      7      4      1      5      5      4      3      3      2      4      2      0      1      1 
  4143   4472   4503   4545   4515   3966   3572   4227   4388   4309   3886   3638   4235   4533   4153   3965   9261   4670   4284 
 17236  13361     51    152   4503   3966   4472   4515   4143   4545   4309   4388   4227   4235   9261   4533   4670   4153   4284   3965   3638   3886   3572  13583  26304      0      0  65535 
     0      0      0      0      0      0      0      0      0      0      0      0      0      0      0      0      0      0      0 
     0      0      0      0      0      0      0      0      0      0      0      0      0      0      0      0      0      0      0 
     0      0      0      0      0      0      0      0      0      0      0      0      0      0      0      0      0      0      0 
0 -1 -1
     0      0      0      0      1      0      0      0      0      0      0      0      0      0      0      0      0      0      0 
  3824   3978   3888   4168   4099   3786   3420   4147   4266   4194   3787   3543   4103   4484   4073   3836   9711   4632   4202 
 17236  13361     51    153   3888   3786   3978   4099   3824   4168   4194   4266   4147   4103   9711   4484   4632   4073   4202   3836   3543   3787   3420  13583  26304      0      0  65535 
     0      0      0      0      0      0      0      0      0      0      0      0      0      0      0      0      0      0      0 
     0      0      0      0      0      0      0      0      0      0      0      0      0      0      0      0      0      0      0 
     0      0      0      0      0      0      0      0      0      0      0      0      0      0      0      0      0      0      0 
0 -1 -1
     0      0      0      0      0      0      0      0      0      0      0      0      0      0      0      0      2      0      0 
  3801   3948   3857   4144   4085   3780   3415   4143   4261   4185   3783   3539   4091   4481   4067   3820   9801   4627   4191 
 17236  13361     51    153   3857   3780   3948   4085   3801   4144   4185   4261   4143   4091   9801   4481   4627   4067   4191   3820   3539   3783   3415  13582  26304      0      0  65535 
     0      0      0      0      0      0      0      0      0      0      0      0      0      0      0      0      0      0      0 
     0      0      0      0      0      0      0      0      0      0      0      0      0      0      0      0      0      0      0 
     0      0      0      0      0      0      0      0      0      0      0      0      0      0      0      0      0      0      0 
0 -1 -1
     0      0      0      0      0      0      0      0      0      0      0      0      0      0      0      0      1      0      0 
  3800   3947   3855   4145   4083   3778   3414   4144   4260   4184   3781   3539   4091   4480   4066   3819   9774   4628   4188 
 17236  13361     51    153   3855   3778   3947   4083   3800   4145   4184   4260   4144   4091   9774   4480   4628   4066   4188   3819   3539   3781   3414  13580  26304      0      0  65535 
     0      0      0      0      0      0      0      0      0      0      0      0      0      0      0      0      0      0      0 
     0      0      0      0      0      0      0      0      0      0      0      0      0      0      0      0      0      0      0 
     0      0      0      0      0      0      0      0      0      0      0      0      0      0      0      0      0      0      0 
0 -1 -1
     0      0      0      0      0      0      0      0      0      0      0      0      0      0      0      0      2      0      0 
  3799   3944   3854   4145   4082   3777   3413   4143   4259   4185   3780   3539   4091   4480   4065   3819   9799   4628   4188 
 17236  13361     51    153   3854   3777   3944   4082   3799   4145   4185   4259   4143   4091   9799   4480   4628   4065   4188   3819   3539   3780   3413  13582  26304      0      0  65535 
     0      0      0      0      0      0      0      0      0      0      0      0      0      0      0      0      0      0      0 
     0      0      0      0      0      0      0      0      0      0      0      0      0      0      0      0      0      0      0 
     0      0      0      0      0      0      0      0      0      0      0      0      0      0      0      0      0      0      0 
0 -1 -1
     0      0      0      0      0      0      0      0      0      0      0      0      0      0      0      0      2      0      0 
  3797   3943   3853   4143   4083   3777   3412   4143   4258   4184   3781   3540   4091   4481   4064   3819   9831   4628   4188 
 17236  13361     51    153   3853   3777   3943   4083   3797   4143   4184   4258   4143   4091   9831   4481   4628   4064   4188   3819   3540   3781   3412  13581  26305      0      0  65535 
     0      0      0      0      0      0      0      0      0      0      0      0      0      0      0      0      0      0      0 
     0      0      0      0      0      0      0      0      0      0      0      0      0      0      0      0      0      0      0 
     0      0      0      0      0      0      0      0      0      0      0      0      0      0      0      0      0      0      0 
0 -1 -1
     0      0      0      0      0      0      0      0      0      0      0      0      0      0      0      0      4      0      0 
  3798   3942   3853   4142   4080   3777   3412   4144   4258   4185   3778   3540   4092   4481   4064   3818   9906   4627   4187 
 17236  13361     51    153   3853   3777   3942   4080   3798   4142   4185   4258   4144   4092   9906   4481   4627   4064   4187   3818   3540   3778   3412  13579  26305      1      0  65535 
     0      0      0      0      0      0      0      0      0      0      0      0      0      0      0      0      0      0      0 
     0      0      0      0      0      0      0      0      0      0      0      0      0      0      0      0      0      0      0 
     0      0      0      0      0      0      0      0      0      0      0      0      0      0      0      0      0      0      0 
0 -1 -1
     0      0      0      0      0      0      0      0      0      0      0      0      0      0      0      0      4      0      0 
  3797   3941   3852   4141   4081   3778   3410   4142   4257   4183   3779   3537   4091   4479   4064   3817   9906   4627   4188 
 17236  13361     51    153   3852   3778   3941   4081   3797   4141   4183   4257   4142   4091   9906   4479   4627   4064   4188   3817   3537   3779   3410  13575  26304      0      0  65535 
     0      0      0      0      0      0      0      0      0      0      0      0      0      0      0      0      0      0      0 
     0      0      0      0      0      0      0      0      0      0      0      0      0      0      0      0      0      0      0 
     0      0      0      0      0      0      0      0      0      0      0      0      0      0      0      0      0      0      0 
0 -1 -1
     0      0      0      0      0      0      0      0      0      0      0      0      0      0      0      0      4      0      0 
  3797   3942   3852   4142   4080   3774   3411   4143   4256   4184   3777   3538   4090   4479   4062   3816   9904   4626   4186 
 17236  13361     51    153   3852   3774   3942   4080   3797   4142   4184   4256   4143   4090   9904   4479   4626   4062   4186   3816   3538   3777   3411  13573  26303      0      0  65535 
     0      0      0      0      0      0      0      0      0      0      0      0      0      0      0      0      0      0      0 
     0      0      0      0      0      0      0      0      0      0      0      0      0      0      0      0      0      0      0 
     0      0      0      0      0      0      0      0      0      0      0      0      0      0      0      0      0      0      0 
0 -1 -1
     0      0      0      0      0      0      0      0      0      0      0      0      0      0      0      0      3      0      0 
  3797   3941   3852   4140   4080   3776   3410   4142   4257   4182   3777   3538   4090   4478   4061   3816   9870   4627   4188 
 17236  13361     51    153   3852   3776   3941   4080   3797   4140   4182   4257   4142   4090   9870   4478   4627   4061   4188   3816   3538   3777   3410  13581  26303      0      0  65535 
     0      0      0      0      0      0      0      0      0      0      0      0      0      0      0      0      0      0      0 
     0      0      0      0      0      0      0      0      0      0      0      0      0      0      0      0      0      0      0 
     0      0      0      0      0      0      0      0      0      0      0      0      0      0      0      0      0      0      0 
0 -1 -1
     0      0      0      0      0      0      0      0      0      0      0      0      0      0      0      0      3      0      0 
  3798   3941   3850   4138   4078   3775   3409   4142   4257   4183   3778   3537   4089   4477   4061   3817   9849   4628   4186 
 17236  13361     51    153   3850   3775   3941   4078   3798   4138   4183   4257   4142   4089   9849   4477   4628   4061   4186   3817   3537   3778   3409  13578  26305      0      0  65535 
     0      0      0      0      0      0      0      0      0      0      0      0      0      0      0      0      0      0      0 
     0      0      0      0      0      0      0      0      0      0      0      0      0      0      0      0      0      0      0 
     0      0      0      0      0      0      0      0      0      0      0      0      0      0      0      0      0      0      0 
0 -1 -1
     0      0      0      0      0      0      0      0      0      0      0      0      0      0      0      0      3      0      0 
  3797   3940   3851   4139   4077   3776   3409   4142   4255   4182   3777   3536   4090   4478   4061   3814   9859   4628   4187 
 17236  13361     51    153   3851   3776   3940   4077   3797   4139   4182   4255   4142   4090   9859   4478   4628   4061   4187   3814   3536   3777   3409  13574  26305      0      0  65535 
     0      0      0      0      0      0      0      0      0      0      0      0      0      0      0      0      0      0      0 
     0      0      0      0      0      0      0      0      0      0      0      0      0      0      0      0      0      0      0 
     0      0      0      0      0      0      0      0      0      0      0      0      0      0      0      0      0      0      0 
0 -1 -1
     0      0      0      0      0      0      0      0      0      0      0      0      0      0      0      0      4      0      0 
  3797   3940   3850   4139   4077   3775   3410   4142   4255   4182   3776   3536   4088   4478   4061   3816   9920   4626   4185 
 17236  13361     51    153   3850   3775   3940   4077   3797   4139   4182   4255   4142   4088   9920   4478   4626   4061   4185   3816   3536   3776   3410  13574  26304      0      0  65535 
     0      0      0      0      0      0      0      0      0      0      0      0      0      0      0      0      0      0      0 
     0      0      0      0      0      0      0      0      0      0      0      0      0      0      0      0      0      0      0 
     0      0      0      0      0      0      0      0      0      0      0      0      0      0      0      0      0      0      0 
0 -1 -1
     0      0      0      0      0      0      0      0      0      0      0      0      0      0      0      0      5      0      0 
  3797   3940   3852   4140   4077   3775   3409   4141   4256   4182   3775   3537   4089   4479   4062   3816   9953   4626   4187 
 17236  13361     51    153   3852   3775   3940   4077   3797   4140   4182   4256   4141   4089   9953   4479   4626   4062   4187   3816   3537   3775   3409  13574  26304      0      0  65535 
     0      0      0      0      0      0      0      0      0      0      0      0      0      0      0      0      0      0      0 
     0      0      0      0      0      0      0      0      0      0      0      0      0      0      0      0      0      0      0 
     0      0      0      0      0      0      0      0      0      0      0      0      0      0      0      0      0      0      0 
0 -1 -1
     0      0      0      0      0      0      0      0      0      0      0      0      0      0      0      0      6      0      0 
  3796   3940   3850   4141   4078   3774   3409   4142   4255   4181   3775   3537   4090   4477   4059   3816   9991   4625   4186 
 17236  13361     51    153   3850   3774   3940   4078   3796   4141   4181   4255   4142   4090   9991   4477   4625   4059   4186   3816   3537   3775   3409  13573  26305      0      0  65535 
     0      0      0      0      0      0      0      0      0      0      0      0      0      0      0      0      0      0      0 
     0      0      0      0      0      0      0      0      0      0      0      0      0      0      0      0      0      0      0 
     0      0      0      0      0      0      0      0      0      0      0      0      0      0      0      0      0      0      0 
0 -1 -1
     0      0      0      0      0      0      0      0      0      0      0      0      0      0      0      0      7      0      0 
  3795   3940   3851   4139   4077   3776   3409   4143   4256   4182   3777   3538   4089   4478   4060   3815  10031   4626   4186 
 17236  13361     51    153   3851   3776   3940   4077   3795   4139   4182   4256   4143   4089  10031   4478   4626   4060   4186   3815   3538   3777   3409  13574  26305      0      0  65535 
     0      0      0      0      0      0      0      0      0      0      0      0      0      0      0      0      0      0      0 
     0      0      0      0      0      0      0      0      0      0      0      0      0      0      0      0      0      0      0 
     0      0      0      0      0      0      0      0      0      0      0      0      0      0      0      0      0      0      0 
0 -1 -1
     0      0      0      0      0      0      0      0      0      0      0      0      0      0      0      0      6      0      0 
  3796   3939   3850   4139   4077   3773   3407   4142   4254   4182   3777   3536   4090   4477   4060   3815  10018   4627   4185 
 17236  13361     51    153   3850   3773   3939   4077   3796   4139   4182   4254   4142   4090  10018   4477   4627   4060   4185   3815   3536   3777   3407  13576  26304      0      0  65535 
     0      0      0      0      0      0      0      0      0      0      0      0      0      0      0      0      0      0      0 
     0      0      0      0      0      0      0      0      0      0      0      0      0      0      0      0      0      0      0 
     0      0      0      0      0      0      0      0      0      0      0      0      0      0      0      0      0      0      0 
0 -1 -1
     0      0      0      0      0      0      0      0      0      0      0      0      0      0      0      0      6      0      0 
  3796   3939   3850   4139   4076   3773   3409   4142   4254   4180   3775   3535   4089   4476   4059   3813   9981   4625   4187 
 17236  13361     51    153   3850   3773   3939   4076   3796   4139   4180   4254   4142   4089   9981   4476   4625   4059   4187   3813   3535   3775   3409  13576  26304      0      0  65535 
     0      0      0      0      0      0      0      0      0      0      0      0      0      0      0      0      0      0      0 
     0      0      0      0      0      0      0      0      0      0      0      0      0      0      0      0      0      0      0 
     0      0      0      0      0      0      0      0      0      0      0      0      0      0      0      0      0      0      0 
0 -1 -1
     0      0      0      0      0      0      0      0      0      0      0      0      0      0      0      0      5      0      0 
  3796   3939   3849   4138   4076   3773   3409   4142   4255   4180   3775   3536   4089   4478   4059   3814   9965   4625   4184 
 17236  13361     51    153   3849   3773   3939   4076   3796   4138   4180   4255   4142   4089   9965   4478   4625   4059   4184   3814   3536   3775   3409  13578  26304      0      0  65535 
     0      0      0      0      0      0      0      0      0      0      0      0      0      0      0      0      0      0      0 
     0      0      0      0      0      0      0      0      0      0      0      0      0      0      0      0      0      0      0 
     0      0      0      0      0      0      0      0      0      0      0      0      0      0      0      0      0      0      0 
0 -1 -1
     0      0      0      0      0      0      0      0      0      0      0      0      0      0      0      0      6      0      0 
  3795   3938   3849   4138   4076   3773   3408   4141   4254   4179   3775   3535   4088   4477   4059   3813  10011   4626   4184 
 17236  13361     51    153   3849   3773   3938   4076   3795   4138   4179   4254   4141   4088  10011   4477   4626   4059   4184   3813   3535   3775   3408  13579  26303      0      0  65535 
     0      0      0      0      0      0      0      0      0      0      0      0      0      0      0      0      0      0      0 
     0      0      0      0      0      0      0      0      0      0      0      0      0      0      0      0      0      0      0 
     0      0      0      0      0      0      0      0      0      0      0      0      0      0      0      0      0      0      0 
0 -1 -1
     0      0      0      0      0      0      0      0      0      0      0      0      0      0      0      0      7      0      0 
  3796   3937   3850   4139   4076   3772   3408   4141   4254   4180   3774   3536   4088   4477   4056   3813  10025   4626   4184 
 17236  13361     51    153   3850   3772   3937   4076   3796   4139   4180   4254   4141   4088  10025   4477   4626   4056   4184   3813   3536   3774   3408  13580  26303      0      0  65535 
     0      0      0      0      0      0      0      0      0      0      0      0      0      0      0      0      0      0      0 
     0      0      0      0      0      0      0      0      0      0      0      0      0      0      0      0      0      0      0 
     0      0      0      0      0      0      0      0      0      0      0      0      0      0      0      0      0      0      0 
0 -1 -1
     0      0      0      0      0      0      0      0      0      0      0      0      0      0      0      0      7      0      0 
  3796   3938   3849   4137   4076   3772   3407   4140   4254   4180   3775   3536   4087   4475   4057   3813  10044   4626   4185 
 17236  13361     51    153   3849   3772   3938   4076   3796   4137   4180   4254   4140   4087  10044   4475   4626   4057   4185   3813   3536   3775   3407  13581  26303      0      0  65535 
     0      0      0      0      0      0      0      0      0      0      0      0      0      0      0      0      0      0      0 
     0      0      0      0      0      0      0      0      0      0      0      0      0      0      0      0      0      0      0 
     0      0      0      0      0      0      0      0      0      0      0      0      0      0      0      0      0      0      0 
0 -1 -1
     0      0      0      0      0      0      0      0      0      0      0      0      0      0      0      0      7      0      0 
  3795   3937   3849   4137   4074   3773   3407   4140   4253   4180   3772   3535   4087   4475   4057   3813  10034   4624   4184 
 17236  13361     51    153   3849   3773   3937   4074   3795   4137   4180   4253   4140   4087  10034   4475   4624   4057   4184   3813   3535   3772   3407  13579  26303      0      0  65535 
     0      0      0      0      0      0      0      0      0      0      0      0      0      0      0      0      0      0      0 
     0      0      0      0      0      0      0      0      0      0      0      0      0      0      0      0      0      0      0 
     0      0      0      0      0      0      0      0      0      0      0      0      0      0      0      0      0      0      0 
0 -1 -1
     0      0      0      0      0      0      0      0      0      0      0      0      0      0      0      0      7      0      0 
  3797   3938   3850   4138   4075   3772   3407   4140   4253   4179   3774   3535   4088   4476   4059   3812  10055   4625   4182 
 17236  13361     51    153   3850   3772   3938   4075   3797   4138   4179   4253   4140   4088  10055   4476   4625   4059   4182   3812   3535   3774   3407  13581  26303      0      0  65535 
     0      0      0      0      0      0      0      0      0      0      0      0      0      0      0      0      0      0      0 
     0      0      0      0      0      0      0      0      0      0      0      0      0      0      0      0      0      0      0 
     0      0      0      0      0      0      0      0      0      0      0      0      0      0      0      0      0      0      0 
0 -1 -1
     0      0      0      0      0      0      0      0      0      0      0      0      0      0      0      0      7      0      0 
  3795   3937   3851   4136   4075   3773   3407   4141   4252   4179   3774   3534   4088   4474   4058   3813  10026   4626   4184 
 17236  13361     51    153   3851   3773   3937   4075   3795   4136   4179   4252   4141   4088  10026   4474   4626   4058   4184   3813   3534   3774   3407  13580  26303      1      0  65535 
     0      0      0      0      0      0      0      0      0      0      0      0      0      0      0      0      0      0      0 
     0      0      0      0      0      0      0      0      0      0      0      0      0      0      0      0      0      0      0 
     0      0      0      0      0      0      0      0      0      0      0      0      0      0      0      0      0      0      0 
0 -1 -1
     0      0      0      0      0      0      0      0      0      0      0      0      0      0      0      0      7      0      0 
  3795   3937   3849   4137   4075   3770   3409   4139   4254   4179   3773   3534   4089   4476   4057   3812  10044   4624   4186 
 17236  13361     51    153   3849   3770   3937   4075   3795   4137   4179   4254   4139   4089  10044   4476   4624   4057   4186   3812   3534   3773   3409  13580  26305      0      0  65535 
     0      0      0      0      0      0      0      0      0      0      0      0      0      0      0      0      0      0      0 
     0      0      0      0      0      0      0      0      0      0      0      0      0      0      0      0      0      0      0 
     0      0      0      0      0      0      0      0      0      0      0      0      0      0      0      0      0      0      0 
0 -1 -1
     0      0      0      0      0      0      0      0      0      0      0      0      0      0      0      0      9      0      0 
  3795   3936   3849   4136   4075   3771   3405   4140   4253   4179   3774   3533   4087   4475   4056   3813  10139   4626   4183 
 17236  13361     51    153   3849   3771   3936   4075   3795   4136   4179   4253   4140   4087  10139   4475   4626   4056   4183   3813   3533   3774   3405  13583  26304      0      0  65535 
     0      0      0      0      0      0      0      0      0      0      0      0      0      0      0      0      0      0      0 
     0      0      0      0      0      0      0      0      0      0      0      0      0      0      0      0      0      0      0 
     0      0      0      0      0      0      0      0      0      0      0      0      0      0      0      0      0      0      0 
0 -1 -1
     0      0      0      0      0      0      0      0      0      0      0      0      0      0      0      0     11      0      0 
  3795   3936   3849   4136   4074   3771   3406   4140   4253   4179   3773   3535   4087   4475   4055   3811  10220   4624   4185 
 17236  13361     51    153   3849   3771   3936   4074   3795   4136   4179   4253   4140   4087  10220   4475   4624   4055   4185   3811   3535   3773   3406  13583  26304      0      0  65535 
     0      0      0      0      0      0      0      0      0      0      0      0      0      0      0      0      0      0      0 
     0      0      0      0      0      0      0      0      0      0      0      0      0      0      0      0      0      0      0 
     0      0      0      0      0      0      0      0      0      0      0      0      0      0      0      0      0      0      0 
0 -1 -1
     0      0      0      0      0      0      0      0      0      0      0      0      0      0      0      0     10      0      0 
  3795   3935   3849   4137   4074   3771   3406   4140   4253   4178   3773   3534   4087   4474   4055   3812  10201   4624   4183 
 17236  13361     51    153   3849   3771   3935   4074   3795   4137   4178   4253   4140   4087  10201   4474   4624   4055   4183   3812   3534   3773   3406  13583  26304      0      0  65535 
     0      0      0      0      0      0      0      0      0      0      0      0      0      0      0      0      0      0      0 
     0      0      0      0      0      0      0      0      0      0      0      0      0      0      0      0      0      0      0 
     0      0      0      0      0      0      0      0      0      0      0      0      0      0      0      0      0      0      0 
0 -1 -1
     0      0      0      0      0      0      0      0      0      0      0      0      0      0      0      0      7      0      0 
  3794   3937   3847   4137   4074   3770   3405   4141   4252   4176   3772   3532   4086   4475   4054   3812  10066   4623   4184 
 17236  13361     51    153   3847   3770   3937   4074   3794   4137   4176   4252   4141   4086  10066   4475   4623   4054   4184   3812   3532   3772   3405  13585  26305      0      0  65535 
     0      0      0      0      0      0      0      0      0      0      0      0      0      0      0      0      0      0      0 
     0      0      0      0      0      0      0      0      0      0      0      0      0      0      0      0      0      0      0 
     0      0      0      0      0      0      0      0      0      0      0      0      0      0      0      0      0      0      0 
0 -1 -1
     0      0      0      0      0      0      0      0      0      0      0      0      0      0      0      0      8      0      0 
  3793   3936   3848   4136   4073   3772   3405   4139   4252   4177   3772   3534   4087   4473   4056   3812  10085   4624   4183 
 17236  13361     51    153   3848   3772   3936   4073   3793   4136   4177   4252   4139   4087  10085   4473   4624   4056   4183   3812   3534   3772   3405  13589  26304      0      0  65535 
     0      0      0      0      0      0      0      0      0      0      0      0      0      0      0      0      0      0      0 
     0      0      0      0      0      0      0      0      0      0      0      0      0      0      0      0      0      0      0 
     0      0      0      0      0      0      0      0      0      0      0      0      0      0      0      0      0      0      0 
0 -1 -1
     0      0      0      0      0      0      0      0      0      0      0      0      0      0      0      0      7      0      0 
  3794   3936   3847   4135   4074   3768   3406   4139   4250   4177   3772   3534   4087   4473   4055   3811  10057   4624   4183 
 17236  13361     51    153   3847   3768   3936   4074   3794   4135   4177   4250   4139   4087  10057   4473   4624   4055   4183   3811   3534   3772   3406  13584  26304      0      0  65535 
     0      0      0      0      0      0      0      0      0      0      0      0      0      0      0      0      0      0      0 
     0      0      0      0      0      0      0      0      0      0      0      0      0      0      0      0      0      0      0 
     0      0      0      0      0      0      0      0      0      0      0      0      0      0      0      0      0      0      0 
0 -1 -1
     0      0      0      0      0      0      0      0      0      0      0      0      0      0      0      0      7      0      0 
  3793   3935   3850   4137   4071   3770   3407   4138   4252   4176   3772   3534   4086   4475   4054   3812  10033   4625   4182 
 17236  13361     51    153   3850   3770   3935   4071   3793   4137   4176   4252   4138   4086  10033   4475   4625   4054   4182   3812   3534   3772   3407  13583  26304      0      1  65535 
     0      0      0      0      0      0      0      0      0      0      0      0      0      0      0      0      0      0      0 
     0      0      0      0      0      0      0      0      0      0      0      0      0      0      0      0      0      0      0 
     0      0      0      0      0      0      0      0      0      0      0      0      0      0      0      0      0      0      0 
0 -1 -1
     0      0      0      0      0      0      0      0      0      0      0      0      0      0      0      0      6      0      0 
  3793   3934   3847   4135   4072   3771   3405   4138   4252   4177   3771   3532   4087   4474   4054   3811  10014   4624   4183 
 17236  13361     51    153   3847   3771   3934   4072   3793   4135   4177   4252   4138   4087  10014   4474   4624   4054   4183   3811   3532   3771   3405  13580  26304      0      0  65535 
     0      0      0      0      0      0      0      0      0      0      0      0      0      0      0      0      0      0      0 
     0      0      0      0      0      0      0      0      0      0      0      0      0      0      0      0      0      0      0 
     0      0      0      0      0      0      0      0      0      0      0      0      0      0      0      0      0      0      0 
0 -1 -1
     0      0      0      0      0      0      0      0      0      0      0      0      0      0      0      0      5      0      0 
  3793   3934   3848   4136   4073   3769   3404   4140   4250   4177   3773   3534   4086   4472   4055   3813   9955   4623   4184 
 17236  13361     51    153   3848   3769   3934   4073   3793   4136   4177   4250   4140   4086   9955   4472   4623   4055   4184   3813   3534   3773   3404  13577  26304      0      0  65535 
     0      0      0      0      0      0      0      0      0      0      0      0      0      0      0      0      0      0      0 
     0      0      0      0      0      0      0      0      0      0      0      0      0      0      0      0      0      0      0 
     0      0      0      0      0      0      0      0      0      0      0      0      0      0      0      0      0      0      0 
0 -1 -1
     0      0      0      0      0      0      0      0      0      0      0      0      0      0      0      0      4      0      0 
  3794   3934   3847   4135   4071   3771   3405   4138   4250   4176   3771   3534   4085   4473   4056   3812   9905   4624   4183 
 17236  13361     51    153   3847   3771   3934   4071   3794   4135   4176   4250   4138   4085   9905   4473   4624   4056   4183   3812   3534   3771   3405  13575  26304      0      0  65535 
     0      0      0      0      0      0      0      0      0      0      0      0      0      0      0      0      0      0      0 
     0      0      0      0      0      0      0      0      0      0      0      0      0      0      0      0      0      0      0 
     0      0      0      0      0      0      0      0      0      0      0      0      0      0      0      0      0      0      0 
0 -1 -1
     0      0      0      0      0      0      0      0      0      0      0      0      0      0      0      0      4      0      0 
  3792   3934   3847   4136   4071   3769   3404   4139   4249   4177   3771   3532   4087   4474   4054   3811   9917   4625   4180 
 17236  13361     51    153   3847   3769   3934   4071   3792   4136   4177   4249   4139   4087   9917   4474   4625   4054   4180   3811   3532   3771   3404  13578  26304      0      0  65535 
     0      0      0      0      0      0      0      0      0      0      0      0      0      0      0      0      0      0      0 
     0      0      0      0      0      0      0      0      0      0      0      0      0      0      0      0      0      0      0 
     0      0      0      0      0      0      0      0      0      0      0      0      0      0      0      0      0      0      0 
0 -1 -1
     0      0      0      0      0      0      0      0      0      0      0      0      0      0      0      0      6      0      0 
  3793   3933   3848   4135   4071   3768   3404   4138   4249   4176   3771   3533   4085   4473   4052   3812   9981   4622   4182 
 17236  13361     51    153   3848   3768   3933   4071   3793   4135   4176   4249   4138   4085   9981   4473   4622   4052   4182   3812   3533   3771   3404  13577  26304      0      0  65535 
     0      0      0      0      0      0      0      0      0      0      0      0      0      0      0      0      0      0      0 
     0      0      0      0      0      0      0      0      0      0      0      0      0      0      0      0      0      0      0 
     0      0      0      0      0      0      0      0      0      0      0      0      0      0      0      0      0      0      0 
0 -1 -1
     0      0      0      0      0      0      0      0      0      0      0      0      0      0      0      0      4      0      0 
  3792   3933   3847   4134   4072   3769   3404   4139   4249   4176   3770   3533   4086   4472   4053   3810   9897   4625   4183 
 17236  13361     51    153   3847   3769   3933   4072   3792   4134   4176   4249   4139   4086   9897   4472   4625   4053   4183   3810   3533   3770   3404  13576  26304      0      0  65535 
     0      0      0      0      0      0      0      0      0      0      0      0      0      0      0      0      0      0      0 
     0      0      0      0      0      0      0      0      0      0      0      0      0      0      0      0      0      0      0 
     0      0      0      0      0      0      0      0      0      0      0      0      0      0      0      0      0      0      0 
0 -1 -1
