    23     28     26     23     24     29     23     10     31     26     33     25     15     28     24     21     18     20     20 
  8234   7785   7476   8430   7325   6929   6690   7771   7657   7186   7010   6622   7688   7674   7031   7329  10686   8336   8047 
 17236  13361     51    148   7476   6929   7785   7325   8234   8430   7186   7657   7771   7688  10686   7674   8336   7031   8047   7329   6622   7010   6690  13541  26303      0      0  65535 
     0      0      0      0      0      0      0      0      0      0      0      0      0      0      0      0      0      0      0 
     0      0      0      0      0      0      0      0      0      0      0      0      0      0      0      0      0      0      0 
     0      0      0      0      0      0      0      0      0      0      0      0      0      0      0      0      0      0      0 
0 -1 -1
    25     30     28     24     27     32     25     11     33     29     36     27     17     30     27     23     16     22     21 
  8335   7878   7561   8519   7389   7000   6745   7838   7712   7246   7076   6667   7772   7739   7095   7400  10575   8398   8154 
 17236  13361     51    148   7561   7000   7878   7389   8335   8519   7246   7712   7838   7772  10575   7739   8398   7095   8154   7400   6667   7076   6745  13541  26304      0      0  65535 
     0      0      0      0      0      0      0      0      0      0      0      0      0      0      0      0      0      0      0 
     0      0      0      0      0      0      0      0      0      0      0      0      0      0      0      0      0      0      0 
     0      0      0      0      0      0      0      0      0      0      0      0      0      0      0      0      0      0      0 
0 -1 -1
    25     31     29     25     28     33     25     11     33     30     37     27     17     31     27     23     15     22     22 
  8376   7929   7604   8559   7419   7034   6771   7858   7725   7268   7100   6676   7784   7753   7110   7411  10534   8397   8170 
 17236  13361     51    148   7604   7034   7929   7419   8376   8559   7268   7725   7858   7784  10534   7753   8397   7110   8170   7411   6676   7100   6771  13541  26303      0      0  65535 
     0      0      0      0      0      0      0      0      0      0      0      0      0      0      0      0      0      0      0 
     0      0      0      0      0      0      0      0      0      0      0      0      0      0      0      0      0      0      0 
     0      0      0      0      0      0      0      0      0      0      0      0      0      0      0      0      0      0      0 
0 -1 -1
    24     30     28     24     27     32     24     11     31     28     35     25     15     28     25     21      9     19     20 
  8309   7891   7561   8494   7390   7006   6709   7800   7661   7230   7048   6610   7704   7691   7063   7319  10262   8295   8055 
 17236  13361     51    148   7561   7006   7891   7390   8309   8494   7230   7661   7800   7704  10262   7691   8295   7063   8055   7319   6610   7048   6709  13541  26303      0      0  65535 
     0      0      0      0      0      0      0      0      0      0      0      0      0      0      0      0      0      0      0 
     0      0      0      0      0      0      0      0      0      0      0      0      0      0      0      0      0      0      0 
     0      0      0      0      0      0      0      0      0      0      0      0      0      0      0      0      0      0      0 
0 -1 -1
    22     28     26     22     24     29     22      9     28     26     32     23     13     26     23     19      5     17     18 
  8181   7793   7454   8377   7325   6939   6618   7720   7582   7174   6967   6525   7619   7624   7007   7222  10075   8192   7932 
 17236  13361     51    148   7454   6939   7793   7325   8181   8377   7174   7582   7720   7619  10075   7624   8192   7007   7932   7222   6525   6967   6618  13541  26304      0      0  65535 
     0      0      0      0      0      0      0      0      0      0      0      0      0      0      0      0      0      0      0 
     0      0      0      0      0      0      0      0      0      0      0      0      0      0      0      0      0      0      0 
     0      0      0      0      0      0      0      0      0      0      0      0      0      0      0      0      0      0      0 
0 -1 -1
    20     25     23     19     21     26     19      8     25     23     28     20     11     23     20     17      2     15     15 
  8013   7656   7314   8226   7242   6847   6504   7628   7495   7102   6867   6423   7527   7550   6940   7101   9941   8068   7771 
 17236  13361     51    148   7314   6847   7656   7242   8013   8226   7102   7495   7628   7527   9941   7550   8068   6940   7771   7101   6423   6867   6504  13544  26304      1      0  65535 
     0      0      0      0      0      0      0      0      0      0      0      0      0      0      0      0      0      0      0 
     0      0      0      0      0      0      0      0      0      0      0      0      0      0      0      0      0      0      0 
     0      0      0      0      0      0      0      0      0      0      0      0      0      0      0      0      0      0      0 
0 -1 -1
    17     21     20     16     17     22     16      6     21     19     24     16      8     18     17     14      0     11     12 
  7819   7502   7153   8063   7159   6749   6367   7525   7396   7021   6744   6304   7410   7450   6845   6942   9852   7913   7568 
 17236  13361     51    148   7153   6749   7502   7159   7819   8063   7021   7396   7525   7410   9852   7450   7913   6845   7568   6942   6304   6744   6367  13546  26304      0      0  65535 
     0      0      0      0      0      0      0      0      0      0      0      0      0      0      0      0      0      0      0 
     0      0      0      0      0      0      0      0      0      0      0      0      0      0      0      0      0      0      0 
     0      0      0      0      0      0      0      0      0      0      0      0      0      0      0      0      0      0      0 
0 -1 -1
    13     17     15     12     13     18     12      4     16     15     18     12      4     13     12     10      0      7      8 
  7558   7298   6945   7853   7046   6626   6195   7388   7263   6912   6588   6158   7246   7316   6725   6743   9791   7715   7310 
 17236  13361     51    149   6945   6626   7298   7046   7558   7853   6912   7263   7388   7246   9791   7316   7715   6725   7310   6743   6158   6588   6195  13547  26303      0      0  65535 
     0      0      0      0      0      0      0      0      0      0      0      0      0      0      0      0      0      0      0 
     0      0      0      0      0      0      0      0      0      0      0      0      0      0      0      0      0      0      0 
     0      0      0      0      0      0      0      0      0      0      0      0      0      0      0      0      0      0      0 
0 -1 -1
     8     11     10      8      7     12      7      2     10      9     11      7      0      7      7      6      0      3      4 
  7247   7051   6696   7596   6899   6467   5975   7231   7104   6781   6396   5981   7080   7177   6595   6526   9745   7526   7043 
 17236  13361     51    149   6696   6467   7051   6899   7247   7596   6781   7104   7231   7080   9745   7177   7526   6595   7043   6526   5981   6396   5975  13545  26304      0      0  65535 
     0      0      0      0      0      0      0      0      0      0      0      0      0      0      0      0      0      0      0 
     0      0      0      0      0      0      0      0      0      0      0      0      0      0      0      0      0      0      0 
     0      0      0      0      0      0      0      0      0      0      0      0      0      0      0      0      0      0      0 
0 -1 -1
     2      5      4      3      0      5      2      0      4      4      5      2      0      2      2      2      0      0      1 
  6907   6794   6425   7309   6727   6295   5759   7039   6935   6656   6227   5837   6913   7054   6478   6346   9698   7374   6821 
 17236  13361     51    149   6425   6295   6794   6727   6907   7309   6656   6935   7039   6913   9698   7054   7374   6478   6821   6346   5837   6227   5759  13545  26305      0      1  65535 
     0      0      0      0      0      0      0      0      0      0      0      0      0      0      0      0      0      0      0 
     0      0      0      0      0      0      0      0      0      0      0      0      0      0      0      0      0      0      0 
     0      0      0      0      0      0      0      0      0      0      0      0      0      0      0      0      0      0      0 
0 -1 -1
     0      1      0      0      0      1      0      0      0      1      1      0      0      0      0      0      0      0      0 
  6663   6613   6248   7107   6637   6185   5631   6916   6839   6596   6126   5756   6812   6981   6419   6218   9679   7273   6666 
 17236  13361     51    150   6248   6185   6613   6637   6663   7107   6596   6839   6916   6812   9679   6981   7273   6419   6666   6218   5756   6126   5631  13546  26305      0      0  65535 
     0      0      0      0      0      0      0      0      0      0      0      0      0      0      0      0      0      0      0 
     0      0      0      0      0      0      0      0      0      0      0      0      0      0      0      0      0      0      0 
     0      0      0      0      0      0      0      0      0      0      0      0      0      0      0      0      0      0      0 
0 -1 -1
     0      0      0      0      0      0      0      0      0      0      0      0      0      0      0      0      0      0      0 
  6396   6409   6067   6872   6552   6081   5494   6764   6719   6540   6034   5647   6673   6891   6366   6072   9657   7129   6498 
 17236  13361     51    150   6067   6081   6409   6552   6396   6872   6540   6719   6764   6673   9657   6891   7129   6366   6498   6072   5647   6034   5494  13546  26304      0      0  65535 
     0      0      0      0      0      0      0      0      0      0      0      0      0      0      0      0      0      0      0 
     0      0      0      0      0      0      0      0      0      0      0      0      0      0      0      0      0      0      0 
     0      0      0      0      0      0      0      0      0      0      0      0      0      0      0      0      0      0      0 
0 -1 -1
     0      0      0      0      0      0      0      0      0      0      0      0      0      0      0      0      0      0      0 
  6143   6224   5925   6618   6474   5997   5420   6593   6611   6505   5987   5604   6543   6856   6349   6018   9635   7060   6444 
 17236  13361     51    150   5925   5997   6224   6474   6143   6618   6505   6611   6593   6543   9635   6856   7060   6349   6444   6018   5604   5987   5420  13546  26304      0      0  65535 
     0      0      0      0      0      0      0      0      0      0      0      0      0      0      0      0      0      0      0 
     0      0      0      0      0      0      0      0      0      0      0      0      0      0      0      0      0      0      0 
     0      0      0      0      0      0      0      0      0      0      0      0      0      0      0      0      0      0      0 
0 -1 -1
     0      0      0      0      0      0      0      0      0      0      0      0      0      0      0      0      0      0      0 
  6128   6215   5926   6578   6473   5991   5423   6564   6607   6508   5992   5607   6529   6859   6353   6021   9627   7064   6446 
 17236  13361     51    150   5926   5991   6215   6473   6128   6578   6508   6607   6564   6529   9627   6859   7064   6353   6446   6021   5607   5992   5423  13546  26304      0      0  65535 
     0      0      0      0      0      0      0      0      0      0      0      0      0      0      0      0      0      0      0 
     0      0      0      0      0      0      0      0      0      0      0      0      0      0      0      0      0      0      0 
     0      0      0      0      0      0      0      0      0      0      0      0      0      0      0      0      0      0      0 
0 -1 -1
     0      0      0      0      0      0      0      0      0      0      0      0      0      0      0      0      0      0      0 
  6132   6221   5930   6583   6477   5996   5428   6568   6611   6511   5995   5613   6533   6863   6358   6027   9622   7070   6453 
 17236  13361     51    150   5930   5996   6221   6477   6132   6583   6511   6611   6568   6533   9622   6863   7070   6358   6453   6027   5613   5995   5428  13546  26304      0      0  65535 
     0      0      0      0      0      0      0      0      0      0      0      0      0      0      0      0      0      0      0 
     0      0      0      0      0      0      0      0      0      0      0      0      0      0      0      0      0      0      0 
     0      0      0      0      0      0      0      0      0      0      0      0      0      0      0      0      0      0      0 
0 -1 -1
     0      0      0      0      0      0      0      0      0      0      0      0      0      0      0      0      0      0      0 
  6136   6224   5935   6586   6481   5999   5430   6571   6614   6515   5998   5616   6537   6867   6361   6030   9613   7073   6458 
 17236  13361     51    150   5935   5999   6224   6481   6136   6586   6515   6614   6571   6537   9613   6867   7073   6361   6458   6030   5616   5998   5430  13546  26304      0      0  65535 
     0      0      0      0      0      0      0      0      0      0      0      0      0      0      0      0      0      0      0 
     0      0      0      0      0      0      0      0      0      0      0      0      0      0      0      0      0      0      0 
     0      0      0      0      0      0      0      0      0      0      0      0      0      0      0      0      0      0      0 
0 -1 -1
     0      0      0      0      0      0      0      0      0      0      0      0      0      0      0      0      0      0      0 
  6139   6229   5938   6590   6485   6003   5435   6577   6620   6521   6003   5620   6541   6871   6365   6034   9617   7079   6463 
 17236  13361     51    150   5938   6003   6229   6485   6139   6590   6521   6620   6577   6541   9617   6871   7079   6365   6463   6034   5620   6003   5435  13546  26304      0      0  65535 
     0      0      0      0      0      0      0      0      0      0      0      0      0      0      0      0      0      0      0 
     0      0      0      0      0      0      0      0      0      0      0      0      0      0      0      0      0      0      0 
     0      0      0      0      0      0      0      0      0      0      0      0      0      0      0      0      0      0      0 
0 -1 -1
     0      0      0      0      0      0      0      0      0      0      0      0      0      0      0      0      0      0      0 
  6145   6232   5942   6595   6487   6007   5437   6581   6621   6524   6008   5626   6545   6874   6369   6039   9623   7082   6468 
 17236  13361     51    150   5942   6007   6232   6487   6145   6595   6524   6621   6581   6545   9623   6874   7082   6369   6468   6039   5626   6008   5437  13545  26304      0      1  65535 
     0      0      0      0      0      0      0      0      0      0      0      0      0      0      0      0      0      0      0 
     0      0      0      0      0      0      0      0      0      0      0      0      0      0      0      0      0      0      0 
     0      0      0      0      0      0      0      0      0      0      0      0      0      0      0      0      0      0      0 
0 -1 -1
     0      0      0      0      0      0      0      0      0      0      0      0      0      0      0      0      0      0      0 
  6149   6236   5943   6600   6493   6011   5441   6585   6625   6528   6012   5628   6547   6877   6373   6043   9620   7088   6472 
 17236  13361     51    150   5943   6011   6236   6493   6149   6600   6528   6625   6585   6547   9620   6877   7088   6373   6472   6043   5628   6012   5441  13545  26304      0      0  65535 
     0      0      0      0      0      0      0      0      0      0      0      0      0      0      0      0      0      0      0 
     0      0      0      0      0      0      0      0      0      0      0      0      0      0      0      0      0      0      0 
     0      0      0      0      0      0      0      0      0      0      0      0      0      0      0      0      0      0      0 
0 -1 -1
     0      0      0      0      0      0      0      0      0      0      0      0      0      0      0      0      0      0      0 
  6153   6236   5949   6603   6496   6015   5446   6587   6630   6532   6014   5632   6553   6882   6376   6047   9616   7092   6477 
 17236  13361     51    150   5949   6015   6236   6496   6153   6603   6532   6630   6587   6553   9616   6882   7092   6376   6477   6047   5632   6014   5446  13544  26304      0      0  65535 
     0      0      0      0      0      0      0      0      0      0      0      0      0      0      0      0      0      0      0 
     0      0      0      0      0      0      0      0      0      0      0      0      0      0      0      0      0      0      0 
     0      0      0      0      0      0      0      0      0      0      0      0      0      0      0      0      0      0      0 
0 -1 -1
     0      0      0      0      0      0      0      0      0      0      0      0      0      0      0      0      0      0      0 
  6155   6243   5954   6606   6500   6019   5449   6593   6634   6537   6018   5637   6556   6887   6380   6051   9619   7096   6481 
 17236  13361     51    150   5954   6019   6243   6500   6155   6606   6537   6634   6593   6556   9619   6887   7096   6380   6481   6051   5637   6018   5449  13544  26304      0      0  65535 
     0      0      0      0      0      0      0      0      0      0      0      0      0      0      0      0      0      0      0 
     0      0      0      0      0      0      0      0      0      0      0      0      0      0      0      0      0      0      0 
     0      0      0      0      0      0      0      0      0      0      0      0      0      0      0      0      0      0      0 
0 -1 -1
     0      0      0      0      0      0      0      0      0      0      0      0      0      0      0      0      0      0      0 
  6160   6247   5957   6610   6504   6022   5453   6596   6638   6543   6023   5642   6560   6889   6385   6056   9626   7101   6486 
 17236  13361     51    150   5957   6022   6247   6504   6160   6610   6543   6638   6596   6560   9626   6889   7101   6385   6486   6056   5642   6023   5453  13561  26304      0      0  65535 
     0      0      0      0      0      0      0      0      0      0      0      0      0      0      0      0      0      0      0 
     0      0      0      0      0      0      0      0      0      0      0      0      0      0      0      0      0      0      0 
     0      0      0      0      0      0      0      0      0      0      0      0      0      0      0      0      0      0      0 
0 -1 -1
     0      0      0      0      0      0      0      0      0      0      0      0      0      0      0      0      0      0      0 
  6164   6253   5962   6616   6510   6026   5457   6602   6641   6546   6027   5647   6566   6895   6389   6061   9628   7107   6492 
 17236  13361     51    150   5962   6026   6253   6510   6164   6616   6546   6641   6602   6566   9628   6895   7107   6389   6492   6061   5647   6027   5457  13548  26303      0      1  65535 
     0      0      0      0      0      0      0      0      0      0      0      0      0      0      0      0      0      0      0 
     0      0      0      0      0      0      0      0      0      0      0      0      0      0      0      0      0      0      0 
     0      0      0      0      0      0      0      0      0      0      0      0      0      0      0      0      0      0      0 
0 -1 -1
     0      0      0      0      0      0      0      0      0      0      0      0      0      0      0      0      0      0      0 
  6169   6257   5966   6620   6514   6032   5463   6606   6646   6550   6032   5651   6568   6899   6394   6066   9631   7111   6498 
 17236  13361     51    150   5966   6032   6257   6514   6169   6620   6550   6646   6606   6568   9631   6899   7111   6394   6498   6066   5651   6032   5463  13539  26303      0      0  65535 
     0      0      0      0      0      0      0      0      0      0      0      0      0      0      0      0      0      0      0 
     0      0      0      0      0      0      0      0      0      0      0      0      0      0      0      0      0      0      0 
     0      0      0      0      0      0      0      0      0      0      0      0      0      0      0      0      0      0      0 
0 -1 -1
     0      0      0      0      0      0      0      0      0      0      0      0      0      0      0      0      0      0      0 
  6175   6261   5970   6625   6518   6035   5468   6610   6650   6554   6035   5655   6575   6904   6399   6069   9622   7117   6502 
 17236  13361     51    150   5970   6035   6261   6518   6175   6625   6554   6650   6610   6575   9622   6904   7117   6399   6502   6069   5655   6035   5468  13536  26305      0      0  65535 
     0      0      0      0      0      0      0      0      0      0      0      0      0      0      0      0      0      0      0 
     0      0      0      0      0      0      0      0      0      0      0      0      0      0      0      0      0      0      0 
     0      0      0      0      0      0      0      0      0      0      0      0      0      0      0      0      0      0      0 
0 -1 -1
     0      0      0      0      0      0      0      0      0      0      0      0      0      0      0      0      0      0      0 
  6177   6265   5975   6628   6520   6039   5471   6613   6653   6558   6040   5658   6578   6907   6402   6074   9615   7120   6507 
 17236  13361     51    150   5975   6039   6265   6520   6177   6628   6558   6653   6613   6578   9615   6907   7120   6402   6507   6074   5658   6040   5471  13535  26305      0      0  65535 
     0      0      0      0      0      0      0      0      0      0      0      0      0      0      0      0      0      0      0 
     0      0      0      0      0      0      0      0      0      0      0      0      0      0      0      0      0      0      0 
     0      0      0      0      0      0      0      0      0      0      0      0      0      0      0      0      0      0      0 
0 -1 -1
     0      0      0      0      0      0      0      0      0      0      0      0      0      0      0      0      0      0      0 
  6182   6268   5980   6634   6529   6044   5474   6621   6658   6562   6045   5666   6582   6912   6406   6078   9630   7126   6512 
 17236  13361     51    150   5980   6044   6268   6529   6182   6634   6562   6658   6621   6582   9630   6912   7126   6406   6512   6078   5666   6045   5474  13538  26305      0      0  65535 
     0      0      0      0      0      0      0      0      0      0      0      0      0      0      0      0      0      0      0 
     0      0      0      0      0      0      0      0      0      0      0      0      0      0      0      0      0      0      0 
     0      0      0      0      0      0      0      0      0      0      0      0      0      0      0      0      0      0      0 
0 -1 -1
     0      0      0      0      0      0      0      0      0      0      0      0      0      0      0      0      0      0      0 
  6187   6272   5982   6636   6531   6047   5478   6622   6662   6567   6050   5668   6587   6915   6410   6083   9631   7130   6518 
 17236  13361     51    150   5982   6047   6272   6531   6187   6636   6567   6662   6622   6587   9631   6915   7130   6410   6518   6083   5668   6050   5478  13538  26305      0      0  65535 
     0      0      0      0      0      0      0      0      0      0      0      0      0      0      0      0      0      0      0 
     0      0      0      0      0      0      0      0      0      0      0      0      0      0      0      0      0      0      0 
     0      0      0      0      0      0      0      0      0      0      0      0      0      0      0      0      0      0      0 
0 -1 -1
     0      0      0      0      0      0      0      0      0      0      0      0      0      0      0      0      0      0      0 
  6190   6277   5986   6640   6534   6052   5484   6627   6666   6569   6052   5671   6590   6919   6416   6088   9619   7137   6522 
 17236  13361     51    150   5986   6052   6277   6534   6190   6640   6569   6666   6627   6590   9619   6919   7137   6416   6522   6088   5671   6052   5484  13538  26305      0      0  65535 
     0      0      0      0      0      0      0      0      0      0      0      0      0      0      0      0      0      0      0 
     0      0      0      0      0      0      0      0      0      0      0      0      0      0      0      0      0      0      0 
     0      0      0      0      0      0      0      0      0      0      0      0      0      0      0      0      0      0      0 
0 -1 -1
     0      0      0      0      0      0      0      0      0      0      0      0      0      0      0      0      0      0      0 
  6196   6280   5989   6645   6538   6056   5486   6631   6670   6574   6056   5676   6594   6922   6418   6092   9625   7140   6527 
 17236  13361     51    150   5989   6056   6280   6538   6196   6645   6574   6670   6631   6594   9625   6922   7140   6418   6527   6092   5676   6056   5486  13538  26305      0      0  65535 
     0      0      0      0      0      0      0      0      0      0      0      0      0      0      0      0      0      0      0 
     0      0      0      0      0      0      0      0      0      0      0      0      0      0      0      0      0      0      0 
     0      0      0      0      0      0      0      0      0      0      0      0      0      0      0      0      0      0      0 
0 -1 -1
     0      0      0      0      0      0      0      0      0      0      0      0      0      0      0      0      0      0      0 
  6199   6284   5995   6650   6544   6059   5491   6637   6674   6580   6060   5680   6600   6928   6423   6096   9629   7146   6531 
 17236  13361     51    150   5995   6059   6284   6544   6199   6650   6580   6674   6637   6600   9629   6928   7146   6423   6531   6096   5680   6060   5491  13537  26304      0      0  65535 
     0      0      0      0      0      0      0      0      0      0      0      0      0      0      0      0      0      0      0 
     0      0      0      0      0      0      0      0      0      0      0      0      0      0      0      0      0      0      0 
     0      0      0      0      0      0      0      0      0      0      0      0      0      0      0      0      0      0      0 
0 -1 -1
     0      0      0      0      0      0      0      0      0      1      0      0      0      0      0      0      0      0      0 
  6205   6290   5999   6654   6549   6065   5494   6640   6678   6586   6066   5685   6605   6933   6428   6101   9634   7150   6537 
 17236  13361     51    150   5999   6065   6290   6549   6205   6654   6586   6678   6640   6605   9634   6933   7150   6428   6537   6101   5685   6066   5494  13537  26304      0      0  65535 
     0      0      0      0      0      0      0      0      0      0      0      0      0      0      0      0      0      0      0 
     0      0      0      0      0      0      0      0      0      0      0      0      0      0      0      0      0      0      0 
     0      0      0      0      0      0      0      0      0      0      0      0      0      0      0      0      0      0      0 
0 -1 -1
     0      0      0      0      0      0      0      0      0      1      0      0      0      0      0      0      0      0      0 
  6208   6293   6003   6659   6551   6069   5499   6645   6683   6588   6069   5689   6609   6937   6433   6106   9631   7157   6542 
 17236  13361     51    150   6003   6069   6293   6551   6208   6659   6588   6683   6645   6609   9631   6937   7157   6433   6542   6106   5689   6069   5499  13538  26305      1      1  65535 
     0      0      0      0      0      0      0      0      0      0      0      0      0      0      0      0      0      0      0 
     0      0      0      0      0      0      0      0      0      0      0      0      0      0      0      0      0      0      0 
     0      0      0      0      0      0      0      0      0      0      0      0      0      0      0      0      0      0      0 
0 -1 -1
     0      0      0      0      0      0      0      0      0      1      0      0      0      0      0      0      0      0      0 
  6212   6298   6007   6663   6556   6073   5503   6650   6687   6592   6074   5693   6612   6941   6437   6110   9628   7161   6547 
 17236  13361     51    150   6007   6073   6298   6556   6212   6663   6592   6687   6650   6612   9628   6941   7161   6437   6547   6110   5693   6074   5503  13539  26305      1      0  65535 
     0      0      0      0      0      0      0      0      0      0      0      0      0      0      0      0      0      0      0 
     0      0      0      0      0      0      0      0      0      0      0      0      0      0      0      0      0      0      0 
     0      0      0      0      0      0      0      0      0      0      0      0      0      0      0      0      0      0      0 
0 -1 -1
     0      0      0      0      0      0      0      0      0      1      0      0      0      0      1      0      0      0      0 
  6215   6301   6010   6668   6560   6077   5507   6655   6690   6597   6079   5699   6616   6945   6442   6114   9634   7164   6551 
 17236  13361     51    150   6010   6077   6301   6560   6215   6668   6597   6690   6655   6616   9634   6945   7164   6442   6551   6114   5699   6079   5507  13540  26303      1      0  65535 
     0      0      0      0      0      0      0      0      0      0      0      0      0      0      0      0      0      0      0 
     0      0      0      0      0      0      0      0      0      0      0      0      0      0      0      0      0      0      0 
     0      0      0      0      0      0      0      0      0      0      0      0      0      0      0      0      0      0      0 
0 -1 -1
     0      0      0      0      0      0      0      0      0      1      0      0      0      0      1      0      0      0      0 
  6219   6305   6014   6672   6564   6080   5510   6657   6694   6600   6082   5703   6621   6950   6445   6120   9634   7171   6556 
 17236  13361     51    150   6014   6080   6305   6564   6219   6672   6600   6694   6657   6621   9634   6950   7171   6445   6556   6120   5703   6082   5510  13542  26303      0      0  65535 
     0      0      0      0      0      0      0      0      0      0      0      0      0      0      0      0      0      0      0 
     0      0      0      0      0      0      0      0      0      0      0      0      0      0      0      0      0      0      0 
     0      0      0      0      0      0      0      0      0      0      0      0      0      0      0      0      0      0      0 
0 -1 -1
     0      0      0      0      0      0      0      0      0      1      0      0      0      0      1      0      0      0      0 
  6223   6309   6019   6676   6570   6085   5515   6662   6698   6605   6086   5705   6624   6954   6450   6124   9634   7175   6560 
 17236  13361     51    150   6019   6085   6309   6570   6223   6676   6605   6698   6662   6624   9634   6954   7175   6450   6560   6124   5705   6086   5515  13541  26304      0      0  65535 
     0      0      0      0      0      0      0      0      0      0      0      0      0      0      0      0      0      0      0 
     0      0      0      0      0      0      0      0      0      0      0      0      0      0      0      0      0      0      0 
     0      0      0      0      0      0      0      0      0      0      0      0      0      0      0      0      0      0      0 
0 -1 -1
