     0      0      0      0      0      0      0      0      0      0      0      0      0      0      0      0      6      0      0 
  3737   3872   3789   4079   4008   3711   3349   4089   4198   4130   3712   3484   4040   4424   3994   3753  10570   4569   4125 
 17236  13361     51    153   3789   3711   3872   4008   3737   4079   4130   4198   4089   4040  10570   4424   4569   3994   4125   3753   3484   3712   3349  13552  26304      0      0  65535 
     0      0      0      0      0      0      0      0      0      0      0      0      0      0      0      0      0      0      0 
     0      0      0      0      0      0      0      0      0      0      0      0      0      0      0      0      0      0      0 
     0      0      0      0      0      0      0      0      0      0      0      0      0      0      0      0      0      0      0 
0 -1 -1
     0      0      0      0      0      0      0      0      0      0      0      0      0      0      0      0      5      0      0 
  3736   3871   3790   4080   4010   3712   3348   4088   4199   4128   3714   3485   4041   4425   3993   3754  10534   4568   4128 
 17236  13361     51    153   3790   3712   3871   4010   3736   4080   4128   4199   4088   4041  10534   4425   4568   3993   4128   3754   3485   3714   3348  13552  26305      0      0  65535 
     0      0      0      0      0      0      0      0      0      0      0      0      0      0      0      0      0      0      0 
     0      0      0      0      0      0      0      0      0      0      0      0      0      0      0      0      0      0      0 
     0      0      0      0      0      0      0      0      0      0      0      0      0      0      0      0      0      0      0 
0 -1 -1
     0      0      0      0      0      0      0      0      0      0      0      0      0      0      0      0      6      0      0 
  3735   3869   3789   4078   4008   3711   3348   4090   4198   4129   3714   3483   4039   4423   3992   3754  10566   4568   4127 
 17236  13361     51    153   3789   3711   3869   4008   3735   4078   4129   4198   4090   4039  10566   4423   4568   3992   4127   3754   3483   3714   3348  13552  26305      1      0  65535 
     0      0      0      0      0      0      0      0      0      0      0      0      0      0      0      0      0      0      0 
     0      0      0      0      0      0      0      0      0      0      0      0      0      0      0      0      0      0      0 
     0      0      0      0      0      0      0      0      0      0      0      0      0      0      0      0      0      0      0 
0 -1 -1
     0      0      0      0      0      0      0      0      0      0      0      0      0      0      0      0      6      0      0 
  3735   3871   3789   4078   4009   3713   3348   4087   4197   4128   3712   3484   4039   4422   3993   3753  10552   4569   4127 
 17236  13361     51    154   3789   3713   3871   4009   3735   4078   4128   4197   4087   4039  10552   4422   4569   3993   4127   3753   3484   3712   3348  13552  26305      0      0  65535 
     0      0      0      0      0      0      0      0      0      0      0      0      0      0      0      0      0      0      0 
     0      0      0      0      0      0      0      0      0      0      0      0      0      0      0      0      0      0      0 
     0      0      0      0      0      0      0      0      0      0      0      0      0      0      0      0      0      0      0 
0 -1 -1
     0      0      0      0      0      0      0      0      0      0      0      0      0      0      0      0      4      0      0 
  3734   3871   3788   4078   4007   3710   3346   4088   4196   4129   3712   3482   4037   4423   3991   3752  10482   4568   4125 
 17236  13361     51    153   3788   3710   3871   4007   3734   4078   4129   4196   4088   4037  10482   4423   4568   3991   4125   3752   3482   3712   3346  13553  26305      0      0  65535 
     0      0      0      0      0      0      0      0      0      0      0      0      0      0      0      0      0      0      0 
     0      0      0      0      0      0      0      0      0      0      0      0      0      0      0      0      0      0      0 
     0      0      0      0      0      0      0      0      0      0      0      0      0      0      0      0      0      0      0 
0 -1 -1
     0      0      0      0      0      0      0      0      0      0      0      0      0      0      0      0      4      0      0 
  3733   3869   3787   4077   4005   3710   3347   4087   4198   4127   3712   3482   4038   4421   3991   3750  10494   4565   4123 
 17236  13361     51    153   3787   3710   3869   4005   3733   4077   4127   4198   4087   4038  10494   4421   4565   3991   4123   3750   3482   3712   3347  13552  26305      0      1  65535 
     0      0      0      0      0      0      0      0      0      0      0      0      0      0      0      0      0      0      0 
     0      0      0      0      0      0      0      0      0      0      0      0      0      0      0      0      0      0      0 
     0      0      0      0      0      0      0      0      0      0      0      0      0      0      0      0      0      0      0 
0 -1 -1
     0      0      0      0      0      0      0      0      0      0      0      0      0      0      0      0      4      0      0 
  3733   3868   3787   4077   4005   3709   3345   4086   4195   4127   3711   3481   4036   4421   3991   3751  10462   4566   4123 
 17236  13361     51    153   3787   3709   3868   4005   3733   4077   4127   4195   4086   4036  10462   4421   4566   3991   4123   3751   3481   3711   3345  13552  26305      0      0  65535 
     0      0      0      0      0      0      0      0      0      0      0      0      0      0      0      0      0      0      0 
     0      0      0      0      0      0      0      0      0      0      0      0      0      0      0      0      0      0      0 
     0      0      0      0      0      0      0      0      0      0      0      0      0      0      0      0      0      0      0 
0 -1 -1
     0      0      0      0      0      0      0      0      0      0      0      0      0      0      0      0      3      0      0 
  3732   3867   3787   4075   4005   3708   3345   4085   4196   4124   3708   3481   4036   4420   3990   3750  10436   4565   4122 
 17236  13361     51    153   3787   3708   3867   4005   3732   4075   4124   4196   4085   4036  10436   4420   4565   3990   4122   3750   3481   3708   3345  13552  26304      0      0  65535 
     0      0      0      0      0      0      0      0      0      0      0      0      0      0      0      0      0      0      0 
     0      0      0      0      0      0      0      0      0      0      0      0      0      0      0      0      0      0      0 
     0      0      0      0      0      0      0      0      0      0      0      0      0      0      0      0      0      0      0 
0 -1 -1
     0      0      0      0      0      0      0      0      0      0      0      0      0      0      0      0      3      0      0 
  3732   3865   3786   4075   4004   3708   3346   4086   4193   4125   3710   3480   4035   4418   3989   3749  10432   4564   4123 
 17236  13361     51    153   3786   3708   3865   4004   3732   4075   4125   4193   4086   4035  10432   4418   4564   3989   4123   3749   3480   3710   3346  13552  26304      0      1  65535 
     0      0      0      0      0      0      0      0      0      0      0      0      0      0      0      0      0      0      0 
     0      0      0      0      0      0      0      0      0      0      0      0      0      0      0      0      0      0      0 
     0      0      0      0      0      0      0      0      0      0      0      0      0      0      0      0      0      0      0 
0 -1 -1
     0      0      0      0      0      0      0      0      0      0      0      0      0      0      0      0      2      0      0 
  3730   3866   3784   4074   4003   3707   3345   4085   4193   4124   3708   3481   4034   4420   3988   3749  10391   4564   4121 
 17236  13361     51    153   3784   3707   3866   4003   3730   4074   4124   4193   4085   4034  10391   4420   4564   3988   4121   3749   3481   3708   3345  13552  26304      0      1  65535 
     0      0      0      0      0      0      0      0      0      0      0      0      0      0      0      0      0      0      0 
     0      0      0      0      0      0      0      0      0      0      0      0      0      0      0      0      0      0      0 
     0      0      0      0      0      0      0      0      0      0      0      0      0      0      0      0      0      0      0 
0 -1 -1
     0      0      0      0      0      0      0      0      0      0      0      0      0      0      0      0      1      0      0 
  3732   3866   3785   4073   4005   3707   3345   4084   4193   4124   3709   3481   4034   4418   3987   3749  10358   4564   4121 
 17236  13361     51    153   3785   3707   3866   4005   3732   4073   4124   4193   4084   4034  10358   4418   4564   3987   4121   3749   3481   3709   3345  13555  26305      0      0  65535 
     0      0      0      0      0      0      0      0      0      0      0      0      0      0      0      0      0      0      0 
     0      0      0      0      0      0      0      0      0      0      0      0      0      0      0      0      0      0      0 
     0      0      0      0      0      0      0      0      0      0      0      0      0      0      0      0      0      0      0 
0 -1 -1
     0      0      0      0      0      0      0      0      0      0      0      0      0      0      0      0      2      0      0 
  3731   3865   3784   4073   4002   3706   3344   4085   4193   4123   3708   3480   4033   4418   3987   3748  10385   4562   4121 
 17236  13361     51    153   3784   3706   3865   4002   3731   4073   4123   4193   4085   4033  10385   4418   4562   3987   4121   3748   3480   3708   3344  13555  26305      0      0  65535 
     0      0      0      0      0      0      0      0      0      0      0      0      0      0      0      0      0      0      0 
     0      0      0      0      0      0      0      0      0      0      0      0      0      0      0      0      0      0      0 
     0      0      0      0      0      0      0      0      0      0      0      0      0      0      0      0      0      0      0 
0 -1 -1
     0      0      0      0      0      0      0      0      0      0      0      0      0      0      0      0      2      0      0 
  3730   3864   3783   4073   4002   3706   3342   4082   4192   4123   3708   3478   4033   4417   3987   3748  10366   4561   4120 
 17236  13361     51    153   3783   3706   3864   4002   3730   4073   4123   4192   4082   4033  10366   4417   4561   3987   4120   3748   3478   3708   3342  13551  26304      0      0  65535 
     0      0      0      0      0      0      0      0      0      0      0      0      0      0      0      0      0      0      0 
     0      0      0      0      0      0      0      0      0      0      0      0      0      0      0      0      0      0      0 
     0      0      0      0      0      0      0      0      0      0      0      0      0      0      0      0      0      0      0 
0 -1 -1
     0      0      0      0      0      0      0      0      0      0      0      0      0      0      0      0      1      0      0 
  3730   3865   3784   4072   4001   3707   3344   4083   4191   4122   3706   3478   4033   4416   3985   3748  10343   4562   4119 
 17236  13361     51    153   3784   3707   3865   4001   3730   4072   4122   4191   4083   4033  10343   4416   4562   3985   4119   3748   3478   3706   3344  13552  26304      0      0  65535 
     0      0      0      0      0      0      0      0      0      0      0      0      0      0      0      0      0      0      0 
     0      0      0      0      0      0      0      0      0      0      0      0      0      0      0      0      0      0      0 
     0      0      0      0      0      0      0      0      0      0      0      0      0      0      0      0      0      0      0 
0 -1 -1
     0      0      0      0      0      0      0      0      0      0      0      0      0      0      0      0      1      0      0 
  3730   3863   3782   4072   4003   3706   3342   4082   4192   4121   3706   3479   4032   4418   3987   3746  10345   4558   4118 
 17236  13361     51    153   3782   3706   3863   4003   3730   4072   4121   4192   4082   4032  10345   4418   4558   3987   4118   3746   3479   3706   3342  13547  26305      0      0  65535 
     0      0      0      0      0      0      0      0      0      0      0      0      0      0      0      0      0      0      0 
     0      0      0      0      0      0      0      0      0      0      0      0      0      0      0      0      0      0      0 
     0      0      0      0      0      0      0      0      0      0      0      0      0      0      0      0      0      0      0 
0 -1 -1
     0      0      0      0      0      0      0      0      0      0      0      0      0      0      0      0      1      0      0 
  3730   3863   3783   4072   4002   3704   3342   4083   4192   4122   3706   3477   4029   4414   3984   3746  10332   4561   4120 
 17236  13361     51    153   3783   3704   3863   4002   3730   4072   4122   4192   4083   4029  10332   4414   4561   3984   4120   3746   3477   3706   3342  13545  26305      0      0  65535 
     0      0      0      0      0      0      0      0      0      0      0      0      0      0      0      0      0      0      0 
     0      0      0      0      0      0      0      0      0      0      0      0      0      0      0      0      0      0      0 
     0      0      0      0      0      0      0      0      0      0      0      0      0      0      0      0      0      0      0 
0 -1 -1
     0      0      0      0      0      0      0      0      0      0      0      0      0      0      0      0      1      0      0 
  3728   3862   3782   4070   4000   3703   3341   4082   4189   4120   3704   3477   4031   4415   3985   3745  10354   4560   4118 
 17236  13361     51    153   3782   3703   3862   4000   3728   4070   4120   4189   4082   4031  10354   4415   4560   3985   4118   3745   3477   3704   3341  13544  26304      0      0  65535 
     0      0      0      0      0      0      0      0      0      0      0      0      0      0      0      0      0      0      0 
     0      0      0      0      0      0      0      0      0      0      0      0      0      0      0      0      0      0      0 
     0      0      0      0      0      0      0      0      0      0      0      0      0      0      0      0      0      0      0 
0 -1 -1
     0      0      0      0      0      0      0      0      0      0      0      0      0      0      0      0      2      0      0 
  3728   3862   3781   4070   3999   3703   3340   4081   4189   4121   3704   3477   4029   4415   3983   3744  10370   4558   4117 
 17236  13361     51    153   3781   3703   3862   3999   3728   4070   4121   4189   4081   4029  10370   4415   4558   3983   4117   3744   3477   3704   3340  13547  26305      0      1  65535 
     0      0      0      0      0      0      0      0      0      0      0      0      0      0      0      0      0      0      0 
     0      0      0      0      0      0      0      0      0      0      0      0      0      0      0      0      0      0      0 
     0      0      0      0      0      0      0      0      0      0      0      0      0      0      0      0      0      0      0 
0 -1 -1
     0      0      0      0      0      0      0      0      0      0      0      0      0      0      0      0      1      0      0 
  3727   3862   3779   4069   3998   3703   3340   4080   4188   4121   3704   3476   4029   4412   3983   3745  10321   4558   4116 
 17236  13361     51    153   3779   3703   3862   3998   3727   4069   4121   4188   4080   4029  10321   4412   4558   3983   4116   3745   3476   3704   3340  13546  26303      0      1  65535 
     0      0      0      0      0      0      0      0      0      0      0      0      0      0      0      0      0      0      0 
     0      0      0      0      0      0      0      0      0      0      0      0      0      0      0      0      0      0      0 
     0      0      0      0      0      0      0      0      0      0      0      0      0      0      0      0      0      0      0 
0 -1 -1
     0      0      0      0      0      0      0      0      0      0      0      0      0      0      0      0      1      0      0 
  3724   3861   3779   4069   3997   3703   3340   4079   4190   4118   3702   3475   4029   4414   3982   3743  10323   4558   4115 
 17236  13361     51    153   3779   3703   3861   3997   3724   4069   4118   4190   4079   4029  10323   4414   4558   3982   4115   3743   3475   3702   3340  13545  26303      0      1  65535 
     0      0      0      0      0      0      0      0      0      0      0      0      0      0      0      0      0      0      0 
     0      0      0      0      0      0      0      0      0      0      0      0      0      0      0      0      0      0      0 
     0      0      0      0      0      0      0      0      0      0      0      0      0      0      0      0      0      0      0 
0 -1 -1
