    44     61     75     37     85     86     77     40     73    100     86    113     56    109    118     79      7     82     70 
 10283  10115  10993   9849   9111   9172  10300  10452   9265   9616   9523  10746   9986   9985  10076  11663  10427  11860  12668 
 17236  13361     51    149  10993   9172  10115   9111  10283   9849   9616   9265  10452   9986  10427   9985  11860  10076  12668  11663  10746   9523  10300  13540  26305      0      0  65535 
     0      0      0      0      0      0      0      0      0      0      0      0      0      0      0      0      0      0      0 
     0      0      0      0      0      0      0      0      0      0      0      0      0      0      0      0      0      0      0 
     0      0      0      0      0      0      0      0      0      0      0      0      0      0      0      0      0      0      0 
0 -1 -1
    48     67     82     42     95     96     84     43     81    112     96    123     61    121    130     85      8     89     75 
 10557  10406  11306  10087   9363   9436  10614  10700   9480   9880   9788  11063  10194  10257  10367  11992  10467  12203  13007 
 17236  13361     51    148  11306   9436  10406   9363  10557  10087   9880   9480  10700  10194  10467  10257  12203  10367  13007  11992  11063   9788  10614  13540  26305      0      0  65535 
     0      0      0      0      0      0      0      0      0      0      0      0      0      0      0      0      0      0      0 
     0      0      0      0      0      0      0      0      0      0      0      0      0      0      0      0      0      0      0 
     0      0      0      0      0      0      0      0      0      0      0      0      0      0      0      0      0      0      0 
0 -1 -1
    53     74     89     45    104    105     92     46     89    122    106    132     65    131    140     91      8     96     80 
 10823  10703  11646  10297   9591   9695  10951  10895   9671  10120  10062  11391  10355  10499  10633  12303  10497  12505  13314 
 17236  13361     51    147  11646   9695  10703   9591  10823  10297  10120   9671  10895  10355  10497  10499  12505  10633  13314  12303  11391  10062  10951  13540  26305      0      0  65535 
     0      0      0      0      0      0      0      0      0      0      0      0      0      0      0      0      0      0      0 
     0      0      0      0      0      0      0      0      0      0      0      0      0      0      0      0      0      0      0 
     0      0      0      0      0      0      0      0      0      0      0      0      0      0      0      0      0      0      0 
0 -1 -1
    56     79     95     48    111    113     97     48     94    130    113    139     68    138    148     96      9    101     83 
 11017  10930  11895  10457   9765   9898  11183  11043   9821  10307  10261  11624  10473  10685  10830  12526  10519  12736  13549 
 17236  13361     51    147  11895   9898  10930   9765  11017  10457  10307   9821  11043  10473  10519  10685  12736  10830  13549  12526  11624  10261  11183  13540  26306      0      0  65535 
     0      0      0      0      0      0      0      0      0      0      0      0      0      0      0      0      0      0      0 
     0      0      0      0      0      0      0      0      0      0      0      0      0      0      0      0      0      0      0 
     0      0      0      0      0      0      0      0      0      0      0      0      0      0      0      0      0      0      0 
0 -1 -1
    58     82     97     50    116    117    100     50     98    135    117    143     70    144    153     98      9    104     85 
 11144  11062  12021  10573   9879  10016  11290  11162   9928  10426  10377  11735  10573  10815  10960  12648  10541  12899  13691 
 17236  13361     51    147  12021  10016  11062   9879  11144  10573  10426   9928  11162  10573  10541  10815  12899  10960  13691  12648  11735  10377  11290  13542  26305      0      0  65535 
     0      0      0      0      0      0      0      0      0      0      0      0      0      0      0      0      0      0      0 
     0      0      0      0      0      0      0      0      0      0      0      0      0      0      0      0      0      0      0 
     0      0      0      0      0      0      0      0      0      0      0      0      0      0      0      0      0      0      0 
0 -1 -1
    57     82     97     50    116    118    100     50     98    136    118    143     70    144    154     98      9    105     86 
 11130  11061  12026  10564   9883  10028  11290  11140   9930  10442  10387  11749  10557  10821  10978  12668  10531  12923  13718 
 17236  13361     51    147  12026  10028  11061   9883  11130  10564  10442   9930  11140  10557  10531  10821  12923  10978  13718  12668  11749  10387  11290  13541  26305      0      0  65535 
     0      0      0      0      0      0      0      0      0      0      0      0      0      0      0      0      0      0      0 
     0      0      0      0      0      0      0      0      0      0      0      0      0      0      0      0      0      0      0 
     0      0      0      0      0      0      0      0      0      0      0      0      0      0      0      0      0      0      0 
0 -1 -1
    56     81     96     49    113    116     99     48     96    134    117    143     68    142    153     98      8    104     85 
 11030  10988  11983  10468   9821   9986  11262  11012   9862  10392  10354  11740  10464  10763  10942  12642  10498  12869  13689 
 17236  13361     51    147  11983   9986  10988   9821  11030  10468  10392   9862  11012  10464  10498  10763  12869  10942  13689  12642  11740  10354  11262  13537  26305      0      0  65535 
     0      0      0      0      0      0      0      0      0      0      0      0      0      0      0      0      0      0      0 
     0      0      0      0      0      0      0      0      0      0      0      0      0      0      0      0      0      0      0 
     0      0      0      0      0      0      0      0      0      0      0      0      0      0      0      0      0      0      0 
0 -1 -1
    54     78     94     46    109    112     96     46     92    129    112    139     65    136    147     95      8    100     83 
 10901  10871  11885  10343   9715   9885  11121  10859   9751  10279  10221  11612  10333  10624  10804  12494  10461  12702  13526 
 17236  13361     51    147  11885   9885  10871   9715  10901  10343  10279   9751  10859  10333  10461  10624  12702  10804  13526  12494  11612  10221  11121  13534  26305      0      0  65535 
     0      0      0      0      0      0      0      0      0      0      0      0      0      0      0      0      0      0      0 
     0      0      0      0      0      0      0      0      0      0      0      0      0      0      0      0      0      0      0 
     0      0      0      0      0      0      0      0      0      0      0      0      0      0      0      0      0      0      0 
0 -1 -1
    48     69     86     41     96     98     82     41     80    112     94    122     57    117    127     83      6     87     73 
 10558  10483  11472  10045   9376   9498  10547  10526   9436   9881   9728  11035  10019  10180  10299  11889  10368  12115  12881 
 17236  13361     51    148  11472   9498  10483   9376  10558  10045   9881   9436  10526  10019  10368  10180  12115  10299  12881  11889  11035   9728  10547  13533  26305      0      0  65535 
     0      0      0      0      0      0      0      0      0      0      0      0      0      0      0      0      0      0      0 
     0      0      0      0      0      0      0      0      0      0      0      0      0      0      0      0      0      0      0 
     0      0      0      0      0      0      0      0      0      0      0      0      0      0      0      0      0      0      0 
0 -1 -1
    38     52     67     31     69     70     59     31     58     80     64     92     43     84     91     62      3     64     55 
  9891   9719  10610   9481   8714   8757   9552   9900   8859   9129   8936  10003   9434   9371   9400  10801  10244  11029  11698 
 17236  13361     51    149  10610   8757   9719   8714   9891   9481   9129   8859   9900   9434  10244   9371  11029   9400  11698  10801  10003   8936   9552  13532  26305      1      0  65535 
     0      0      0      0      0      0      0      0      0      0      0      0      0      0      0      0      0      0      0 
     0      0      0      0      0      0      0      0      0      0      0      0      0      0      0      0      0      0      0 
     0      0      0      0      0      0      0      0      0      0      0      0      0      0      0      0      0      0      0 
0 -1 -1
    25     32     45     19     40     41     34     20     34     44     37     57     26     46     51     38      0     36     33 
  9080   8875   9561   8836   7981   7964   8481   9127   8224   8310   8179   8837   8704   8460   8403   9528  10074   9737  10264 
 17236  13361     51    151   9561   7964   8875   7981   9080   8836   8310   8224   9127   8704  10074   8460   9737   8403  10264   9528   8837   8179   8481  13535  26304      1      1  65535 
     0      0      0      0      0      0      0      0      0      0      0      0      0      0      0      0      0      0      0 
     0      0      0      0      0      0      0      0      0      0      0      0      0      0      0      0      0      0      0 
     0      0      0      0      0      0      0      0      0      0      0      0      0      0      0      0      0      0      0 
0 -1 -1
    13     16     24      9     18     18     14      8     14     18     15     26      9     16     19     16      0     13     13 
  8282   8173   8601   8256   7417   7352   7586   8366   7697   7687   7592   7776   8008   7759   7609   8390   9917   8667   8980 
 17236  13361     51    153   8601   7352   8173   7417   8282   8256   7687   7697   8366   8008   9917   7759   8667   7609   8980   8390   7776   7592   7586  13535  26304      1      0  65535 
     0      0      0      0      0      0      0      0      0      0      0      0      0      0      0      0      0      0      0 
     0      0      0      0      0      0      0      0      0      0      0      0      0      0      0      0      0      0      0 
     0      0      0      0      0      0      0      0      0      0      0      0      0      0      0      0      0      0      0 
0 -1 -1
     4      5      9      2      5      4      1      1      2      3      1      4      0      1      1      1      0      0      0 
  7693   7695   7878   7863   7087   6968   7018   7844   7379   7332   7201   7016   7557   7392   7152   7627   9837   8047   8129 
 17236  13361     51    154   7878   6968   7695   7087   7693   7863   7332   7379   7844   7557   9837   7392   8047   7152   8129   7627   7016   7201   7018  13540  26306      0      0  65535 
     0      0      0      0      0      0      0      0      0      0      0      0      0      0      0      0      0      0      0 
     0      0      0      0      0      0      0      0      0      0      0      0      0      0      0      0      0      0      0 
     0      0      0      0      0      0      0      0      0      0      0      0      0      0      0      0      0      0      0 
0 -1 -1
     0      0      0      0      0      0      0      0      0      0      0      0      0      0      0      0      0      0      0 
  7140   7253   7210   7482   6831   6653   6488   7343   7103   7049   6801   6329   7137   7141   6802   6951   9751   7541   7338 
 17236  13361     51    155   7210   6653   7253   6831   7140   7482   7049   7103   7343   7137   9751   7141   7541   6802   7338   6951   6329   6801   6488  13551  26305      0      0  65535 
     0      0      0      0      0      0      0      0      0      0      0      0      0      0      0      0      0      0      0 
     0      0      0      0      0      0      0      0      0      0      0      0      0      0      0      0      0      0      0 
     0      0      0      0      0      0      0      0      0      0      0      0      0      0      0      0      0      0      0 
0 -1 -1
     0      0      0      0      0      0      0      0      0      0      0      0      0      0      0      0      0      0      0 
  6455   6702   6435   6951   6618   6317   5857   6746   6809   6789   6366   5827   6674   7004   6571   6334   9659   7180   6657 
 17236  13361     51    156   6435   6317   6702   6618   6455   6951   6789   6809   6746   6674   9659   7004   7180   6571   6657   6334   5827   6366   5857  13535  26305      0      1  65535 
     0      0      0      0      0      0      0      0      0      0      0      0      0      0      0      0      0      0      0 
     0      0      0      0      0      0      0      0      0      0      0      0      0      0      0      0      0      0      0 
     0      0      0      0      0      0      0      0      0      0      0      0      0      0      0      0      0      0      0 
0 -1 -1
     0      0      0      0      0      0      0      0      0      0      0      0      0      0      0      0      0      0      0 
  6053   6241   5962   6543   6585   6158   5540   6477   6703   6713   6203   5720   6518   6995   6546   6164   9618   7138   6526 
 17236  13361     51    157   5962   6158   6241   6585   6053   6543   6713   6703   6477   6518   9618   6995   7138   6546   6526   6164   5720   6203   5540  13546  26304      0      0  65535 
     0      0      0      0      0      0      0      0      0      0      0      0      0      0      0      0      0      0      0 
     0      0      0      0      0      0      0      0      0      0      0      0      0      0      0      0      0      0      0 
     0      0      0      0      0      0      0      0      0      0      0      0      0      0      0      0      0      0      0 
0 -1 -1
     0      0      0      0      0      0      0      0      0      0      0      0      0      0      0      0      0      0      0 
  6054   6241   5959   6540   6585   6158   5536   6478   6703   6712   6202   5720   6517   6993   6543   6164   9630   7135   6526 
 17236  13361     51    157   5959   6158   6241   6585   6054   6540   6712   6703   6478   6517   9630   6993   7135   6543   6526   6164   5720   6202   5536  13546  26304      0      0  65535 
     0      0      0      0      0      0      0      0      0      0      0      0      0      0      0      0      0      0      0 
     0      0      0      0      0      0      0      0      0      0      0      0      0      0      0      0      0      0      0 
     0      0      0      0      0      0      0      0      0      0      0      0      0      0      0      0      0      0      0 
0 -1 -1
     0      0      0      0      0      0      0      0      0      0      0      0      0      0      0      0      0      0      0 
  6051   6237   5959   6538   6581   6156   5535   6475   6700   6712   6200   5719   6516   6992   6543   6162   9635   7134   6525 
 17236  13361     51    157   5959   6156   6237   6581   6051   6538   6712   6700   6475   6516   9635   6992   7134   6543   6525   6162   5719   6200   5535  13534  26304      0      0  65535 
     0      0      0      0      0      0      0      0      0      0      0      0      0      0      0      0      0      0      0 
     0      0      0      0      0      0      0      0      0      0      0      0      0      0      0      0      0      0      0 
     0      0      0      0      0      0      0      0      0      0      0      0      0      0      0      0      0      0      0 
0 -1 -1
     0      0      0      0      0      0      0      0      0      0      0      0      0      0      0      0      0      0      0 
  6051   6237   5958   6537   6581   6154   5533   6474   6698   6709   6198   5719   6515   6990   6540   6161   9631   7134   6523 
 17236  13361     51    157   5958   6154   6237   6581   6051   6537   6709   6698   6474   6515   9631   6990   7134   6540   6523   6161   5719   6198   5533  13534  26304      0      0  65535 
     0      0      0      0      0      0      0      0      0      0      0      0      0      0      0      0      0      0      0 
     0      0      0      0      0      0      0      0      0      0      0      0      0      0      0      0      0      0      0 
     0      0      0      0      0      0      0      0      0      0      0      0      0      0      0      0      0      0      0 
0 -1 -1
     0      0      0      0      0      0      0      0      0      0      0      0      0      0      0      0      0      0      0 
  6049   6235   5957   6535   6578   6151   5534   6475   6698   6709   6198   5720   6515   6990   6539   6162   9636   7133   6523 
 17236  13361     51    157   5957   6151   6235   6578   6049   6535   6709   6698   6475   6515   9636   6990   7133   6539   6523   6162   5720   6198   5534  13534  26304      0      1  65535 
     0      0      0      0      0      0      0      0      0      0      0      0      0      0      0      0      0      0      0 
     0      0      0      0      0      0      0      0      0      0      0      0      0      0      0      0      0      0      0 
     0      0      0      0      0      0      0      0      0      0      0      0      0      0      0      0      0      0      0 
0 -1 -1
     0      0      0      0      0      0      0      0      0      0      0      0      0      0      0      0      0      0      0 
  6051   6234   5957   6536   6577   6151   5533   6474   6696   6707   6195   5718   6513   6989   6539   6159   9626   7132   6523 
 17236  13361     51    157   5957   6151   6234   6577   6051   6536   6707   6696   6474   6513   9626   6989   7132   6539   6523   6159   5718   6195   5533  13537  26304      0      0  65535 
     0      0      0      0      0      0      0      0      0      0      0      0      0      0      0      0      0      0      0 
     0      0      0      0      0      0      0      0      0      0      0      0      0      0      0      0      0      0      0 
     0      0      0      0      0      0      0      0      0      0      0      0      0      0      0      0      0      0      0 
0 -1 -1
     0      0      0      0      0      0      0      0      0      0      0      0      0      0      0      0      0      0      0 
  6048   6233   5958   6534   6576   6149   5532   6473   6695   6705   6195   5718   6512   6987   6538   6160   9628   7132   6522 
 17236  13361     51    157   5958   6149   6233   6576   6048   6534   6705   6695   6473   6512   9628   6987   7132   6538   6522   6160   5718   6195   5532  13539  26304      0      0  65535 
     0      0      0      0      0      0      0      0      0      0      0      0      0      0      0      0      0      0      0 
     0      0      0      0      0      0      0      0      0      0      0      0      0      0      0      0      0      0      0 
     0      0      0      0      0      0      0      0      0      0      0      0      0      0      0      0      0      0      0 
0 -1 -1
     0      0      0      0      0      0      0      0      0      0      0      0      0      0      0      0      0      0      0 
  6048   6234   5958   6534   6575   6149   5530   6472   6694   6705   6193   5718   6511   6987   6537   6160   9628   7131   6524 
 17236  13361     51    157   5958   6149   6234   6575   6048   6534   6705   6694   6472   6511   9628   6987   7131   6537   6524   6160   5718   6193   5530  13539  26305      0      0  65535 
     0      0      0      0      0      0      0      0      0      0      0      0      0      0      0      0      0      0      0 
     0      0      0      0      0      0      0      0      0      0      0      0      0      0      0      0      0      0      0 
     0      0      0      0      0      0      0      0      0      0      0      0      0      0      0      0      0      0      0 
0 -1 -1
     0      0      0      0      0      0      0      0      0      0      0      0      0      0      0      0      0      0      0 
  6048   6234   5957   6533   6574   6147   5531   6472   6693   6703   6192   5718   6511   6985   6535   6158   9622   7130   6522 
 17236  13361     51    157   5957   6147   6234   6574   6048   6533   6703   6693   6472   6511   9622   6985   7130   6535   6522   6158   5718   6192   5531  13538  26305      0      0  65535 
     0      0      0      0      0      0      0      0      0      0      0      0      0      0      0      0      0      0      0 
     0      0      0      0      0      0      0      0      0      0      0      0      0      0      0      0      0      0      0 
     0      0      0      0      0      0      0      0      0      0      0      0      0      0      0      0      0      0      0 
0 -1 -1
     0      0      0      0      0      0      0      0      0      0      0      0      0      0      0      0      0      0      0 
  6049   6232   5956   6532   6573   6145   5530   6471   6692   6702   6191   5718   6509   6986   6535   6158   9623   7130   6521 
 17236  13361     51    157   5956   6145   6232   6573   6049   6532   6702   6692   6471   6509   9623   6986   7130   6535   6521   6158   5718   6191   5530  13538  26304      0      0  65535 
     0      0      0      0      0      0      0      0      0      0      0      0      0      0      0      0      0      0      0 
     0      0      0      0      0      0      0      0      0      0      0      0      0      0      0      0      0      0      0 
     0      0      0      0      0      0      0      0      0      0      0      0      0      0      0      0      0      0      0 
0 -1 -1
     0      0      0      0      0      0      0      0      0      0      0      0      0      0      0      0      0      0      0 
  6048   6231   5956   6530   6572   6145   5529   6471   6691   6701   6189   5717   6510   6982   6533   6156   9629   7130   6521 
 17236  13361     51    157   5956   6145   6231   6572   6048   6530   6701   6691   6471   6510   9629   6982   7130   6533   6521   6156   5717   6189   5529  13537  26304      0      0  65535 
     0      0      0      0      0      0      0      0      0      0      0      0      0      0      0      0      0      0      0 
     0      0      0      0      0      0      0      0      0      0      0      0      0      0      0      0      0      0      0 
     0      0      0      0      0      0      0      0      0      0      0      0      0      0      0      0      0      0      0 
0 -1 -1
     0      0      0      0      0      0      0      0      0      0      0      0      0      0      0      0      0      0      0 
  6047   6231   5955   6530   6570   6145   5527   6471   6690   6699   6189   5718   6508   6981   6532   6155   9626   7129   6520 
 17236  13361     51    157   5955   6145   6231   6570   6047   6530   6699   6690   6471   6508   9626   6981   7129   6532   6520   6155   5718   6189   5527  13537  26305      0      0  65535 
     0      0      0      0      0      0      0      0      0      0      0      0      0      0      0      0      0      0      0 
     0      0      0      0      0      0      0      0      0      0      0      0      0      0      0      0      0      0      0 
     0      0      0      0      0      0      0      0      0      0      0      0      0      0      0      0      0      0      0 
0 -1 -1
     0      0      0      0      0      0      0      0      0      0      0      0      0      0      0      0      0      0      0 
  6047   6230   5955   6530   6567   6145   5528   6470   6688   6698   6187   5719   6508   6980   6531   6156   9629   7126   6520 
 17236  13361     51    157   5955   6145   6230   6567   6047   6530   6698   6688   6470   6508   9629   6980   7126   6531   6520   6156   5719   6187   5528  13539  26305      0      0  65535 
     0      0      0      0      0      0      0      0      0      0      0      0      0      0      0      0      0      0      0 
     0      0      0      0      0      0      0      0      0      0      0      0      0      0      0      0      0      0      0 
     0      0      0      0      0      0      0      0      0      0      0      0      0      0      0      0      0      0      0 
0 -1 -1
     0      0      0      0      0      0      0      0      0      0      0      0      0      0      0      0      0      0      0 
  6045   6229   5954   6529   6569   6141   5528   6471   6689   6698   6187   5716   6509   6980   6531   6155   9622   7129   6520 
 17236  13361     51    157   5954   6141   6229   6569   6045   6529   6698   6689   6471   6509   9622   6980   7129   6531   6520   6155   5716   6187   5528  13538  26304      0      0  65535 
     0      0      0      0      0      0      0      0      0      0      0      0      0      0      0      0      0      0      0 
     0      0      0      0      0      0      0      0      0      0      0      0      0      0      0      0      0      0      0 
     0      0      0      0      0      0      0      0      0      0      0      0      0      0      0      0      0      0      0 
0 -1 -1
     0      0      0      0      0      0      0      0      0      0      0      0      0      0      0      0      0      0      0 
  6046   6227   5955   6529   6567   6141   5527   6470   6687   6696   6186   5716   6507   6978   6529   6156   9621   7126   6522 
 17236  13361     51    157   5955   6141   6227   6567   6046   6529   6696   6687   6470   6507   9621   6978   7126   6529   6522   6156   5716   6186   5527  13538  26304      0      0  65535 
     0      0      0      0      0      0      0      0      0      0      0      0      0      0      0      0      0      0      0 
     0      0      0      0      0      0      0      0      0      0      0      0      0      0      0      0      0      0      0 
     0      0      0      0      0      0      0      0      0      0      0      0      0      0      0      0      0      0      0 
0 -1 -1
     0      0      0      0      0      0      0      0      0      0      0      0      0      0      0      0      0      0      0 
  6045   6229   5955   6528   6567   6140   5529   6468   6685   6695   6185   5717   6507   6978   6528   6155   9630   7128   6520 
 17236  13361     51    157   5955   6140   6229   6567   6045   6528   6695   6685   6468   6507   9630   6978   7128   6528   6520   6155   5717   6185   5529  13538  26304      0      0  65535 
     0      0      0      0      0      0      0      0      0      0      0      0      0      0      0      0      0      0      0 
     0      0      0      0      0      0      0      0      0      0      0      0      0      0      0      0      0      0      0 
     0      0      0      0      0      0      0      0      0      0      0      0      0      0      0      0      0      0      0 
0 -1 -1
