    37     36     22     26     38     32     13     16     32     41     18     14     18     22     13     11     13      8      8 
  9021   8383   7462   8646   7980   7396   6453   8214   8007   8056   7080   6501   7890   7915   7248   7150  10386   8066   7539 
 17236  13361     51    150   7462   7396   8383   7980   9021   8646   8056   8007   8214   7890  10386   7915   8066   7248   7539   7150   6501   7080   6453  13537  26304      0      0  65535 
     0      0      0      0      0      0      0      0      0      0      0      0      0      0      0      0      0      0      0 
     0      0      0      0      0      0      0      0      0      0      0      0      0      0      0      0      0      0      0 
     0      0      0      0      0      0      0      0      0      0      0      0      0      0      0      0      0      0      0 
0 -1 -1
    40     38     23     26     38     33     14     14     30     39     17     14     15     18     13     11      9      8      8 
  9241   8490   7542   8635   7978   7423   6480   8122   7979   8008   7055   6502   7794   7833   7227   7127  10240   8053   7508 
 17236  13361     51    150   7542   7423   8490   7978   9241   8635   8008   7979   8122   7794  10240   7833   8053   7227   7508   7127   6502   7055   6480  13541  26304      0      0  65535 
     0      0      0      0      0      0      0      0      0      0      0      0      0      0      0      0      0      0      0 
     0      0      0      0      0      0      0      0      0      0      0      0      0      0      0      0      0      0      0 
     0      0      0      0      0      0      0      0      0      0      0      0      0      0      0      0      0      0      0 
0 -1 -1
    41     39     24     25     39     34     14     14     30     38     17     14     14     17     13     11      9      8      8 
  9323   8518   7577   8628   7985   7439   6497   8084   7974   7986   7050   6510   7763   7808   7228   7123  10212   8059   7504 
 17236  13361     51    150   7577   7439   8518   7985   9323   8628   7986   7974   8084   7763  10212   7808   8059   7228   7504   7123   6510   7050   6497  13543  26304      0      0  65535 
     0      0      0      0      0      0      0      0      0      0      0      0      0      0      0      0      0      0      0 
     0      0      0      0      0      0      0      0      0      0      0      0      0      0      0      0      0      0      0 
     0      0      0      0      0      0      0      0      0      0      0      0      0      0      0      0      0      0      0 
0 -1 -1
    41     39     24     25     38     34     14     13     30     37     17     14     14     17     12     11      8      8      7 
  9301   8499   7581   8611   7980   7443   6495   8062   7962   7971   7044   6508   7749   7801   7226   7118  10183   8060   7499 
 17236  13361     51    150   7581   7443   8499   7980   9301   8611   7971   7962   8062   7749  10183   7801   8060   7226   7499   7118   6508   7044   6495  13543  26304      0      0  65535 
     0      0      0      0      0      0      0      0      0      0      0      0      0      0      0      0      0      0      0 
     0      0      0      0      0      0      0      0      0      0      0      0      0      0      0      0      0      0      0 
     0      0      0      0      0      0      0      0      0      0      0      0      0      0      0      0      0      0      0 
0 -1 -1
    37     35     22     23     35     31     12     12     27     34     15     13     13     15     11     10      7      7      7 
  9057   8322   7482   8484   7886   7360   6431   7991   7888   7891   6991   6465   7707   7766   7199   7069  10111   8032   7457 
 17236  13361     51    149   7482   7360   8322   7886   9057   8484   7891   7888   7991   7707  10111   7766   8032   7199   7457   7069   6465   6991   6431  13543  26304      0      0  65535 
     0      0      0      0      0      0      0      0      0      0      0      0      0      0      0      0      0      0      0 
     0      0      0      0      0      0      0      0      0      0      0      0      0      0      0      0      0      0      0 
     0      0      0      0      0      0      0      0      0      0      0      0      0      0      0      0      0      0      0 
0 -1 -1
    24     22     15     15     23     20      8      9     18     24     10      9     11     12      9      8      4      6      5 
  8225   7786   7162   8059   7578   7075   6253   7791   7662   7660   6858   6349   7601   7689   7131   6947  10001   7947   7351 
 17236  13361     51    150   7162   7075   7786   7578   8225   8059   7660   7662   7791   7601  10001   7689   7947   7131   7351   6947   6349   6858   6253  13544  26304      0      0  65535 
     0      0      0      0      0      0      0      0      0      0      0      0      0      0      0      0      0      0      0 
     0      0      0      0      0      0      0      0      0      0      0      0      0      0      0      0      0      0      0 
     0      0      0      0      0      0      0      0      0      0      0      0      0      0      0      0      0      0      0 
0 -1 -1
    11     11      9      6     10      9      4      5      8     12      5      6      7      8      5      5      2      4      3 
  7402   7291   6850   7554   7250   6779   6084   7483   7389   7383   6716   6235   7434   7585   7050   6816   9900   7855   7240 
 17236  13361     51    150   6850   6779   7291   7250   7402   7554   7383   7389   7483   7434   9900   7585   7855   7050   7240   6816   6235   6716   6084  13544  26304      0      0  65535 
     0      0      0      0      0      0      0      0      0      0      0      0      0      0      0      0      0      0      0 
     0      0      0      0      0      0      0      0      0      0      0      0      0      0      0      0      0      0      0 
     0      0      0      0      0      0      0      0      0      0      0      0      0      0      0      0      0      0      0 
0 -1 -1
     7      6      5      2      4      4      2      2      3      6      2      4      3      4      3      3      1      2      2 
  7090   7079   6696   7336   7111   6646   5989   7293   7255   7233   6627   6165   7292   7500   6987   6730   9844   7782   7159 
 17236  13361     51    150   6696   6646   7079   7111   7090   7336   7233   7255   7293   7292   9844   7500   7782   6987   7159   6730   6165   6627   5989  13543  26304      0      0  65535 
     0      0      0      0      0      0      0      0      0      0      0      0      0      0      0      0      0      0      0 
     0      0      0      0      0      0      0      0      0      0      0      0      0      0      0      0      0      0      0 
     0      0      0      0      0      0      0      0      0      0      0      0      0      0      0      0      0      0      0 
0 -1 -1
     4      3      3      0      1      1      0      0      0      2      0      2      1      1      0      2      0      0      1 
  6906   6932   6587   7220   7037   6553   5910   7177   7171   7138   6557   6091   7179   7431   6920   6647   9803   7707   7086 
 17236  13361     51    151   6587   6553   6932   7037   6906   7220   7138   7171   7177   7179   9803   7431   7707   6920   7086   6647   6091   6557   5910  13542  26306      0      0  65535 
     0      0      0      0      0      0      0      0      0      0      0      0      0      0      0      0      0      0      0 
     0      0      0      0      0      0      0      0      0      0      0      0      0      0      0      0      0      0      0 
     0      0      0      0      0      0      0      0      0      0      0      0      0      0      0      0      0      0      0 
0 -1 -1
     1      0      1      0      0      0      0      0      0      0      0      0      0      0      0      0      0      0      0 
  6747   6809   6472   7146   6976   6481   5846   7091   7105   7062   6499   6013   7080   7362   6853   6539   9766   7627   7005 
 17236  13361     51    151   6472   6481   6809   6976   6747   7146   7062   7105   7091   7080   9766   7362   7627   6853   7005   6539   6013   6499   5846  13545  26305      0      0  65535 
     0      0      0      0      0      0      0      0      0      0      0      0      0      0      0      0      0      0      0 
     0      0      0      0      0      0      0      0      0      0      0      0      0      0      0      0      0      0      0 
     0      0      0      0      0      0      0      0      0      0      0      0      0      0      0      0      0      0      0 
0 -1 -1
     0      0      0      0      0      0      0      0      0      0      0      0      0      0      0      0      0      0      0 
  6644   6744   6396   7096   6937   6450   5820   7053   7074   7021   6472   5982   7018   7324   6823   6479   9745   7579   6941 
 17236  13361     51    151   6396   6450   6744   6937   6644   7096   7021   7074   7053   7018   9745   7324   7579   6823   6941   6479   5982   6472   5820  13546  26305      0      0  65535 
     0      0      0      0      0      0      0      0      0      0      0      0      0      0      0      0      0      0      0 
     0      0      0      0      0      0      0      0      0      0      0      0      0      0      0      0      0      0      0 
     0      0      0      0      0      0      0      0      0      0      0      0      0      0      0      0      0      0      0 
0 -1 -1
     0      0      0      0      0      0      0      0      0      0      0      0      0      0      0      0      0      0      0 
  6619   6735   6377   7083   6933   6446   5822   7053   7074   7016   6473   5976   7012   7321   6820   6471   9735   7573   6929 
 17236  13361     51    151   6377   6446   6735   6933   6619   7083   7016   7074   7053   7012   9735   7321   7573   6820   6929   6471   5976   6473   5822  13546  26304      0      0  65535 
     0      0      0      0      0      0      0      0      0      0      0      0      0      0      0      0      0      0      0 
     0      0      0      0      0      0      0      0      0      0      0      0      0      0      0      0      0      0      0 
     0      0      0      0      0      0      0      0      0      0      0      0      0      0      0      0      0      0      0 
0 -1 -1
     0      0      0      0      0      0      0      0      0      0      0      0      0      0      0      0      0      0      0 
  6671   6781   6422   7123   6961   6470   5852   7093   7103   7042   6503   5990   7047   7348   6843   6502   9727   7618   6971 
 17236  13361     51    151   6422   6470   6781   6961   6671   7123   7042   7103   7093   7047   9727   7348   7618   6843   6971   6502   5990   6503   5852  13546  26304      0      0  65535 
     0      0      0      0      0      0      0      0      0      0      0      0      0      0      0      0      0      0      0 
     0      0      0      0      0      0      0      0      0      0      0      0      0      0      0      0      0      0      0 
     0      0      0      0      0      0      0      0      0      0      0      0      0      0      0      0      0      0      0 
0 -1 -1
     2      2      2      0      1      0      0      0      0      0      0      0      0      1      0      1      0      1      1 
  6802   6894   6540   7223   7022   6522   5903   7172   7161   7104   6558   6024   7138   7411   6891   6587   9748   7720   7100 
 17236  13361     51    151   6540   6522   6894   7022   6802   7223   7104   7161   7172   7138   9748   7411   7720   6891   7100   6587   6024   6558   5903  13558  26304      0      0  65535 
     0      0      0      0      0      0      0      0      0      0      0      0      0      0      0      0      0      0      0 
     0      0      0      0      0      0      0      0      0      0      0      0      0      0      0      0      0      0      0 
     0      0      0      0      0      0      0      0      0      0      0      0      0      0      0      0      0      0      0 
0 -1 -1
     5      5      5      2      4      2      1      2      3      4      1      1      3      5      2      3      0      3      4 
  6972   7027   6675   7349   7110   6587   5949   7293   7253   7191   6620   6077   7299   7512   6968   6705   9806   7848   7266 
 17236  13361     51    151   6675   6587   7027   7110   6972   7349   7191   7253   7293   7299   9806   7512   7848   6968   7266   6705   6077   6620   5949  13596  26305      0      0  65535 
     0      0      0      0      0      0      0      0      0      0      0      0      0      0      0      0      0      0      0 
     0      0      0      0      0      0      0      0      0      0      0      0      0      0      0      0      0      0      0 
     0      0      0      0      0      0      0      0      0      0      0      0      0      0      0      0      0      0      0 
0 -1 -1
     7      7      6      4      7      4      2      4      7      8      4      3      8      9      5      5      3      6      5 
  7108   7120   6744   7442   7194   6647   5982   7419   7347   7278   6679   6131   7475   7609   7049   6812   9928   7958   7370 
 17236  13361     51    151   6744   6647   7120   7194   7108   7442   7278   7347   7419   7475   9928   7609   7958   7049   7370   6812   6131   6679   5982  13546  26305      0      0  65535 
     0      0      0      0      0      0      0      0      0      0      0      0      0      0      0      0      0      0      0 
     0      0      0      0      0      0      0      0      0      0      0      0      0      0      0      0      0      0      0 
     0      0      0      0      0      0      0      0      0      0      0      0      0      0      0      0      0      0      0 
0 -1 -1
     9      9      8      6     11      7      3      6     11     12      6      5     12     14     10      7     11      9      7 
  7244   7209   6804   7548   7293   6719   6029   7572   7454   7378   6753   6192   7673   7725   7152   6918  10295   8091   7493 
 17236  13361     51    150   6804   6719   7209   7293   7244   7548   7378   7454   7572   7673  10295   7725   8091   7152   7493   6918   6192   6753   6029  13546  26304      0      0  65535 
     0      0      0      0      0      0      0      0      0      0      0      0      0      0      0      0      0      0      0 
     0      0      0      0      0      0      0      0      0      0      0      0      0      0      0      0      0      0      0 
     0      0      0      0      0      0      0      0      0      0      0      0      0      0      0      0      0      0      0 
0 -1 -1
    11     11      9      8     16     11      5      9     15     17     10      7     18     20     14      9     28     12     10 
  7394   7314   6875   7679   7418   6818   6091   7765   7583   7508   6846   6270   7905   7872   7273   7032  11102   8239   7637 
 17236  13361     51    150   6875   6818   7314   7418   7394   7679   7508   7583   7765   7905  11102   7872   8239   7273   7637   7032   6270   6846   6091  13543  26304      0      0  65535 
     0      0      0      0      0      0      0      0      0      0      0      0      0      0      0      0      0      0      0 
     0      0      0      0      0      0      0      0      0      0      0      0      0      0      0      0      0      0      0 
     0      0      0      0      0      0      0      0      0      0      0      0      0      0      0      0      0      0      0 
0 -1 -1
    13     13     11     10     20     14      6     11     19     22     13      9     22     25     18     11     26     14     11 
  7518   7397   6937   7791   7523   6908   6144   7932   7685   7624   6924   6341   8062   7991   7367   7118  10982   8329   7735 
 17236  13361     51    150   6937   6908   7397   7523   7518   7791   7624   7685   7932   8062  10982   7991   8329   7367   7735   7118   6341   6924   6144  13539  26304      0      0  65535 
     0      0      0      0      0      0      0      0      0      0      0      0      0      0      0      0      0      0      0 
     0      0      0      0      0      0      0      0      0      0      0      0      0      0      0      0      0      0      0 
     0      0      0      0      0      0      0      0      0      0      0      0      0      0      0      0      0      0      0 
0 -1 -1
    16     16     12     13     25     18      7     14     24     28     16     12     26     31     22     13     28     16     13 
  7674   7501   7016   7938   7648   7013   6210   8138   7809   7760   7018   6422   8240   8135   7473   7217  11073   8428   7847 
 17236  13361     51    150   7016   7013   7501   7648   7674   7938   7760   7809   8138   8240  11073   8135   8428   7473   7847   7217   6422   7018   6210  13538  26304      0      0  65535 
     0      0      0      0      0      0      0      0      0      0      0      0      0      0      0      0      0      0      0 
     0      0      0      0      0      0      0      0      0      0      0      0      0      0      0      0      0      0      0 
     0      0      0      0      0      0      0      0      0      0      0      0      0      0      0      0      0      0      0 
0 -1 -1
    19     19     14     16     31     23      9     18     29     35     20     14     29     36     26     14     25     17     14 
  7863   7629   7108   8115   7787   7140   6289   8346   7937   7915   7114   6508   8386   8269   7571   7300  10963   8492   7935 
 17236  13361     51    150   7108   7140   7629   7787   7863   8115   7915   7937   8346   8386  10963   8269   8492   7571   7935   7300   6508   7114   6289  13536  26304      0      0  65535 
     0      0      0      0      0      0      0      0      0      0      0      0      0      0      0      0      0      0      0 
     0      0      0      0      0      0      0      0      0      0      0      0      0      0      0      0      0      0      0 
     0      0      0      0      0      0      0      0      0      0      0      0      0      0      0      0      0      0      0 
0 -1 -1
    23     23     17     20     37     29     11     21     35     42     24     17     33     42     30     16     27     19     15 
  8118   7807   7224   8340   7954   7298   6387   8579   8091   8088   7226   6600   8528   8404   7655   7382  11031   8548   8009 
 17236  13361     51    150   7224   7298   7807   7954   8118   8340   8088   8091   8579   8528  11031   8404   8548   7655   8009   7382   6600   7226   6387  13536  26305      0      0  65535 
     0      0      0      0      0      0      0      0      0      0      0      0      0      0      0      0      0      0      0 
     0      0      0      0      0      0      0      0      0      0      0      0      0      0      0      0      0      0      0 
     0      0      0      0      0      0      0      0      0      0      0      0      0      0      0      0      0      0      0 
0 -1 -1
    26     27     19     23     43     34     13     23     39     47     26     19     34     44     31     17     22     19     16 
  8352   7980   7339   8507   8083   7428   6460   8717   8196   8210   7292   6668   8590   8464   7690   7429  10831   8568   8042 
 17236  13361     51    150   7339   7428   7980   8083   8352   8507   8210   8196   8717   8590  10831   8464   8568   7690   8042   7429   6668   7292   6460  13539  26304      0      0  65535 
     0      0      0      0      0      0      0      0      0      0      0      0      0      0      0      0      0      0      0 
     0      0      0      0      0      0      0      0      0      0      0      0      0      0      0      0      0      0      0 
     0      0      0      0      0      0      0      0      0      0      0      0      0      0      0      0      0      0      0 
0 -1 -1
    27     28     20     24     44     35     14     24     39     49     27     20     34     45     31     17     21     19     16 
  8430   8050   7393   8545   8119   7472   6489   8743   8217   8241   7307   6694   8594   8466   7696   7449  10767   8579   8051 
 17236  13361     51    150   7393   7472   8050   8119   8430   8545   8241   8217   8743   8594  10767   8466   8579   7696   8051   7449   6694   7307   6489  13537  26304      0      0  65535 
     0      0      0      0      0      0      0      0      0      0      0      0      0      0      0      0      0      0      0 
     0      0      0      0      0      0      0      0      0      0      0      0      0      0      0      0      0      0      0 
     0      0      0      0      0      0      0      0      0      0      0      0      0      0      0      0      0      0      0 
0 -1 -1
    25     26     19     21     39     32     13     21     35     43     23     18     31     39     28     16     15     18     15 
  8275   7948   7339   8385   7989   7377   6443   8567   8086   8110   7216   6653   8446   8338   7609   7381  10484   8498   7972 
 17236  13361     51    150   7339   7377   7948   7989   8275   8385   8110   8086   8567   8446  10484   8338   8498   7609   7972   7381   6653   7216   6443  13537  26304      0      0  65535 
     0      0      0      0      0      0      0      0      0      0      0      0      0      0      0      0      0      0      0 
     0      0      0      0      0      0      0      0      0      0      0      0      0      0      0      0      0      0      0 
     0      0      0      0      0      0      0      0      0      0      0      0      0      0      0      0      0      0      0 
0 -1 -1
    18     19     16     14     26     22     10     14     22     29     16     15     21     26     19     12      6     13     11 
  7851   7662   7173   7985   7667   7126   6307   8096   7760   7785   7002   6524   8046   8027   7390   7193  10085   8275   7760 
 17236  13361     51    150   7173   7126   7662   7667   7851   7985   7785   7760   8096   8046  10085   8027   8275   7390   7760   7193   6524   7002   6307  13536  26304      0      0  65535 
     0      0      0      0      0      0      0      0      0      0      0      0      0      0      0      0      0      0      0 
     0      0      0      0      0      0      0      0      0      0      0      0      0      0      0      0      0      0      0 
     0      0      0      0      0      0      0      0      0      0      0      0      0      0      0      0      0      0      0 
0 -1 -1
    10     11     10      6     11     10      5      5      8     13      6      9      9     11      8      7      1      6      7 
  7328   7283   6917   7527   7293   6800   6126   7536   7389   7402   6753   6333   7531   7663   7123   6936   9877   7981   7456 
 17236  13361     51    151   6917   6800   7283   7293   7328   7527   7402   7389   7536   7531   9877   7663   7981   7123   7456   6936   6333   6753   6126  13536  26303      0      0  65535 
     0      0      0      0      0      0      0      0      0      0      0      0      0      0      0      0      0      0      0 
     0      0      0      0      0      0      0      0      0      0      0      0      0      0      0      0      0      0      0 
     0      0      0      0      0      0      0      0      0      0      0      0      0      0      0      0      0      0      0 
0 -1 -1
     5      4      5      1      3      2      2      1      1      3      0      4      2      2      1      3      0      2      3 
  6981   6995   6681   7280   7078   6590   5964   7252   7190   7173   6583   6161   7228   7452   6945   6707   9793   7772   7196 
 17236  13361     51    151   6681   6590   6995   7078   6981   7280   7173   7190   7252   7228   9793   7452   7772   6945   7196   6707   6161   6583   5964  13537  26304      0      0  65535 
     0      0      0      0      0      0      0      0      0      0      0      0      0      0      0      0      0      0      0 
     0      0      0      0      0      0      0      0      0      0      0      0      0      0      0      0      0      0      0 
     0      0      0      0      0      0      0      0      0      0      0      0      0      0      0      0      0      0      0 
0 -1 -1
     1      0      0      0      0      0      0      0      0      0      0      0      0      0      0      0      0      0      0 
  6746   6782   6464   7148   6964   6465   5848   7124   7093   7046   6474   6041   7077   7346   6839   6526   9757   7629   7012 
 17236  13361     51    151   6464   6465   6782   6964   6746   7148   7046   7093   7124   7077   9757   7346   7629   6839   7012   6526   6041   6474   5848  13537  26304      0      0  65535 
     0      0      0      0      0      0      0      0      0      0      0      0      0      0      0      0      0      0      0 
     0      0      0      0      0      0      0      0      0      0      0      0      0      0      0      0      0      0      0 
     0      0      0      0      0      0      0      0      0      0      0      0      0      0      0      0      0      0      0 
0 -1 -1
     0      0      0      0      0      0      0      0      0      0      0      0      0      0      0      0      0      0      0 
  6409   6527   6198   6910   6833   6355   5711   6855   6963   6920   6369   5909   6852   7227   6737   6363   9710   7397   6767 
 17236  13361     51    151   6198   6355   6527   6833   6409   6910   6920   6963   6855   6852   9710   7227   7397   6737   6767   6363   5909   6369   5711  13537  26304      0      0  65535 
     0      0      0      0      0      0      0      0      0      0      0      0      0      0      0      0      0      0      0 
     0      0      0      0      0      0      0      0      0      0      0      0      0      0      0      0      0      0      0 
     0      0      0      0      0      0      0      0      0      0      0      0      0      0      0      0      0      0      0 
0 -1 -1
     0      0      0      0      0      0      0      0      0      0      0      0      0      0      0      0      0      0      0 
  6349   6477   6169   6838   6818   6340   5707   6799   6943   6911   6366   5913   6813   7223   6736   6365   9687   7398   6770 
 17236  13361     51    151   6169   6340   6477   6818   6349   6838   6911   6943   6799   6813   9687   7223   7398   6736   6770   6365   5913   6366   5707  13538  26304      0      0  65535 
     0      0      0      0      0      0      0      0      0      0      0      0      0      0      0      0      0      0      0 
     0      0      0      0      0      0      0      0      0      0      0      0      0      0      0      0      0      0      0 
     0      0      0      0      0      0      0      0      0      0      0      0      0      0      0      0      0      0      0 
0 -1 -1
     0      0      0      0      0      0      0      0      0      0      0      0      0      0      0      0      0      0      0 
  6352   6479   6173   6839   6818   6340   5710   6804   6943   6911   6368   5919   6816   7223   6736   6366   9683   7400   6775 
 17236  13361     51    151   6173   6340   6479   6818   6352   6839   6911   6943   6804   6816   9683   7223   7400   6736   6775   6366   5919   6368   5710  13540  26304      1      0  65535 
     0      0      0      0      0      0      0      0      0      0      0      0      0      0      0      0      0      0      0 
     0      0      0      0      0      0      0      0      0      0      0      0      0      0      0      0      0      0      0 
     0      0      0      0      0      0      0      0      0      0      0      0      0      0      0      0      0      0      0 
0 -1 -1
     0      0      0      0      0      0      0      0      0      0      0      0      0      0      0      0      0      0      0 
  6355   6481   6175   6841   6819   6341   5711   6805   6946   6911   6368   5922   6817   7226   6738   6371   9684   7404   6778 
 17236  13361     51    151   6175   6341   6481   6819   6355   6841   6911   6946   6805   6817   9684   7226   7404   6738   6778   6371   5922   6368   5711  13541  26306      0      0  65535 
     0      0      0      0      0      0      0      0      0      0      0      0      0      0      0      0      0      0      0 
     0      0      0      0      0      0      0      0      0      0      0      0      0      0      0      0      0      0      0 
     0      0      0      0      0      0      0      0      0      0      0      0      0      0      0      0      0      0      0 
0 -1 -1
     0      0      0      0      0      0      0      0      0      0      0      0      0      0      0      0      0      0      0 
  6356   6484   6179   6845   6821   6341   5714   6808   6947   6912   6369   5924   6819   7226   6740   6372   9688   7408   6781 
 17236  13361     51    151   6179   6341   6484   6821   6356   6845   6912   6947   6808   6819   9688   7226   7408   6740   6781   6372   5924   6369   5714  13541  26305      0      0  65535 
     0      0      0      0      0      0      0      0      0      0      0      0      0      0      0      0      0      0      0 
     0      0      0      0      0      0      0      0      0      0      0      0      0      0      0      0      0      0      0 
     0      0      0      0      0      0      0      0      0      0      0      0      0      0      0      0      0      0      0 
0 -1 -1
     0      0      0      0      0      0      0      0      0      0      0      0      0      0      0      0      0      0      0 
  6360   6484   6181   6845   6819   6343   5717   6811   6945   6912   6369   5929   6822   7226   6740   6376   9680   7409   6785 
 17236  13361     51    151   6181   6343   6484   6819   6360   6845   6912   6945   6811   6822   9680   7226   7409   6740   6785   6376   5929   6369   5717  13553  26304      0      0  65535 
     0      0      0      0      0      0      0      0      0      0      0      0      0      0      0      0      0      0      0 
     0      0      0      0      0      0      0      0      0      0      0      0      0      0      0      0      0      0      0 
     0      0      0      0      0      0      0      0      0      0      0      0      0      0      0      0      0      0      0 
0 -1 -1
     0      0      0      0      0      0      0      0      0      0      0      0      0      0      0      0      0      0      0 
  6365   6488   6186   6849   6821   6344   5720   6815   6946   6913   6372   5933   6826   7230   6742   6380   9680   7413   6789 
 17236  13361     51    151   6186   6344   6488   6821   6365   6849   6913   6946   6815   6826   9680   7230   7413   6742   6789   6380   5933   6372   5720  13558  26304      0      0  65535 
     0      0      0      0      0      0      0      0      0      0      0      0      0      0      0      0      0      0      0 
     0      0      0      0      0      0      0      0      0      0      0      0      0      0      0      0      0      0      0 
     0      0      0      0      0      0      0      0      0      0      0      0      0      0      0      0      0      0      0 
0 -1 -1
     0      0      0      0      0      0      0      0      0      0      0      0      0      0      0      0      0      0      0 
  6367   6491   6189   6852   6823   6344   5722   6818   6947   6913   6372   5937   6828   7230   6744   6384   9675   7417   6794 
 17236  13361     51    151   6189   6344   6491   6823   6367   6852   6913   6947   6818   6828   9675   7230   7417   6744   6794   6384   5937   6372   5722  13542  26305      0      0  65535 
     0      0      0      0      0      0      0      0      0      0      0      0      0      0      0      0      0      0      0 
     0      0      0      0      0      0      0      0      0      0      0      0      0      0      0      0      0      0      0 
     0      0      0      0      0      0      0      0      0      0      0      0      0      0      0      0      0      0      0 
0 -1 -1
     0      0      0      0      0      0      0      0      0      0      0      0      0      0      0      0      0      0      0 
  6370   6492   6191   6856   6824   6346   5726   6819   6947   6914   6375   5942   6829   7232   6746   6388   9681   7418   6797 
 17236  13361     51    151   6191   6346   6492   6824   6370   6856   6914   6947   6819   6829   9681   7232   7418   6746   6797   6388   5942   6375   5726  13541  26304      0      0  65535 
     0      0      0      0      0      0      0      0      0      0      0      0      0      0      0      0      0      0      0 
     0      0      0      0      0      0      0      0      0      0      0      0      0      0      0      0      0      0      0 
     0      0      0      0      0      0      0      0      0      0      0      0      0      0      0      0      0      0      0 
0 -1 -1
     0      0      0      0      0      0      0      0      0      0      0      0      0      0      0      0      0      0      0 
  6374   6496   6195   6856   6825   6349   5727   6825   6950   6916   6377   5946   6832   7233   6747   6392   9689   7422   6803 
 17236  13361     51    151   6195   6349   6496   6825   6374   6856   6916   6950   6825   6832   9689   7233   7422   6747   6803   6392   5946   6377   5727  13540  26304      0      0  65535 
     0      0      0      0      0      0      0      0      0      0      0      0      0      0      0      0      0      0      0 
     0      0      0      0      0      0      0      0      0      0      0      0      0      0      0      0      0      0      0 
     0      0      0      0      0      0      0      0      0      0      0      0      0      0      0      0      0      0      0 
0 -1 -1
     0      0      0      0      0      0      0      0      0      0      0      0      0      0      0      0      0      0      0 
  6379   6500   6200   6861   6825   6351   5733   6829   6952   6917   6379   5952   6837   7234   6748   6396   9684   7427   6807 
 17236  13361     51    151   6200   6351   6500   6825   6379   6861   6917   6952   6829   6837   9684   7234   7427   6748   6807   6396   5952   6379   5733  13541  26304      0      0  65535 
     0      0      0      0      0      0      0      0      0      0      0      0      0      0      0      0      0      0      0 
     0      0      0      0      0      0      0      0      0      0      0      0      0      0      0      0      0      0      0 
     0      0      0      0      0      0      0      0      0      0      0      0      0      0      0      0      0      0      0 
0 -1 -1
     0      0      0      0      0      0      0      0      0      0      0      0      0      0      0      0      0      0      0 
  6380   6501   6202   6863   6828   6351   5736   6833   6954   6919   6381   5956   6839   7238   6752   6400   9693   7429   6811 
 17236  13361     51    151   6202   6351   6501   6828   6380   6863   6919   6954   6833   6839   9693   7238   7429   6752   6811   6400   5956   6381   5736  13542  26304      0      0  65535 
     0      0      0      0      0      0      0      0      0      0      0      0      0      0      0      0      0      0      0 
     0      0      0      0      0      0      0      0      0      0      0      0      0      0      0      0      0      0      0 
     0      0      0      0      0      0      0      0      0      0      0      0      0      0      0      0      0      0      0 
0 -1 -1
     0      0      0      0      0      0      0      0      0      0      0      0      0      0      0      0      0      0      0 
  6384   6506   6207   6866   6829   6354   5738   6835   6955   6919   6383   5959   6842   7237   6754   6404   9686   7434   6815 
 17236  13361     51    151   6207   6354   6506   6829   6384   6866   6919   6955   6835   6842   9686   7237   7434   6754   6815   6404   5959   6383   5738  13543  26304      0      0  65535 
     0      0      0      0      0      0      0      0      0      0      0      0      0      0      0      0      0      0      0 
     0      0      0      0      0      0      0      0      0      0      0      0      0      0      0      0      0      0      0 
     0      0      0      0      0      0      0      0      0      0      0      0      0      0      0      0      0      0      0 
0 -1 -1
     0      0      0      0      0      0      0      0      0      0      0      0      0      0      0      0      0      0      0 
  6389   6507   6210   6869   6832   6354   5741   6839   6955   6921   6385   5963   6845   7240   6756   6407   9680   7436   6821 
 17236  13361     51    151   6210   6354   6507   6832   6389   6869   6921   6955   6839   6845   9680   7240   7436   6756   6821   6407   5963   6385   5741  13543  26304      0      0  65535 
     0      0      0      0      0      0      0      0      0      0      0      0      0      0      0      0      0      0      0 
     0      0      0      0      0      0      0      0      0      0      0      0      0      0      0      0      0      0      0 
     0      0      0      0      0      0      0      0      0      0      0      0      0      0      0      0      0      0      0 
0 -1 -1
     0      0      0      0      0      0      0      0      0      0      0      0      0      0      0      0      0      0      0 
  6393   6510   6212   6873   6833   6355   5745   6841   6959   6923   6387   5967   6848   7242   6759   6410   9692   7440   6824 
 17236  13361     51    151   6212   6355   6510   6833   6393   6873   6923   6959   6841   6848   9692   7242   7440   6759   6824   6410   5967   6387   5745  13543  26304      1      0  65535 
     0      0      0      0      0      0      0      0      0      0      0      0      0      0      0      0      0      0      0 
     0      0      0      0      0      0      0      0      0      0      0      0      0      0      0      0      0      0      0 
     0      0      0      0      0      0      0      0      0      0      0      0      0      0      0      0      0      0      0 
0 -1 -1
     0      0      0      0      0      0      0      0      0      0      0      0      0      0      0      0      0      0      0 
  6395   6513   6215   6875   6833   6359   5748   6846   6960   6924   6389   5971   6852   7245   6761   6413   9686   7444   6827 
 17236  13361     51    151   6215   6359   6513   6833   6395   6875   6924   6960   6846   6852   9686   7245   7444   6761   6827   6413   5971   6389   5748  13544  26305      0      0  65535 
     0      0      0      0      0      0      0      0      0      0      0      0      0      0      0      0      0      0      0 
     0      0      0      0      0      0      0      0      0      0      0      0      0      0      0      0      0      0      0 
     0      0      0      0      0      0      0      0      0      0      0      0      0      0      0      0      0      0      0 
0 -1 -1
     0      0      0      0      0      0      0      0      0      0      0      0      0      0      0      0      0      0      0 
  6400   6517   6220   6878   6836   6359   5751   6850   6961   6925   6391   5977   6854   7245   6762   6419   9691   7448   6834 
 17236  13361     51    152   6220   6359   6517   6836   6400   6878   6925   6961   6850   6854   9691   7245   7448   6762   6834   6419   5977   6391   5751  13544  26305      0      0  65535 
     0      0      0      0      0      0      0      0      0      0      0      0      0      0      0      0      0      0      0 
     0      0      0      0      0      0      0      0      0      0      0      0      0      0      0      0      0      0      0 
     0      0      0      0      0      0      0      0      0      0      0      0      0      0      0      0      0      0      0 
0 -1 -1
     0      0      0      0      0      0      0      0      0      0      0      0      0      0      0      0      0      0      0 
  6403   6520   6224   6882   6839   6363   5756   6852   6964   6927   6394   5979   6857   7248   6764   6422   9692   7452   6837 
 17236  13361     51    151   6224   6363   6520   6839   6403   6882   6927   6964   6852   6857   9692   7248   7452   6764   6837   6422   5979   6394   5756  13538  26305      0      0  65535 
     0      0      0      0      0      0      0      0      0      0      0      0      0      0      0      0      0      0      0 
     0      0      0      0      0      0      0      0      0      0      0      0      0      0      0      0      0      0      0 
     0      0      0      0      0      0      0      0      0      0      0      0      0      0      0      0      0      0      0 
0 -1 -1
     0      0      0      0      0      0      0      0      0      0      0      0      0      0      0      0      0      0      0 
  6407   6524   6226   6884   6841   6364   5758   6856   6967   6927   6396   5983   6861   7249   6767   6427   9694   7456   6841 
 17236  13361     51    151   6226   6364   6524   6841   6407   6884   6927   6967   6856   6861   9694   7249   7456   6767   6841   6427   5983   6396   5758  13537  26304      0      0  65535 
     0      0      0      0      0      0      0      0      0      0      0      0      0      0      0      0      0      0      0 
     0      0      0      0      0      0      0      0      0      0      0      0      0      0      0      0      0      0      0 
     0      0      0      0      0      0      0      0      0      0      0      0      0      0      0      0      0      0      0 
0 -1 -1
     0      0      0      0      0      0      0      0      0      0      0      0      0      0      0      0      0      0      0 
  6412   6525   6230   6889   6843   6366   5762   6861   6968   6930   6398   5988   6865   7252   6770   6432   9700   7460   6846 
 17236  13361     51    151   6230   6366   6525   6843   6412   6889   6930   6968   6861   6865   9700   7252   7460   6770   6846   6432   5988   6398   5762  13539  26304      0      0  65535 
     0      0      0      0      0      0      0      0      0      0      0      0      0      0      0      0      0      0      0 
     0      0      0      0      0      0      0      0      0      0      0      0      0      0      0      0      0      0      0 
     0      0      0      0      0      0      0      0      0      0      0      0      0      0      0      0      0      0      0 
0 -1 -1
     0      0      0      0      0      0      0      0      0      0      0      0      0      0      0      0      0      0      0 
  6416   6530   6236   6892   6844   6368   5764   6864   6971   6931   6401   5992   6869   7255   6773   6435   9688   7463   6849 
 17236  13361     51    151   6236   6368   6530   6844   6416   6892   6931   6971   6864   6869   9688   7255   7463   6773   6849   6435   5992   6401   5764  13540  26306      0      0  65535 
     0      0      0      0      0      0      0      0      0      0      0      0      0      0      0      0      0      0      0 
     0      0      0      0      0      0      0      0      0      0      0      0      0      0      0      0      0      0      0 
     0      0      0      0      0      0      0      0      0      0      0      0      0      0      0      0      0      0      0 
0 -1 -1
     0      0      0      0      0      0      0      0      0      0      0      0      0      0      0      0      0      0      0 
  6419   6534   6238   6895   6847   6371   5768   6867   6973   6935   6403   5996   6870   7256   6775   6440   9691   7467   6854 
 17236  13361     51    152   6238   6371   6534   6847   6419   6895   6935   6973   6867   6870   9691   7256   7467   6775   6854   6440   5996   6403   5768  13540  26305      0      0  65535 
     0      0      0      0      0      0      0      0      0      0      0      0      0      0      0      0      0      0      0 
     0      0      0      0      0      0      0      0      0      0      0      0      0      0      0      0      0      0      0 
     0      0      0      0      0      0      0      0      0      0      0      0      0      0      0      0      0      0      0 
0 -1 -1
     0      0      0      0      0      0      0      0      0      0      0      0      0      0      0      0      0      0      0 
  6422   6537   6243   6897   6849   6373   5771   6870   6974   6936   6407   6000   6874   7260   6779   6443   9700   7471   6860 
 17236  13361     51    151   6243   6373   6537   6849   6422   6897   6936   6974   6870   6874   9700   7260   7471   6779   6860   6443   6000   6407   5771  13540  26304      0      0  65535 
     0      0      0      0      0      0      0      0      0      0      0      0      0      0      0      0      0      0      0 
     0      0      0      0      0      0      0      0      0      0      0      0      0      0      0      0      0      0      0 
     0      0      0      0      0      0      0      0      0      0      0      0      0      0      0      0      0      0      0 
0 -1 -1
     0      0      0      0      0      0      0      0      0      0      0      0      0      0      0      0      0      0      0 
  6426   6539   6245   6900   6851   6375   5774   6873   6978   6937   6408   6003   6877   7263   6780   6448   9690   7474   6861 
 17236  13361     51    151   6245   6375   6539   6851   6426   6900   6937   6978   6873   6877   9690   7263   7474   6780   6861   6448   6003   6408   5774  13540  26304      0      1  65535 
     0      0      0      0      0      0      0      0      0      0      0      0      0      0      0      0      0      0      0 
     0      0      0      0      0      0      0      0      0      0      0      0      0      0      0      0      0      0      0 
     0      0      0      0      0      0      0      0      0      0      0      0      0      0      0      0      0      0      0 
0 -1 -1
     0      0      0      0      0      0      0      0      0      0      0      0      0      0      0      0      0      0      0 
  6427   6542   6249   6905   6855   6376   5778   6878   6978   6939   6411   6008   6881   7265   6783   6450   9691   7479   6867 
 17236  13361     51    151   6249   6376   6542   6855   6427   6905   6939   6978   6878   6881   9691   7265   7479   6783   6867   6450   6008   6411   5778  13540  26306      0      0  65535 
     0      0      0      0      0      0      0      0      0      0      0      0      0      0      0      0      0      0      0 
     0      0      0      0      0      0      0      0      0      0      0      0      0      0      0      0      0      0      0 
     0      0      0      0      0      0      0      0      0      0      0      0      0      0      0      0      0      0      0 
0 -1 -1
     0      0      0      0      0      0      0      0      0      0      0      0      0      0      0      0      0      0      0 
  6432   6545   6253   6907   6857   6380   5780   6880   6981   6939   6414   6011   6882   7268   6784   6455   9693   7480   6871 
 17236  13361     51    152   6253   6380   6545   6857   6432   6907   6939   6981   6880   6882   9693   7268   7480   6784   6871   6455   6011   6414   5780  13540  26305      0      0  65535 
     0      0      0      0      0      0      0      0      0      0      0      0      0      0      0      0      0      0      0 
     0      0      0      0      0      0      0      0      0      0      0      0      0      0      0      0      0      0      0 
     0      0      0      0      0      0      0      0      0      0      0      0      0      0      0      0      0      0      0 
0 -1 -1
     0      0      0      0      0      0      0      0      0      0      0      0      0      0      0      0      0      0      0 
  6437   6550   6257   6911   6858   6382   5785   6883   6984   6943   6417   6017   6887   7269   6789   6459   9695   7485   6875 
 17236  13361     51    151   6257   6382   6550   6858   6437   6911   6943   6984   6883   6887   9695   7269   7485   6789   6875   6459   6017   6417   5785  13592  26304      0      0  65535 
     0      0      0      0      0      0      0      0      0      0      0      0      0      0      0      0      0      0      0 
     0      0      0      0      0      0      0      0      0      0      0      0      0      0      0      0      0      0      0 
     0      0      0      0      0      0      0      0      0      0      0      0      0      0      0      0      0      0      0 
0 -1 -1
     0      0      0      0      0      0      0      0      0      0      0      0      0      0      0      0      0      0      0 
  6439   6554   6262   6914   6861   6385   5790   6889   6986   6944   6421   6020   6890   7274   6792   6463   9701   7489   6880 
 17236  13361     51    152   6262   6385   6554   6861   6439   6914   6944   6986   6889   6890   9701   7274   7489   6792   6880   6463   6020   6421   5790  13540  26304      0      0  65535 
     0      0      0      0      0      0      0      0      0      0      0      0      0      0      0      0      0      0      0 
     0      0      0      0      0      0      0      0      0      0      0      0      0      0      0      0      0      0      0 
     0      0      0      0      0      0      0      0      0      0      0      0      0      0      0      0      0      0      0 
0 -1 -1
     0      0      0      0      0      0      0      0      0      0      0      0      0      0      0      0      0      0      0 
  6445   6556   6264   6917   6863   6386   5791   6890   6988   6948   6423   6022   6894   7276   6792   6465   9695   7493   6883 
 17236  13361     51    151   6264   6386   6556   6863   6445   6917   6948   6988   6890   6894   9695   7276   7493   6792   6883   6465   6022   6423   5791  13542  26305      1      1  65535 
     0      0      0      0      0      0      0      0      0      0      0      0      0      0      0      0      0      0      0 
     0      0      0      0      0      0      0      0      0      0      0      0      0      0      0      0      0      0      0 
     0      0      0      0      0      0      0      0      0      0      0      0      0      0      0      0      0      0      0 
0 -1 -1
     0      0      0      0      0      0      0      0      0      0      0      0      0      0      0      0      0      0      0 
  6447   6558   6266   6921   6866   6389   5795   6894   6991   6948   6426   6028   6895   7277   6797   6471   9684   7496   6886 
 17236  13361     51    151   6266   6389   6558   6866   6447   6921   6948   6991   6894   6895   9684   7277   7496   6797   6886   6471   6028   6426   5795  13543  26305      0      1  65535 
     0      0      0      0      0      0      0      0      0      0      0      0      0      0      0      0      0      0      0 
     0      0      0      0      0      0      0      0      0      0      0      0      0      0      0      0      0      0      0 
     0      0      0      0      0      0      0      0      0      0      0      0      0      0      0      0      0      0      0 
0 -1 -1
     0      0      0      0      0      0      0      0      0      0      0      0      0      0      0      0      0      0      0 
  6449   6562   6270   6924   6869   6392   5799   6897   6992   6951   6429   6029   6900   7280   6800   6475   9687   7499   6889 
 17236  13361     51    151   6270   6392   6562   6869   6449   6924   6951   6992   6897   6900   9687   7280   7499   6800   6889   6475   6029   6429   5799  13543  26304      0      1  65535 
     0      0      0      0      0      0      0      0      0      0      0      0      0      0      0      0      0      0      0 
     0      0      0      0      0      0      0      0      0      0      0      0      0      0      0      0      0      0      0 
     0      0      0      0      0      0      0      0      0      0      0      0      0      0      0      0      0      0      0 
0 -1 -1
     0      0      0      0      0      0      0      0      0      0      0      0      0      0      0      0      0      0      0 
  6453   6564   6273   6925   6872   6395   5801   6901   6996   6953   6433   6036   6902   7281   6803   6478   9692   7502   6894 
 17236  13361     51    151   6273   6395   6564   6872   6453   6925   6953   6996   6901   6902   9692   7281   7502   6803   6894   6478   6036   6433   5801  13544  26305      0      1  65535 
     0      0      0      0      0      0      0      0      0      0      0      0      0      0      0      0      0      0      0 
     0      0      0      0      0      0      0      0      0      0      0      0      0      0      0      0      0      0      0 
     0      0      0      0      0      0      0      0      0      0      0      0      0      0      0      0      0      0      0 
0 -1 -1
     0      0      0      0      0      0      0      0      0      0      0      0      0      0      0      0      0      0      0 
  6455   6569   6275   6929   6873   6399   5805   6903   6998   6956   6434   6037   6904   7287   6805   6480   9699   7506   6896 
 17236  13361     51    151   6275   6399   6569   6873   6455   6929   6956   6998   6903   6904   9699   7287   7506   6805   6896   6480   6037   6434   5805  13544  26305      0      0  65535 
     0      0      0      0      0      0      0      0      0      0      0      0      0      0      0      0      0      0      0 
     0      0      0      0      0      0      0      0      0      0      0      0      0      0      0      0      0      0      0 
     0      0      0      0      0      0      0      0      0      0      0      0      0      0      0      0      0      0      0 
0 -1 -1
     0      0      0      0      0      0      0      0      0      0      0      0      0      0      0      0      0      0      0 
  6459   6572   6278   6932   6876   6401   5807   6907   7002   6958   6436   6041   6908   7289   6809   6485   9691   7509   6900 
 17236  13361     51    151   6278   6401   6572   6876   6459   6932   6958   7002   6907   6908   9691   7289   7509   6809   6900   6485   6041   6436   5807  13543  26304      0      0  65535 
     0      0      0      0      0      0      0      0      0      0      0      0      0      0      0      0      0      0      0 
     0      0      0      0      0      0      0      0      0      0      0      0      0      0      0      0      0      0      0 
     0      0      0      0      0      0      0      0      0      0      0      0      0      0      0      0      0      0      0 
0 -1 -1
     0      0      0      0      0      0      0      0      0      0      0      0      0      0      0      0      0      0      0 
  6461   6576   6283   6935   6881   6404   5810   6909   7002   6962   6441   6044   6911   7291   6812   6489   9704   7514   6904 
 17236  13361     51    152   6283   6404   6576   6881   6461   6935   6962   7002   6909   6911   9704   7291   7514   6812   6904   6489   6044   6441   5810  13542  26305      0      0  65535 
     0      0      0      0      0      0      0      0      0      0      0      0      0      0      0      0      0      0      0 
     0      0      0      0      0      0      0      0      0      0      0      0      0      0      0      0      0      0      0 
     0      0      0      0      0      0      0      0      0      0      0      0      0      0      0      0      0      0      0 
0 -1 -1
     0      0      0      0      0      0      0      0      0      0      0      1      0      0      0      0      0      0      0 
  6465   6577   6287   6940   6883   6406   5814   6913   7008   6964   6444   6049   6913   7295   6817   6493   9697   7517   6910 
 17236  13361     51    151   6287   6406   6577   6883   6465   6940   6964   7008   6913   6913   9697   7295   7517   6817   6910   6493   6049   6444   5814  13544  26304      0      0  65535 
     0      0      0      0      0      0      0      0      0      0      0      0      0      0      0      0      0      0      0 
     0      0      0      0      0      0      0      0      0      0      0      0      0      0      0      0      0      0      0 
     0      0      0      0      0      0      0      0      0      0      0      0      0      0      0      0      0      0      0 
0 -1 -1
     0      0      0      0      0      0      0      0      0      0      0      1      0      0      0      0      0      0      0 
  6467   6582   6289   6942   6886   6409   5818   6916   7009   6966   6447   6052   6918   7298   6820   6496   9700   7522   6911 
 17236  13361     51    151   6289   6409   6582   6886   6467   6942   6966   7009   6916   6918   9700   7298   7522   6820   6911   6496   6052   6447   5818  13543  26304      0      0  65535 
     0      0      0      0      0      0      0      0      0      0      0      0      0      0      0      0      0      0      0 
     0      0      0      0      0      0      0      0      0      0      0      0      0      0      0      0      0      0      0 
     0      0      0      0      0      0      0      0      0      0      0      0      0      0      0      0      0      0      0 
0 -1 -1
