    35     71     86     46    131    175    139     39    135    215    255    205     95    235    255    194     15    194    188 
  6567   7576   8471   7185   7735   8912   9871   7298   8208   9571  11339  10960   8626  10595  12323  14432  10102  14266  17225 
 17236  13361     51    143   8471   8912   7576   7735   6567   7185   9571   8208   7298   8626  10102  10595  14266  12323  17225  14432  10960  11339   9871  13550  26305      0      0  65535 
     0      0      0      0      0      0      0      0      0      0      0      0      0      0      0      0      0      0      0 
     0      0      0      0      0      0      0      0      0      0      0      0      0      0      0      0      0      0      0 
     0      0      0      0      0      0      0      0      0      0      0      0      0      0      0      0      0      0      0 
0 -1 -1
    32     66     82     42    122    169    136     37    129    209    255    207     92    233    255    201     14    200    198 
  6350   7335   8271   6958   7504   8745   9754   7109   8031   9452  11324  11053   8499  10546  12448  14798  10058  14550  17870 
 17236  13361     51    142   8271   8745   7335   7504   6350   6958   9452   8031   7109   8499  10058  10546  14550  12448  17870  14798  11053  11324   9754  13550  26304      0      0  65535 
     0      0      0      0      0      0      0      0      0      0      0      0      0      0      0      0      0      0      0 
     0      0      0      0      0      0      0      0      0      0      0      0      0      0      0      0      0      0      0 
     0      0      0      0      0      0      0      0      0      0      0      0      0      0      0      0      0      0      0 
0 -1 -1
    29     60     75     39    113    157    126     35    121    197    247    194     88    223    255    193     12    195    193 
  6200   7106   7955   6797   7267   8422   9321   6977   7838   9166  10900  10610   8341  10310  12106  14376   9975  14306  17546 
 17236  13361     51    143   7955   8422   7106   7267   6200   6797   9166   7838   6977   8341   9975  10310  14306  12106  17546  14376  10610  10900   9321  13549  26303      0      0  65535 
     0      0      0      0      0      0      0      0      0      0      0      0      0      0      0      0      0      0      0 
     0      0      0      0      0      0      0      0      0      0      0      0      0      0      0      0      0      0      0 
     0      0      0      0      0      0      0      0      0      0      0      0      0      0      0      0      0      0      0 
0 -1 -1
    27     56     68     37    103    142    111     32    111    177    218    168     81    201    255    169     10    174    170 
  6085   6904   7641   6652   7021   8022   8687   6821   7565   8696  10104   9718   8029   9773  11222  13156   9868  13337  16079 
 17236  13361     51    144   7641   8022   6904   7021   6085   6652   8696   7565   6821   8029   9868   9773  13337  11222  16079  13156   9718  10104   8687  13549  26305      0      0  65535 
     0      0      0      0      0      0      0      0      0      0      0      0      0      0      0      0      0      0      0 
     0      0      0      0      0      0      0      0      0      0      0      0      0      0      0      0      0      0      0 
     0      0      0      0      0      0      0      0      0      0      0      0      0      0      0      0      0      0      0 
0 -1 -1
    25     50     59     33     89    119     89     29     95    144    171    128     68    162    208    130      7    135    130 
  5945   6636   7194   6455   6663   7409   7740   6587   7135   7934   8837   8354   7501   8844   9709  11103   9739  11570  13463 
 17236  13361     51    146   7194   7409   6636   6663   5945   6455   7934   7135   6587   7501   9739   8844  11570   9709  13463  11103   8354   8837   7740  13549  26304      0      0  65535 
     0      0      0      0      0      0      0      0      0      0      0      0      0      0      0      0      0      0      0 
     0      0      0      0      0      0      0      0      0      0      0      0      0      0      0      0      0      0      0 
     0      0      0      0      0      0      0      0      0      0      0      0      0      0      0      0      0      0      0 
0 -1 -1
    19     35     40     23     57     74     52     20     59     85     94     69     42     91    111     70      2     73     69 
  5533   5989   6307   5903   5850   6214   6122   5985   6202   6535   6724   6368   6416   7141   7276   7971   9518   8711   9523 
 17236  13361     51    148   6307   6214   5989   5850   5533   5903   6535   6202   5985   6416   9518   7141   8711   7276   9523   7971   6368   6724   6122  13553  26304      0      0  65535 
     0      0      0      0      0      0      0      0      0      0      0      0      0      0      0      0      0      0      0 
     0      0      0      0      0      0      0      0      0      0      0      0      0      0      0      0      0      0      0 
     0      0      0      0      0      0      0      0      0      0      0      0      0      0      0      0      0      0      0 
0 -1 -1
    12     19     22     12     26     33     22     11     27     34     36     28     20     34     40     27      0     29     27 
  5063   5304   5454   5294   5069   5107   4860   5374   5341   5363   5164   4975   5470   5797   5501   5742   9361   6657   6754 
 17236  13361     51    150   5454   5107   5304   5069   5063   5294   5363   5341   5374   5470   9361   5797   6657   5501   6754   5742   4975   5164   4860  13552  26304      0      0  65535 
     0      0      0      0      0      0      0      0      0      0      0      0      0      0      0      0      0      0      0 
     0      0      0      0      0      0      0      0      0      0      0      0      0      0      0      0      0      0      0 
     0      0      0      0      0      0      0      0      0      0      0      0      0      0      0      0      0      0      0 
0 -1 -1
     5      6      7      4      4      6      4      4      5      4      5      6      5      3      5      5      4      6      6 
  4610   4724   4767   4799   4519   4365   4093   4891   4755   4660   4326   4228   4853   5057   4627   4636   9593   5598   5382 
 17236  13361     51    152   4767   4365   4724   4519   4610   4799   4660   4755   4891   4853   9593   5057   5598   4627   5382   4636   4228   4326   4093  13552  26305      1      0  65535 
     0      0      0      0      0      0      0      0      0      0      0      0      0      0      0      0      0      0      0 
     0      0      0      0      0      0      0      0      0      0      0      0      0      0      0      0      0      0      0 
     0      0      0      0      0      0      0      0      0      0      0      0      0      0      0      0      0      0      0 
0 -1 -1
     0      0      0      0      0      0      0      0      0      0      0      0      0      0      0      0      5      0      0 
  4295   4403   4382   4527   4302   4069   3787   4598   4519   4410   4052   3931   4543   4791   4346   4236   9659   5164   4831 
 17236  13361     51    153   4382   4069   4403   4302   4295   4527   4410   4519   4598   4543   9659   4791   5164   4346   4831   4236   3931   4052   3787  13551  26305      0      0  65535 
     0      0      0      0      0      0      0      0      0      0      0      0      0      0      0      0      0      0      0 
     0      0      0      0      0      0      0      0      0      0      0      0      0      0      0      0      0      0      0 
     0      0      0      0      0      0      0      0      0      0      0      0      0      0      0      0      0      0      0 
0 -1 -1
     0      0      0      0      0      0      0      0      0      0      0      0      0      0      0      0     12      0      0 
  4067   4215   4153   4382   4239   3984   3641   4399   4434   4352   3976   3788   4385   4699   4269   4081   9972   4979   4563 
 17236  13361     51    153   4153   3984   4215   4239   4067   4382   4352   4434   4399   4385   9972   4699   4979   4269   4563   4081   3788   3976   3641  13551  26304      0      0  65535 
     0      0      0      0      0      0      0      0      0      0      0      0      0      0      0      0      0      0      0 
     0      0      0      0      0      0      0      0      0      0      0      0      0      0      0      0      0      0      0 
     0      0      0      0      0      0      0      0      0      0      0      0      0      0      0      0      0      0      0 
0 -1 -1
     0      0      0      0      0      0      0      0      0      0      0      0      0      0      0      0     17      0      0 
  3891   4053   3976   4247   4194   3924   3534   4241   4373   4318   3927   3692   4249   4646   4235   4018  10214   4857   4399 
 17236  13361     51    154   3976   3924   4053   4194   3891   4247   4318   4373   4241   4249  10214   4646   4857   4235   4399   4018   3692   3927   3534  13551  26304      0      1  65535 
     0      0      0      0      0      0      0      0      0      0      0      0      0      0      0      0      0      0      0 
     0      0      0      0      0      0      0      0      0      0      0      0      0      0      0      0      0      0      0 
     0      0      0      0      0      0      0      0      0      0      0      0      0      0      0      0      0      0      0 
0 -1 -1
     0      0      0      0      0      0      0      0      0      0      0      0      0      0      0      0     20      0      0 
  3852   3988   3907   4206   4143   3850   3469   4210   4321   4272   3851   3623   4177   4565   4148   3929  10320   4747   4289 
 17236  13361     51    154   3907   3850   3988   4143   3852   4206   4272   4321   4210   4177  10320   4565   4747   4148   4289   3929   3623   3851   3469  13551  26304      0      0  65535 
     0      0      0      0      0      0      0      0      0      0      0      0      0      0      0      0      0      0      0 
     0      0      0      0      0      0      0      0      0      0      0      0      0      0      0      0      0      0      0 
     0      0      0      0      0      0      0      0      0      0      0      0      0      0      0      0      0      0      0 
0 -1 -1
     0      0      0      0      0      0      0      0      0      0      0      0      0      0      0      0     21      0      0 
  3852   3993   3903   4201   4142   3839   3466   4208   4327   4266   3850   3609   4166   4562   4132   3888  10361   4709   4259 
 17236  13361     51    154   3903   3839   3993   4142   3852   4201   4266   4327   4208   4166  10361   4562   4709   4132   4259   3888   3609   3850   3466  13551  26305      0      0  65535 
     0      0      0      0      0      0      0      0      0      0      0      0      0      0      0      0      0      0      0 
     0      0      0      0      0      0      0      0      0      0      0      0      0      0      0      0      0      0      0 
     0      0      0      0      0      0      0      0      0      0      0      0      0      0      0      0      0      0      0 
0 -1 -1
     0      0      0      0      0      0      0      0      0      0      0      0      0      0      0      0     21      0      0 
  3852   3993   3901   4203   4140   3840   3465   4208   4326   4265   3848   3607   4165   4560   4132   3886  10365   4709   4258 
 17236  13361     51    154   3901   3840   3993   4140   3852   4203   4265   4326   4208   4165  10365   4560   4709   4132   4258   3886   3607   3848   3465  13552  26304      0      0  65535 
     0      0      0      0      0      0      0      0      0      0      0      0      0      0      0      0      0      0      0 
     0      0      0      0      0      0      0      0      0      0      0      0      0      0      0      0      0      0      0 
     0      0      0      0      0      0      0      0      0      0      0      0      0      0      0      0      0      0      0 
0 -1 -1
     0      0      0      0      0      0      0      0      0      0      0      0      0      0      0      0     20      0      0 
  3851   3991   3902   4200   4140   3839   3464   4207   4325   4263   3847   3606   4163   4558   4130   3886  10340   4707   4258 
 17236  13361     51    154   3902   3839   3991   4140   3851   4200   4263   4325   4207   4163  10340   4558   4707   4130   4258   3886   3606   3847   3464  13557  26305      0      0  65535 
     0      0      0      0      0      0      0      0      0      0      0      0      0      0      0      0      0      0      0 
     0      0      0      0      0      0      0      0      0      0      0      0      0      0      0      0      0      0      0 
     0      0      0      0      0      0      0      0      0      0      0      0      0      0      0      0      0      0      0 
0 -1 -1
     0      0      0      0      0      0      0      0      0      0      0      0      0      0      0      0     20      0      0 
  3850   3990   3902   4200   4138   3840   3464   4207   4326   4262   3847   3604   4164   4557   4131   3886  10316   4707   4256 
 17236  13361     51    154   3902   3840   3990   4138   3850   4200   4262   4326   4207   4164  10316   4557   4707   4131   4256   3886   3604   3847   3464  13570  26304      0      0  65535 
     0      0      0      0      0      0      0      0      0      0      0      0      0      0      0      0      0      0      0 
     0      0      0      0      0      0      0      0      0      0      0      0      0      0      0      0      0      0      0 
     0      0      0      0      0      0      0      0      0      0      0      0      0      0      0      0      0      0      0 
0 -1 -1
     0      0      0      0      0      0      0      0      0      0      0      0      0      0      0      0     20      0      0 
  3850   3989   3900   4200   4138   3839   3463   4207   4324   4262   3845   3606   4164   4557   4129   3884  10321   4706   4255 
 17236  13361     51    154   3900   3839   3989   4138   3850   4200   4262   4324   4207   4164  10321   4557   4706   4129   4255   3884   3606   3845   3463  13558  26304      0      0  65535 
     0      0      0      0      0      0      0      0      0      0      0      0      0      0      0      0      0      0      0 
     0      0      0      0      0      0      0      0      0      0      0      0      0      0      0      0      0      0      0 
     0      0      0      0      0      0      0      0      0      0      0      0      0      0      0      0      0      0      0 
0 -1 -1
     0      0      0      0      0      0      0      0      0      0      0      0      0      0      0      0     20      0      0 
  3847   3988   3901   4200   4137   3837   3464   4206   4323   4260   3845   3605   4162   4555   4130   3884  10318   4705   4254 
 17236  13361     51    154   3901   3837   3988   4137   3847   4200   4260   4323   4206   4162  10318   4555   4705   4130   4254   3884   3605   3845   3464  13552  26304      0      0  65535 
     0      0      0      0      0      0      0      0      0      0      0      0      0      0      0      0      0      0      0 
     0      0      0      0      0      0      0      0      0      0      0      0      0      0      0      0      0      0      0 
     0      0      0      0      0      0      0      0      0      0      0      0      0      0      0      0      0      0      0 
0 -1 -1
     0      0      0      0      0      0      0      0      0      0      0      0      0      0      0      0     19      0      0 
  3848   3990   3900   4199   4137   3837   3462   4205   4323   4261   3844   3603   4161   4554   4129   3882  10301   4703   4255 
 17236  13361     51    154   3900   3837   3990   4137   3848   4199   4261   4323   4205   4161  10301   4554   4703   4129   4255   3882   3603   3844   3462  13551  26304      0      0  65535 
     0      0      0      0      0      0      0      0      0      0      0      0      0      0      0      0      0      0      0 
     0      0      0      0      0      0      0      0      0      0      0      0      0      0      0      0      0      0      0 
     0      0      0      0      0      0      0      0      0      0      0      0      0      0      0      0      0      0      0 
0 -1 -1
     0      0      0      0      0      0      0      0      0      0      0      0      0      0      0      0     19      0      0 
  3849   3988   3898   4198   4136   3835   3461   4204   4321   4260   3844   3602   4161   4555   4127   3881  10286   4702   4255 
 17236  13361     51    154   3898   3835   3988   4136   3849   4198   4260   4321   4204   4161  10286   4555   4702   4127   4255   3881   3602   3844   3461  13551  26304      0      0  65535 
     0      0      0      0      0      0      0      0      0      0      0      0      0      0      0      0      0      0      0 
     0      0      0      0      0      0      0      0      0      0      0      0      0      0      0      0      0      0      0 
     0      0      0      0      0      0      0      0      0      0      0      0      0      0      0      0      0      0      0 
0 -1 -1
     0      0      0      0      0      0      0      0      0      0      0      0      0      0      0      0     21      0      0 
  3846   3986   3898   4197   4135   3835   3461   4204   4321   4258   3842   3602   4161   4553   4127   3880  10359   4702   4253 
 17236  13361     51    154   3898   3835   3986   4135   3846   4197   4258   4321   4204   4161  10359   4553   4702   4127   4253   3880   3602   3842   3461  13547  26304      0      0  65535 
     0      0      0      0      0      0      0      0      0      0      0      0      0      0      0      0      0      0      0 
     0      0      0      0      0      0      0      0      0      0      0      0      0      0      0      0      0      0      0 
     0      0      0      0      0      0      0      0      0      0      0      0      0      0      0      0      0      0      0 
0 -1 -1
     0      0      0      0      0      0      0      0      0      0      0      0      0      0      0      0     20      0      0 
  3846   3987   3897   4197   4133   3835   3461   4205   4321   4258   3842   3601   4160   4554   4125   3880  10321   4701   4253 
 17236  13361     51    154   3897   3835   3987   4133   3846   4197   4258   4321   4205   4160  10321   4554   4701   4125   4253   3880   3601   3842   3461  13546  26304      0      0  65535 
     0      0      0      0      0      0      0      0      0      0      0      0      0      0      0      0      0      0      0 
     0      0      0      0      0      0      0      0      0      0      0      0      0      0      0      0      0      0      0 
     0      0      0      0      0      0      0      0      0      0      0      0      0      0      0      0      0      0      0 
0 -1 -1
     0      0      0      0      0      0      0      0      0      0      0      0      0      0      0      0     19      0      0 
  3846   3986   3896   4196   4132   3835   3459   4203   4319   4257   3840   3601   4160   4553   4125   3880  10266   4699   4252 
 17236  13361     51    153   3896   3835   3986   4132   3846   4196   4257   4319   4203   4160  10266   4553   4699   4125   4252   3880   3601   3840   3459  13549  26304      0      0  65535 
     0      0      0      0      0      0      0      0      0      0      0      0      0      0      0      0      0      0      0 
     0      0      0      0      0      0      0      0      0      0      0      0      0      0      0      0      0      0      0 
     0      0      0      0      0      0      0      0      0      0      0      0      0      0      0      0      0      0      0 
0 -1 -1
     0      0      0      0      0      0      0      0      0      0      0      0      0      0      0      0     19      0      0 
  3846   3986   3897   4195   4133   3833   3459   4203   4319   4257   3841   3601   4159   4552   4124   3879  10267   4699   4251 
 17236  13361     51    154   3897   3833   3986   4133   3846   4195   4257   4319   4203   4159  10267   4552   4699   4124   4251   3879   3601   3841   3459  13559  26304      0      0  65535 
     0      0      0      0      0      0      0      0      0      0      0      0      0      0      0      0      0      0      0 
     0      0      0      0      0      0      0      0      0      0      0      0      0      0      0      0      0      0      0 
     0      0      0      0      0      0      0      0      0      0      0      0      0      0      0      0      0      0      0 
0 -1 -1
     0      0      0      0      0      0      0      0      0      0      0      0      0      0      0      0     18      0      0 
  3847   3984   3895   4195   4133   3833   3458   4202   4319   4257   3840   3601   4158   4552   4125   3878  10234   4699   4250 
 17236  13361     51    154   3895   3833   3984   4133   3847   4195   4257   4319   4202   4158  10234   4552   4699   4125   4250   3878   3601   3840   3458  13548  26304      0      0  65535 
     0      0      0      0      0      0      0      0      0      0      0      0      0      0      0      0      0      0      0 
     0      0      0      0      0      0      0      0      0      0      0      0      0      0      0      0      0      0      0 
     0      0      0      0      0      0      0      0      0      0      0      0      0      0      0      0      0      0      0 
0 -1 -1
     0      0      0      0      0      0      0      0      0      0      0      0      0      0      0      0     18      0      0 
  3846   3985   3895   4195   4131   3834   3457   4203   4319   4256   3838   3600   4157   4551   4122   3878  10230   4700   4250 
 17236  13361     51    154   3895   3834   3985   4131   3846   4195   4256   4319   4203   4157  10230   4551   4700   4122   4250   3878   3600   3838   3457  13562  26304      0      0  65535 
     0      0      0      0      0      0      0      0      0      0      0      0      0      0      0      0      0      0      0 
     0      0      0      0      0      0      0      0      0      0      0      0      0      0      0      0      0      0      0 
     0      0      0      0      0      0      0      0      0      0      0      0      0      0      0      0      0      0      0 
0 -1 -1
     0      0      0      0      0      0      0      0      0      0      0      0      0      0      0      0     18      0      0 
  3845   3984   3895   4195   4130   3833   3458   4201   4317   4256   3839   3598   4158   4549   4122   3878  10245   4699   4250 
 17236  13361     51    154   3895   3833   3984   4130   3845   4195   4256   4317   4201   4158  10245   4549   4699   4122   4250   3878   3598   3839   3458  13571  26306      0      0  65535 
     0      0      0      0      0      0      0      0      0      0      0      0      0      0      0      0      0      0      0 
     0      0      0      0      0      0      0      0      0      0      0      0      0      0      0      0      0      0      0 
     0      0      0      0      0      0      0      0      0      0      0      0      0      0      0      0      0      0      0 
0 -1 -1
     0      0      0      0      0      0      0      0      0      0      0      0      0      0      0      0     18      0      0 
  3846   3983   3894   4193   4129   3832   3457   4200   4317   4254   3837   3598   4156   4548   4121   3875  10230   4697   4249 
 17236  13361     51    154   3894   3832   3983   4129   3846   4193   4254   4317   4200   4156  10230   4548   4697   4121   4249   3875   3598   3837   3457  13556  26304      0      0  65535 
     0      0      0      0      0      0      0      0      0      0      0      0      0      0      0      0      0      0      0 
     0      0      0      0      0      0      0      0      0      0      0      0      0      0      0      0      0      0      0 
     0      0      0      0      0      0      0      0      0      0      0      0      0      0      0      0      0      0      0 
0 -1 -1
     0      0      0      0      0      0      0      0      0      0      0      0      0      0      0      0     18      0      0 
  3843   3982   3893   4193   4130   3831   3457   4201   4318   4254   3837   3598   4156   4548   4122   3875  10221   4696   4249 
 17236  13361     51    154   3893   3831   3982   4130   3843   4193   4254   4318   4201   4156  10221   4548   4696   4122   4249   3875   3598   3837   3457  13548  26304      0      0  65535 
     0      0      0      0      0      0      0      0      0      0      0      0      0      0      0      0      0      0      0 
     0      0      0      0      0      0      0      0      0      0      0      0      0      0      0      0      0      0      0 
     0      0      0      0      0      0      0      0      0      0      0      0      0      0      0      0      0      0      0 
0 -1 -1
