     7      8     11      6      8      8      9      6      9      8      7      9      9      8      8      6      0      7      5 
  4759   4907   5118   5009   4639   4429   4572   5212   4918   4747   4481   4564   5063   5106   4658   4755   9373   5572   5230 
 17236  13361     51    151   5118   4429   4907   4639   4759   5009   4747   4918   5212   5063   9373   5106   5572   4658   5230   4755   4564   4481   4572  13535  26304      0      0  65535 
     0      0      0      0      0      0      0      0      0      0      0      0      0      0      0      0      0      0      0 
     0      0      0      0      0      0      0      0      0      0      0      0      0      0      0      0      0      0      0 
     0      0      0      0      0      0      0      0      0      0      0      0      0      0      0      0      0      0      0 
0 -1 -1
     7      9     12      6      9      9     10      7     10      9      8     10     10      9      9      7      0      8      6 
  4800   4940   5157   5042   4665   4450   4606   5246   4945   4774   4509   4587   5096   5127   4682   4784   9406   5598   5258 
 17236  13361     51    151   5157   4450   4940   4665   4800   5042   4774   4945   5246   5096   9406   5127   5598   4682   5258   4784   4587   4509   4606  13534  26304      0      0  65535 
     0      0      0      0      0      0      0      0      0      0      0      0      0      0      0      0      0      0      0 
     0      0      0      0      0      0      0      0      0      0      0      0      0      0      0      0      0      0      0 
     0      0      0      0      0      0      0      0      0      0      0      0      0      0      0      0      0      0      0 
0 -1 -1
     8     10     13      7     10     10     11      7     11     11      9     11     11     10     10      8      0      9      6 
  4847   4979   5208   5081   4696   4484   4644   5286   4974   4809   4537   4613   5137   5154   4709   4820   9436   5630   5292 
 17236  13361     51    151   5208   4484   4979   4696   4847   5081   4809   4974   5286   5137   9436   5154   5630   4709   5292   4820   4613   4537   4644  13534  26304      0      1  65535 
     0      0      0      0      0      0      0      0      0      0      0      0      0      0      0      0      0      0      0 
     0      0      0      0      0      0      0      0      0      0      0      0      0      0      0      0      0      0      0 
     0      0      0      0      0      0      0      0      0      0      0      0      0      0      0      0      0      0      0 
0 -1 -1
     7      8     11      5      7      8      8      6      8      8      7      9      9      7      7      6      0      7      5 
  4762   4902   5139   5002   4633   4428   4551   5200   4903   4741   4457   4545   5066   5087   4640   4746   9354   5554   5218 
 17236  13361     51    151   5139   4428   4902   4633   4762   5002   4741   4903   5200   5066   9354   5087   5554   4640   5218   4746   4545   4457   4551  13534  26304      0      0  65535 
     0      0      0      0      0      0      0      0      0      0      0      0      0      0      0      0      0      0      0 
     0      0      0      0      0      0      0      0      0      0      0      0      0      0      0      0      0      0      0 
     0      0      0      0      0      0      0      0      0      0      0      0      0      0      0      0      0      0      0 
0 -1 -1
     4      4      8      3      2      3      5      4      3      2      1      5      5      2      2      3      0      3      2 
  4588   4733   4968   4838   4507   4300   4381   5029   4758   4600   4317   4405   4908   4960   4515   4591   9259   5395   5054 
 17236  13361     51    151   4968   4300   4733   4507   4588   4838   4600   4758   5029   4908   9259   4960   5395   4515   5054   4591   4405   4317   4381  13535  26304      0      0  65535 
     0      0      0      0      0      0      0      0      0      0      0      0      0      0      0      0      0      0      0 
     0      0      0      0      0      0      0      0      0      0      0      0      0      0      0      0      0      0      0 
     0      0      0      0      0      0      0      0      0      0      0      0      0      0      0      0      0      0      0 
0 -1 -1
     1      0      3      0      0      0      1      1      0      0      0      0      1      0      0      0      0      0      0 
  4404   4557   4765   4669   4397   4178   4221   4838   4621   4486   4198   4254   4741   4843   4400   4436   9224   5227   4877 
 17236  13361     51    151   4765   4178   4557   4397   4404   4669   4486   4621   4838   4741   9224   4843   5227   4400   4877   4436   4254   4198   4221  13538  26304      0      0  65535 
     0      0      0      0      0      0      0      0      0      0      0      0      0      0      0      0      0      0      0 
     0      0      0      0      0      0      0      0      0      0      0      0      0      0      0      0      0      0      0 
     0      0      0      0      0      0      0      0      0      0      0      0      0      0      0      0      0      0      0 
0 -1 -1
     0      0      0      0      0      0      0      0      0      0      0      0      0      0      0      0      0      0      0 
  4280   4446   4621   4567   4337   4110   4108   4714   4546   4430   4132   4153   4632   4777   4337   4337   9231   5113   4755 
 17236  13361     51    152   4621   4110   4446   4337   4280   4567   4430   4546   4714   4632   9231   4777   5113   4337   4755   4337   4153   4132   4108  13538  26304      0      0  65535 
     0      0      0      0      0      0      0      0      0      0      0      0      0      0      0      0      0      0      0 
     0      0      0      0      0      0      0      0      0      0      0      0      0      0      0      0      0      0      0 
     0      0      0      0      0      0      0      0      0      0      0      0      0      0      0      0      0      0      0 
0 -1 -1
     0      0      0      0      0      0      0      0      0      0      0      0      0      0      0      0      0      0      0 
  4203   4377   4523   4506   4304   4070   4026   4634   4507   4399   4089   4081   4552   4739   4301   4271   9255   5033   4667 
 17236  13361     51    152   4523   4070   4377   4304   4203   4506   4399   4507   4634   4552   9255   4739   5033   4301   4667   4271   4081   4089   4026  13538  26304      0      0  65535 
     0      0      0      0      0      0      0      0      0      0      0      0      0      0      0      0      0      0      0 
     0      0      0      0      0      0      0      0      0      0      0      0      0      0      0      0      0      0      0 
     0      0      0      0      0      0      0      0      0      0      0      0      0      0      0      0      0      0      0 
0 -1 -1
     0      0      0      0      0      0      0      0      0      0      0      0      0      0      0      0      0      0      0 
  4139   4318   4439   4455   4279   4035   3958   4561   4477   4375   4056   4019   4485   4709   4272   4216   9276   4969   4597 
 17236  13361     51    152   4439   4035   4318   4279   4139   4455   4375   4477   4561   4485   9276   4709   4969   4272   4597   4216   4019   4056   3958  13538  26305      0      0  65535 
     0      0      0      0      0      0      0      0      0      0      0      0      0      0      0      0      0      0      0 
     0      0      0      0      0      0      0      0      0      0      0      0      0      0      0      0      0      0      0 
     0      0      0      0      0      0      0      0      0      0      0      0      0      0      0      0      0      0      0 
0 -1 -1
     0      0      0      0      0      0      0      0      0      0      0      0      0      0      0      0      0      0      0 
  4106   4285   4389   4429   4265   4018   3918   4519   4462   4363   4038   3982   4448   4691   4254   4184   9281   4936   4556 
 17236  13361     51    152   4389   4018   4285   4265   4106   4429   4363   4462   4519   4448   9281   4691   4936   4254   4556   4184   3982   4038   3918  13539  26304      0      0  65535 
     0      0      0      0      0      0      0      0      0      0      0      0      0      0      0      0      0      0      0 
     0      0      0      0      0      0      0      0      0      0      0      0      0      0      0      0      0      0      0 
     0      0      0      0      0      0      0      0      0      0      0      0      0      0      0      0      0      0      0 
0 -1 -1
     0      0      0      0      0      0      0      0      0      0      0      0      0      0      0      0      0      0      0 
  4050   4231   4304   4384   4241   3986   3848   4449   4434   4346   4008   3923   4386   4668   4229   4134   9327   4884   4495 
 17236  13361     51    152   4304   3986   4231   4241   4050   4384   4346   4434   4449   4386   9327   4668   4884   4229   4495   4134   3923   4008   3848  13583  26304      0      0  65535 
     0      0      0      0      0      0      0      0      0      0      0      0      0      0      0      0      0      0      0 
     0      0      0      0      0      0      0      0      0      0      0      0      0      0      0      0      0      0      0 
     0      0      0      0      0      0      0      0      0      0      0      0      0      0      0      0      0      0      0 
0 -1 -1
     0      0      0      0      0      0      0      0      0      0      0      0      0      0      0      0      0      0      0 
  3977   4155   4174   4324   4212   3940   3742   4360   4403   4324   3966   3829   4302   4635   4200   4064   9376   4814   4414 
 17236  13361     51    152   4174   3940   4155   4212   3977   4324   4324   4403   4360   4302   9376   4635   4814   4200   4414   4064   3829   3966   3742  13563  26305      0      0  65535 
     0      0      0      0      0      0      0      0      0      0      0      0      0      0      0      0      0      0      0 
     0      0      0      0      0      0      0      0      0      0      0      0      0      0      0      0      0      0      0 
     0      0      0      0      0      0      0      0      0      0      0      0      0      0      0      0      0      0      0 
0 -1 -1
     0      0      0      0      0      0      0      0      0      0      0      0      0      0      0      0      0      0      0 
  3943   4117   4097   4299   4200   3920   3681   4316   4389   4321   3947   3779   4257   4621   4184   4029   9455   4779   4376 
 17236  13361     51    153   4097   3920   4117   4200   3943   4299   4321   4389   4316   4257   9455   4621   4779   4184   4376   4029   3779   3947   3681  13539  26304      0      0  65535 
     0      0      0      0      0      0      0      0      0      0      0      0      0      0      0      0      0      0      0 
     0      0      0      0      0      0      0      0      0      0      0      0      0      0      0      0      0      0      0 
     0      0      0      0      0      0      0      0      0      0      0      0      0      0      0      0      0      0      0 
0 -1 -1
     0      0      0      0      0      0      0      0      0      0      0      0      0      0      0      0      0      0      0 
  3916   4088   4038   4280   4191   3906   3635   4289   4379   4316   3931   3741   4228   4605   4176   4006   9427   4759   4349 
 17236  13361     51    153   4038   3906   4088   4191   3916   4280   4316   4379   4289   4228   9427   4605   4759   4176   4349   4006   3741   3931   3635  13540  26304      0      0  65535 
     0      0      0      0      0      0      0      0      0      0      0      0      0      0      0      0      0      0      0 
     0      0      0      0      0      0      0      0      0      0      0      0      0      0      0      0      0      0      0 
     0      0      0      0      0      0      0      0      0      0      0      0      0      0      0      0      0      0      0 
0 -1 -1
     0      0      0      0      0      0      0      0      0      0      0      0      0      0      0      0      1      0      0 
  3893   4058   3987   4259   4177   3895   3588   4259   4363   4306   3912   3702   4193   4586   4161   3976   9524   4734   4317 
 17236  13361     51    153   3987   3895   4058   4177   3893   4259   4306   4363   4259   4193   9524   4586   4734   4161   4317   3976   3702   3912   3588  13541  26305      0      0  65535 
     0      0      0      0      0      0      0      0      0      0      0      0      0      0      0      0      0      0      0 
     0      0      0      0      0      0      0      0      0      0      0      0      0      0      0      0      0      0      0 
     0      0      0      0      0      0      0      0      0      0      0      0      0      0      0      0      0      0      0 
0 -1 -1
     0      0      0      0      0      0      0      0      0      0      0      0      0      0      0      0      1      0      0 
  3877   4032   3961   4232   4157   3880   3550   4240   4344   4295   3896   3669   4169   4574   4149   3954   9532   4725   4297 
 17236  13361     51    153   3961   3880   4032   4157   3877   4232   4295   4344   4240   4169   9532   4574   4725   4149   4297   3954   3669   3896   3550  13542  26305      0      0  65535 
     0      0      0      0      0      0      0      0      0      0      0      0      0      0      0      0      0      0      0 
     0      0      0      0      0      0      0      0      0      0      0      0      0      0      0      0      0      0      0 
     0      0      0      0      0      0      0      0      0      0      0      0      0      0      0      0      0      0      0 
0 -1 -1
     0      0      0      0      0      0      0      0      0      0      0      0      0      0      0      0      3      0      0 
  3862   4011   3943   4204   4133   3868   3528   4222   4319   4276   3889   3656   4141   4551   4129   3934   9619   4709   4274 
 17236  13361     51    153   3943   3868   4011   4133   3862   4204   4276   4319   4222   4141   9619   4551   4709   4129   4274   3934   3656   3889   3528  13541  26304      0      0  65535 
     0      0      0      0      0      0      0      0      0      0      0      0      0      0      0      0      0      0      0 
     0      0      0      0      0      0      0      0      0      0      0      0      0      0      0      0      0      0      0 
     0      0      0      0      0      0      0      0      0      0      0      0      0      0      0      0      0      0      0 
0 -1 -1
     0      0      0      0      0      0      0      0      0      0      0      0      0      0      0      0      2      0      0 
  3829   3988   3930   4180   4110   3835   3514   4181   4292   4245   3861   3641   4130   4522   4109   3898   9584   4684   4252 
 17236  13361     51    153   3930   3835   3988   4110   3829   4180   4245   4292   4181   4130   9584   4522   4684   4109   4252   3898   3641   3861   3514  13541  26304      0      0  65535 
     0      0      0      0      0      0      0      0      0      0      0      0      0      0      0      0      0      0      0 
     0      0      0      0      0      0      0      0      0      0      0      0      0      0      0      0      0      0      0 
     0      0      0      0      0      0      0      0      0      0      0      0      0      0      0      0      0      0      0 
0 -1 -1
     0      0      0      0      0      0      0      0      0      0      0      0      0      0      0      0      1      0      0 
  3819   3978   3919   4166   4099   3823   3501   4172   4285   4228   3836   3610   4122   4516   4103   3870   9538   4673   4237 
 17236  13361     51    153   3919   3823   3978   4099   3819   4166   4228   4285   4172   4122   9538   4516   4673   4103   4237   3870   3610   3836   3501  13541  26304      0      0  65535 
     0      0      0      0      0      0      0      0      0      0      0      0      0      0      0      0      0      0      0 
     0      0      0      0      0      0      0      0      0      0      0      0      0      0      0      0      0      0      0 
     0      0      0      0      0      0      0      0      0      0      0      0      0      0      0      0      0      0      0 
0 -1 -1
     0      0      0      0      0      0      0      0      0      0      0      0      0      0      0      0      0      0      0 
  3820   3973   3923   4165   4098   3823   3507   4178   4286   4227   3840   3611   4124   4522   4106   3880   9490   4675   4241 
 17236  13361     51    153   3923   3823   3973   4098   3820   4165   4227   4286   4178   4124   9490   4522   4675   4106   4241   3880   3611   3840   3507  13535  26304      0      0  65535 
     0      0      0      0      0      0      0      0      0      0      0      0      0      0      0      0      0      0      0 
     0      0      0      0      0      0      0      0      0      0      0      0      0      0      0      0      0      0      0 
     0      0      0      0      0      0      0      0      0      0      0      0      0      0      0      0      0      0      0 
0 -1 -1
     0      0      0      0      0      0      0      0      0      0      0      0      0      0      0      0      0      0      0 
  3822   3981   3935   4173   4100   3830   3522   4194   4291   4237   3851   3630   4128   4532   4114   3899   9502   4683   4261 
 17236  13361     51    153   3935   3830   3981   4100   3822   4173   4237   4291   4194   4128   9502   4532   4683   4114   4261   3899   3630   3851   3522  13535  26304      0      0  65535 
     0      0      0      0      0      0      0      0      0      0      0      0      0      0      0      0      0      0      0 
     0      0      0      0      0      0      0      0      0      0      0      0      0      0      0      0      0      0      0 
     0      0      0      0      0      0      0      0      0      0      0      0      0      0      0      0      0      0      0 
0 -1 -1
     0      0      0      0      0      0      0      0      0      0      0      0      0      0      0      0      0      0      0 
  3824   3990   3949   4182   4108   3836   3531   4205   4298   4244   3862   3642   4134   4540   4118   3913   9473   4688   4278 
 17236  13361     51    153   3949   3836   3990   4108   3824   4182   4244   4298   4205   4134   9473   4540   4688   4118   4278   3913   3642   3862   3531  13537  26304      0      0  65535 
     0      0      0      0      0      0      0      0      0      0      0      0      0      0      0      0      0      0      0 
     0      0      0      0      0      0      0      0      0      0      0      0      0      0      0      0      0      0      0 
     0      0      0      0      0      0      0      0      0      0      0      0      0      0      0      0      0      0      0 
0 -1 -1
     0      0      0      0      0      0      0      0      0      0      0      0      0      0      0      0      0      0      0 
  3824   3994   3954   4182   4110   3837   3532   4208   4300   4246   3865   3646   4135   4542   4120   3915   9444   4691   4283 
 17236  13361     51    153   3954   3837   3994   4110   3824   4182   4246   4300   4208   4135   9444   4542   4691   4120   4283   3915   3646   3865   3532  13538  26304      0      0  65535 
     0      0      0      0      0      0      0      0      0      0      0      0      0      0      0      0      0      0      0 
     0      0      0      0      0      0      0      0      0      0      0      0      0      0      0      0      0      0      0 
     0      0      0      0      0      0      0      0      0      0      0      0      0      0      0      0      0      0      0 
0 -1 -1
     0      0      0      0      0      0      0      0      0      0      0      0      0      0      0      0      0      0      0 
  3823   3992   3954   4180   4108   3834   3533   4205   4301   4244   3864   3645   4133   4543   4119   3914   9469   4692   4283 
 17236  13361     51    153   3954   3834   3992   4108   3823   4180   4244   4301   4205   4133   9469   4543   4692   4119   4283   3914   3645   3864   3533  13538  26304      0      0  65535 
     0      0      0      0      0      0      0      0      0      0      0      0      0      0      0      0      0      0      0 
     0      0      0      0      0      0      0      0      0      0      0      0      0      0      0      0      0      0      0 
     0      0      0      0      0      0      0      0      0      0      0      0      0      0      0      0      0      0      0 
0 -1 -1
     0      0      0      0      0      0      0      0      0      0      0      0      0      0      0      0      0      0      0 
  3822   3992   3952   4179   4108   3834   3535   4201   4299   4244   3866   3646   4132   4542   4120   3916   9471   4691   4284 
 17236  13361     51    153   3952   3834   3992   4108   3822   4179   4244   4299   4201   4132   9471   4542   4691   4120   4284   3916   3646   3866   3535  13537  26304      0      1  65535 
     0      0      0      0      0      0      0      0      0      0      0      0      0      0      0      0      0      0      0 
     0      0      0      0      0      0      0      0      0      0      0      0      0      0      0      0      0      0      0 
     0      0      0      0      0      0      0      0      0      0      0      0      0      0      0      0      0      0      0 
0 -1 -1
     0      0      0      0      0      0      0      0      0      0      0      0      0      0      0      0      0      0      0 
  3822   3990   3954   4179   4107   3836   3531   4202   4300   4243   3867   3648   4132   4541   4120   3916   9468   4692   4286 
 17236  13361     51    153   3954   3836   3990   4107   3822   4179   4243   4300   4202   4132   9468   4541   4692   4120   4286   3916   3648   3867   3531  13537  26304      0      0  65535 
     0      0      0      0      0      0      0      0      0      0      0      0      0      0      0      0      0      0      0 
     0      0      0      0      0      0      0      0      0      0      0      0      0      0      0      0      0      0      0 
     0      0      0      0      0      0      0      0      0      0      0      0      0      0      0      0      0      0      0 
0 -1 -1
     0      0      0      0      0      0      0      0      0      0      0      0      0      0      0      0      0      0      0 
  3819   3980   3941   4169   4101   3828   3521   4187   4289   4237   3853   3630   4126   4532   4113   3899   9460   4684   4266 
 17236  13361     51    153   3941   3828   3980   4101   3819   4169   4237   4289   4187   4126   9460   4532   4684   4113   4266   3899   3630   3853   3521  13538  26304      0      0  65535 
     0      0      0      0      0      0      0      0      0      0      0      0      0      0      0      0      0      0      0 
     0      0      0      0      0      0      0      0      0      0      0      0      0      0      0      0      0      0      0 
     0      0      0      0      0      0      0      0      0      0      0      0      0      0      0      0      0      0      0 
0 -1 -1
     0      0      0      0      0      0      0      0      0      0      0      0      0      0      0      0      0      0      0 
  3817   3971   3928   4161   4093   3820   3512   4179   4283   4228   3841   3616   4121   4521   4104   3883   9502   4676   4248 
 17236  13361     51    153   3928   3820   3971   4093   3817   4161   4228   4283   4179   4121   9502   4521   4676   4104   4248   3883   3616   3841   3512  13537  26303      0      0  65535 
     0      0      0      0      0      0      0      0      0      0      0      0      0      0      0      0      0      0      0 
     0      0      0      0      0      0      0      0      0      0      0      0      0      0      0      0      0      0      0 
     0      0      0      0      0      0      0      0      0      0      0      0      0      0      0      0      0      0      0 
0 -1 -1
     0      0      0      0      0      0      0      0      0      0      0      0      0      0      0      0      0      0      0 
  3820   3982   3940   4169   4099   3828   3530   4193   4290   4237   3857   3639   4129   4535   4115   3908   9479   4688   4276 
 17236  13361     51    153   3940   3828   3982   4099   3820   4169   4237   4290   4193   4129   9479   4535   4688   4115   4276   3908   3639   3857   3530  13537  26304      0      0  65535 
     0      0      0      0      0      0      0      0      0      0      0      0      0      0      0      0      0      0      0 
     0      0      0      0      0      0      0      0      0      0      0      0      0      0      0      0      0      0      0 
     0      0      0      0      0      0      0      0      0      0      0      0      0      0      0      0      0      0      0 
0 -1 -1
     0      0      0      0      0      0      0      0      0      0      0      0      0      0      0      0      0      0      0 
  3820   3990   3950   4176   4103   3834   3533   4201   4292   4242   3864   3647   4134   4539   4118   3913   9478   4689   4281 
 17236  13361     51    153   3950   3834   3990   4103   3820   4176   4242   4292   4201   4134   9478   4539   4689   4118   4281   3913   3647   3864   3533  13537  26303      0      0  65535 
     0      0      0      0      0      0      0      0      0      0      0      0      0      0      0      0      0      0      0 
     0      0      0      0      0      0      0      0      0      0      0      0      0      0      0      0      0      0      0 
     0      0      0      0      0      0      0      0      0      0      0      0      0      0      0      0      0      0      0 
0 -1 -1
     0      0      0      0      0      0      0      0      0      0      0      0      0      0      0      0      1      0      0 
  3818   3984   3944   4171   4100   3829   3527   4194   4290   4237   3856   3637   4130   4534   4112   3902   9532   4684   4271 
 17236  13361     51    153   3944   3829   3984   4100   3818   4171   4237   4290   4194   4130   9532   4534   4684   4112   4271   3902   3637   3856   3527  13539  26303      0      0  65535 
     0      0      0      0      0      0      0      0      0      0      0      0      0      0      0      0      0      0      0 
     0      0      0      0      0      0      0      0      0      0      0      0      0      0      0      0      0      0      0 
     0      0      0      0      0      0      0      0      0      0      0      0      0      0      0      0      0      0      0 
0 -1 -1
     0      0      0      0      0      0      0      0      0      0      0      0      0      0      0      0      2      0      0 
  3817   3976   3934   4163   4094   3825   3517   4184   4285   4231   3843   3620   4123   4524   4105   3886   9589   4675   4249 
 17236  13361     51    153   3934   3825   3976   4094   3817   4163   4231   4285   4184   4123   9589   4524   4675   4105   4249   3886   3620   3843   3517  13540  26303      0      0  65535 
     0      0      0      0      0      0      0      0      0      0      0      0      0      0      0      0      0      0      0 
     0      0      0      0      0      0      0      0      0      0      0      0      0      0      0      0      0      0      0 
     0      0      0      0      0      0      0      0      0      0      0      0      0      0      0      0      0      0      0 
0 -1 -1
     0      0      0      0      0      0      0      0      0      0      0      0      0      0      0      0      0      0      0 
  3815   3968   3922   4157   4091   3816   3501   4172   4277   4221   3831   3597   4118   4513   4099   3866   9513   4668   4229 
 17236  13361     51    153   3922   3816   3968   4091   3815   4157   4221   4277   4172   4118   9513   4513   4668   4099   4229   3866   3597   3831   3501  13539  26305      0      0  65535 
     0      0      0      0      0      0      0      0      0      0      0      0      0      0      0      0      0      0      0 
     0      0      0      0      0      0      0      0      0      0      0      0      0      0      0      0      0      0      0 
     0      0      0      0      0      0      0      0      0      0      0      0      0      0      0      0      0      0      0 
0 -1 -1
     0      0      0      0      0      0      0      0      0      0      0      0      0      0      0      0      1      0      0 
  3811   3957   3892   4157   4092   3797   3453   4165   4275   4210   3805   3568   4114   4501   4082   3841   9552   4653   4208 
 17236  13361     51    153   3892   3797   3957   4092   3811   4157   4210   4275   4165   4114   9552   4501   4653   4082   4208   3841   3568   3805   3453  13540  26305      0      0  65535 
     0      0      0      0      0      0      0      0      0      0      0      0      0      0      0      0      0      0      0 
     0      0      0      0      0      0      0      0      0      0      0      0      0      0      0      0      0      0      0 
     0      0      0      0      0      0      0      0      0      0      0      0      0      0      0      0      0      0      0 
0 -1 -1
     0      0      0      0      0      0      0      0      0      0      0      0      0      0      0      0      2      0      0 
  3814   3952   3874   4155   4091   3797   3433   4165   4274   4208   3802   3572   4113   4502   4078   3842   9579   4649   4208 
 17236  13361     51    153   3874   3797   3952   4091   3814   4155   4208   4274   4165   4113   9579   4502   4649   4078   4208   3842   3572   3802   3433  13540  26305      0      0  65535 
     0      0      0      0      0      0      0      0      0      0      0      0      0      0      0      0      0      0      0 
     0      0      0      0      0      0      0      0      0      0      0      0      0      0      0      0      0      0      0 
     0      0      0      0      0      0      0      0      0      0      0      0      0      0      0      0      0      0      0 
0 -1 -1
