    22     26     25     26     36     39     25     26     51     48     43     32     49     68     55     31      0     51     37 
  5517   5303   5269   5804   5129   4976   4661   6137   5805   5403   5085   4786   6444   6303   5582   5628   9987   7418   7145 
 17236  13361     51    151   5269   4976   5303   5129   5517   5804   5403   5805   6137   6444   9987   6303   7418   5582   7145   5628   4786   5085   4661  13545  26304      0      0  65535 
     0      0      0      0      0      0      0      0      0      0      0      0      0      0      0      0      0      0      0 
     0      0      0      0      0      0      0      0      0      0      0      0      0      0      0      0      0      0      0 
     0      0      0      0      0      0      0      0      0      0      0      0      0      0      0      0      0      0      0 
0 -1 -1
    22     27     25     26     38     40     25     27     53     50     44     33     50     71     58     32      0     53     38 
  5534   5334   5292   5836   5173   5016   4687   6171   5862   5458   5126   4814   6511   6377   5650   5692   9887   7518   7239 
 17236  13361     51    150   5292   5016   5334   5173   5534   5836   5458   5862   6171   6511   9887   6377   7518   5650   7239   5692   4814   5126   4687  13545  26304      0      0  65535 
     0      0      0      0      0      0      0      0      0      0      0      0      0      0      0      0      0      0      0 
     0      0      0      0      0      0      0      0      0      0      0      0      0      0      0      0      0      0      0 
     0      0      0      0      0      0      0      0      0      0      0      0      0      0      0      0      0      0      0 
0 -1 -1
    21     26     25     25     36     38     24     26     51     48     41     31     48     67     55     31      0     51     37 
  5485   5294   5256   5782   5125   4970   4620   6093   5793   5404   5046   4756   6431   6292   5568   5608   9754   7420   7134 
 17236  13361     51    150   5256   4970   5294   5125   5485   5782   5404   5793   6093   6431   9754   6292   7420   5568   7134   5608   4756   5046   4620  13545  26303      0      0  65535 
     0      0      0      0      0      0      0      0      0      0      0      0      0      0      0      0      0      0      0 
     0      0      0      0      0      0      0      0      0      0      0      0      0      0      0      0      0      0      0 
     0      0      0      0      0      0      0      0      0      0      0      0      0      0      0      0      0      0      0 
0 -1 -1
    18     21     20     20     25     28     18     20     35     33     28     23     37     47     37     22      0     38     28 
  5261   5071   5053   5492   4851   4686   4359   5717   5394   5066   4689   4493   5960   5798   5131   5182   9458   6815   6555 
 17236  13361     51    151   5053   4686   5071   4851   5261   5492   5066   5394   5717   5960   9458   5798   6815   5131   6555   5182   4493   4689   4359  13547  26303      0      0  65535 
     0      0      0      0      0      0      0      0      0      0      0      0      0      0      0      0      0      0      0 
     0      0      0      0      0      0      0      0      0      0      0      0      0      0      0      0      0      0      0 
     0      0      0      0      0      0      0      0      0      0      0      0      0      0      0      0      0      0      0 
0 -1 -1
    14     16     16     15     15     18     13     15     22     20     18     17     27     29     23     16      0     27     21 
  5038   4856   4854   5209   4604   4422   4149   5360   5038   4764   4407   4279   5531   5381   4785   4836   9347   6311   6093 
 17236  13361     51    151   4854   4422   4856   4604   5038   5209   4764   5038   5360   5531   9347   5381   6311   4785   6093   4836   4279   4407   4149  13548  26303      0      0  65535 
     0      0      0      0      0      0      0      0      0      0      0      0      0      0      0      0      0      0      0 
     0      0      0      0      0      0      0      0      0      0      0      0      0      0      0      0      0      0      0 
     0      0      0      0      0      0      0      0      0      0      0      0      0      0      0      0      0      0      0 
0 -1 -1
    10     10     11      9      6      8      7      9      9      8      7     10     16     13     10      9      0     16     13 
  4758   4614   4619   4887   4369   4163   3907   4978   4685   4468   4122   4039   5066   4984   4459   4485   9297   5806   5608 
 17236  13361     51    151   4619   4163   4614   4369   4758   4887   4468   4685   4978   5066   9297   4984   5806   4459   5608   4485   4039   4122   3907  13548  26303      0      0  65535 
     0      0      0      0      0      0      0      0      0      0      0      0      0      0      0      0      0      0      0 
     0      0      0      0      0      0      0      0      0      0      0      0      0      0      0      0      0      0      0 
     0      0      0      0      0      0      0      0      0      0      0      0      0      0      0      0      0      0      0 
0 -1 -1
     6      5      6      4      0      0      3      4      0      0      0      4      7      2      2      4      0      7      7 
  4484   4376   4377   4604   4192   3947   3700   4662   4439   4267   3917   3833   4705   4716   4239   4218   9250   5413   5201 
 17236  13361     51    152   4377   3947   4376   4192   4484   4604   4267   4439   4662   4705   9250   4716   5413   4239   5201   4218   3833   3917   3700  13548  26304      0      0  65535 
     0      0      0      0      0      0      0      0      0      0      0      0      0      0      0      0      0      0      0 
     0      0      0      0      0      0      0      0      0      0      0      0      0      0      0      0      0      0      0 
     0      0      0      0      0      0      0      0      0      0      0      0      0      0      0      0      0      0      0 
0 -1 -1
     4      2      4      2      0      0      1      2      0      0      0      1      4      0      0      2      0      4      4 
  4370   4282   4274   4498   4141   3877   3622   4546   4370   4217   3855   3752   4586   4643   4175   4116   9333   5264   5024 
 17236  13361     51    152   4274   3877   4282   4141   4370   4498   4217   4370   4546   4586   9333   4643   5264   4175   5024   4116   3752   3855   3622  13548  26304      0      0  65535 
     0      0      0      0      0      0      0      0      0      0      0      0      0      0      0      0      0      0      0 
     0      0      0      0      0      0      0      0      0      0      0      0      0      0      0      0      0      0      0 
     0      0      0      0      0      0      0      0      0      0      0      0      0      0      0      0      0      0      0 
0 -1 -1
     3      1      2      1      0      0      0      1      0      0      0      0      2      0      0      0      0      1      2 
  4276   4208   4192   4416   4105   3834   3556   4455   4325   4188   3811   3682   4498   4595   4128   4033   9603   5145   4876 
 17236  13361     51    152   4192   3834   4208   4105   4276   4416   4188   4325   4455   4498   9603   4595   5145   4128   4876   4033   3682   3811   3556  13548  26304      0      0  65535 
     0      0      0      0      0      0      0      0      0      0      0      0      0      0      0      0      0      0      0 
     0      0      0      0      0      0      0      0      0      0      0      0      0      0      0      0      0      0      0 
     0      0      0      0      0      0      0      0      0      0      0      0      0      0      0      0      0      0      0 
0 -1 -1
     0      0      0      0      0      0      0      0      0      0      0      0      0      0      0      0      0      0      0 
  4136   4110   4076   4323   4072   3791   3485   4349   4280   4158   3771   3607   4399   4546   4082   3938  10007   5023   4705 
 17236  13361     51    153   4076   3791   4110   4072   4136   4323   4158   4280   4349   4399  10007   4546   5023   4082   4705   3938   3607   3771   3485  13548  26304      0      0  65535 
     0      0      0      0      0      0      0      0      0      0      0      0      0      0      0      0      0      0      0 
     0      0      0      0      0      0      0      0      0      0      0      0      0      0      0      0      0      0      0 
     0      0      0      0      0      0      0      0      0      0      0      0      0      0      0      0      0      0      0 
0 -1 -1
     0      0      0      0      0      0      0      0      0      0      0      0      0      0      0      0      3      0      0 
  3966   4001   3941   4219   4043   3753   3415   4236   4240   4137   3735   3542   4284   4501   4040   3848  10228   4881   4502 
 17236  13361     51    152   3941   3753   4001   4043   3966   4219   4137   4240   4236   4284  10228   4501   4881   4040   4502   3848   3542   3735   3415  13548  26305      0      0  65535 
     0      0      0      0      0      0      0      0      0      0      0      0      0      0      0      0      0      0      0 
     0      0      0      0      0      0      0      0      0      0      0      0      0      0      0      0      0      0      0 
     0      0      0      0      0      0      0      0      0      0      0      0      0      0      0      0      0      0      0 
0 -1 -1
     0      0      0      0      0      0      0      0      0      0      0      0      0      0      0      0      7      0      0 
  3805   3914   3835   4114   4019   3722   3356   4138   4214   4122   3712   3495   4172   4465   4016   3796  10410   4739   4332 
 17236  13361     51    153   3835   3722   3914   4019   3805   4114   4122   4214   4138   4172  10410   4465   4739   4016   4332   3796   3495   3712   3356  13552  26305      0      0  65535 
     0      0      0      0      0      0      0      0      0      0      0      0      0      0      0      0      0      0      0 
     0      0      0      0      0      0      0      0      0      0      0      0      0      0      0      0      0      0      0 
     0      0      0      0      0      0      0      0      0      0      0      0      0      0      0      0      0      0      0 
0 -1 -1
     0      0      0      0      0      0      0      0      0      0      0      0      0      0      0      0     15      0      0 
  3688   3818   3747   4015   3968   3661   3284   4042   4153   4084   3653   3427   4023   4386   3951   3706  10767   4553   4101 
 17236  13361     51    153   3747   3661   3818   3968   3688   4015   4084   4153   4042   4023  10767   4386   4553   3951   4101   3706   3427   3653   3284  13551  26305      0      0  65535 
     0      0      0      0      0      0      0      0      0      0      0      0      0      0      0      0      0      0      0 
     0      0      0      0      0      0      0      0      0      0      0      0      0      0      0      0      0      0      0 
     0      0      0      0      0      0      0      0      0      0      0      0      0      0      0      0      0      0      0 
0 -1 -1
     0      0      0      0      0      0      0      0      0      0      0      0      0      0      0      0     20      0      0 
  3653   3786   3710   3990   3917   3624   3269   4006   4109   4038   3625   3405   3950   4332   3902   3667  11015   4476   4040 
 17236  13361     51    153   3710   3624   3786   3917   3653   3990   4038   4109   4006   3950  11015   4332   4476   3902   4040   3667   3405   3625   3269  13551  26305      0      0  65535 
     0      0      0      0      0      0      0      0      0      0      0      0      0      0      0      0      0      0      0 
     0      0      0      0      0      0      0      0      0      0      0      0      0      0      0      0      0      0      0 
     0      0      0      0      0      0      0      0      0      0      0      0      0      0      0      0      0      0      0 
0 -1 -1
     0      0      0      0      0      0      0      0      0      0      0      0      0      0      0      0     22      0      0 
  3652   3787   3711   3991   3916   3625   3271   4005   4109   4038   3625   3404   3952   4333   3901   3669  11075   4477   4040 
 17236  13361     51    153   3711   3625   3787   3916   3652   3991   4038   4109   4005   3952  11075   4333   4477   3901   4040   3669   3404   3625   3271  13551  26305      0      0  65535 
     0      0      0      0      0      0      0      0      0      0      0      0      0      0      0      0      0      0      0 
     0      0      0      0      0      0      0      0      0      0      0      0      0      0      0      0      0      0      0 
     0      0      0      0      0      0      0      0      0      0      0      0      0      0      0      0      0      0      0 
0 -1 -1
     0      0      0      0      0      0      0      0      0      0      0      0      0      0      0      0     23      0      0 
  3653   3786   3710   3991   3917   3623   3270   4005   4109   4037   3625   3404   3950   4332   3902   3669  11139   4477   4041 
 17236  13361     51    153   3710   3623   3786   3917   3653   3991   4037   4109   4005   3950  11139   4332   4477   3902   4041   3669   3404   3625   3270  13551  26304      0      0  65535 
     0      0      0      0      0      0      0      0      0      0      0      0      0      0      0      0      0      0      0 
     0      0      0      0      0      0      0      0      0      0      0      0      0      0      0      0      0      0      0 
     0      0      0      0      0      0      0      0      0      0      0      0      0      0      0      0      0      0      0 
0 -1 -1
     0      0      0      0      0      0      0      0      0      0      0      0      0      0      0      0     20      0      0 
  3652   3785   3711   3990   3915   3623   3270   4004   4109   4036   3623   3405   3952   4332   3903   3667  10993   4478   4040 
 17236  13361     51    153   3711   3623   3785   3915   3652   3990   4036   4109   4004   3952  10993   4332   4478   3903   4040   3667   3405   3623   3270  13550  26304      0      0  65535 
     0      0      0      0      0      0      0      0      0      0      0      0      0      0      0      0      0      0      0 
     0      0      0      0      0      0      0      0      0      0      0      0      0      0      0      0      0      0      0 
     0      0      0      0      0      0      0      0      0      0      0      0      0      0      0      0      0      0      0 
0 -1 -1
     0      0      0      0      0      0      0      0      0      0      0      0      0      0      0      0     19      0      0 
  3651   3784   3709   3989   3915   3622   3271   4003   4109   4037   3622   3404   3950   4333   3900   3668  10953   4477   4040 
 17236  13361     51    153   3709   3622   3784   3915   3651   3989   4037   4109   4003   3950  10953   4333   4477   3900   4040   3668   3404   3622   3271  13550  26304      0      1  65535 
     0      0      0      0      0      0      0      0      0      0      0      0      0      0      0      0      0      0      0 
     0      0      0      0      0      0      0      0      0      0      0      0      0      0      0      0      0      0      0 
     0      0      0      0      0      0      0      0      0      0      0      0      0      0      0      0      0      0      0 
0 -1 -1
     0      0      0      0      0      0      0      0      0      0      0      0      0      0      0      0     18      0      0 
  3651   3784   3709   3989   3915   3623   3270   4003   4108   4035   3624   3404   3951   4331   3900   3666  10917   4477   4039 
 17236  13361     51    153   3709   3623   3784   3915   3651   3989   4035   4108   4003   3951  10917   4331   4477   3900   4039   3666   3404   3624   3270  13550  26303      0      0  65535 
     0      0      0      0      0      0      0      0      0      0      0      0      0      0      0      0      0      0      0 
     0      0      0      0      0      0      0      0      0      0      0      0      0      0      0      0      0      0      0 
     0      0      0      0      0      0      0      0      0      0      0      0      0      0      0      0      0      0      0 
0 -1 -1
     0      0      0      0      0      0      0      0      0      0      0      0      0      0      0      0     18      0      0 
  3651   3783   3708   3989   3914   3621   3269   4003   4108   4036   3623   3403   3950   4330   3901   3667  10908   4476   4040 
 17236  13361     51    153   3708   3621   3783   3914   3651   3989   4036   4108   4003   3950  10908   4330   4476   3901   4040   3667   3403   3623   3269  13550  26304      0      0  65535 
     0      0      0      0      0      0      0      0      0      0      0      0      0      0      0      0      0      0      0 
     0      0      0      0      0      0      0      0      0      0      0      0      0      0      0      0      0      0      0 
     0      0      0      0      0      0      0      0      0      0      0      0      0      0      0      0      0      0      0 
0 -1 -1
     0      0      0      0      0      0      0      0      0      0      0      0      0      0      0      0     18      0      0 
  3651   3783   3711   3988   3915   3622   3268   4003   4107   4036   3623   3403   3949   4329   3900   3667  10935   4475   4038 
 17236  13361     51    153   3711   3622   3783   3915   3651   3988   4036   4107   4003   3949  10935   4329   4475   3900   4038   3667   3403   3623   3268  13549  26304      0      0  65535 
     0      0      0      0      0      0      0      0      0      0      0      0      0      0      0      0      0      0      0 
     0      0      0      0      0      0      0      0      0      0      0      0      0      0      0      0      0      0      0 
     0      0      0      0      0      0      0      0      0      0      0      0      0      0      0      0      0      0      0 
0 -1 -1
     0      0      0      0      0      0      0      0      0      0      0      0      0      0      0      0     18      0      0 
  3649   3781   3709   3988   3913   3622   3267   4000   4107   4035   3620   3404   3948   4330   3900   3667  10929   4474   4038 
 17236  13361     51    153   3709   3622   3781   3913   3649   3988   4035   4107   4000   3948  10929   4330   4474   3900   4038   3667   3404   3620   3267  13549  26304      0      0  65535 
     0      0      0      0      0      0      0      0      0      0      0      0      0      0      0      0      0      0      0 
     0      0      0      0      0      0      0      0      0      0      0      0      0      0      0      0      0      0      0 
     0      0      0      0      0      0      0      0      0      0      0      0      0      0      0      0      0      0      0 
0 -1 -1
     0      0      0      0      0      0      0      0      0      0      0      0      0      0      0      0     17      0      0 
  3649   3781   3708   3987   3913   3621   3267   4002   4106   4034   3621   3403   3948   4329   3898   3665  10872   4473   4038 
 17236  13361     51    153   3708   3621   3781   3913   3649   3987   4034   4106   4002   3948  10872   4329   4473   3898   4038   3665   3403   3621   3267  13548  26304      0      0  65535 
     0      0      0      0      0      0      0      0      0      0      0      0      0      0      0      0      0      0      0 
     0      0      0      0      0      0      0      0      0      0      0      0      0      0      0      0      0      0      0 
     0      0      0      0      0      0      0      0      0      0      0      0      0      0      0      0      0      0      0 
0 -1 -1
     0      0      0      0      0      0      0      0      0      0      0      0      0      0      0      0     20      0      0 
  3649   3781   3709   3988   3912   3620   3266   4002   4107   4034   3620   3400   3948   4330   3899   3666  10997   4474   4037 
 17236  13361     51    153   3709   3620   3781   3912   3649   3988   4034   4107   4002   3948  10997   4330   4474   3899   4037   3666   3400   3620   3266  13548  26304      0      0  65535 
     0      0      0      0      0      0      0      0      0      0      0      0      0      0      0      0      0      0      0 
     0      0      0      0      0      0      0      0      0      0      0      0      0      0      0      0      0      0      0 
     0      0      0      0      0      0      0      0      0      0      0      0      0      0      0      0      0      0      0 
0 -1 -1
     0      0      0      0      0      0      0      0      0      0      0      0      0      0      0      0     15      0      0 
  3649   3781   3708   3987   3913   3621   3266   4001   4105   4032   3621   3401   3947   4327   3899   3664  10793   4472   4035 
 17236  13361     51    153   3708   3621   3781   3913   3649   3987   4032   4105   4001   3947  10793   4327   4472   3899   4035   3664   3401   3621   3266  13549  26305      0      0  65535 
     0      0      0      0      0      0      0      0      0      0      0      0      0      0      0      0      0      0      0 
     0      0      0      0      0      0      0      0      0      0      0      0      0      0      0      0      0      0      0 
     0      0      0      0      0      0      0      0      0      0      0      0      0      0      0      0      0      0      0 
0 -1 -1
     0      0      0      0      0      0      0      0      0      0      0      0      0      0      0      0     15      0      0 
  3647   3780   3709   3986   3912   3619   3267   4001   4104   4032   3620   3400   3945   4327   3898   3664  10795   4472   4036 
 17236  13361     51    153   3709   3619   3780   3912   3647   3986   4032   4104   4001   3945  10795   4327   4472   3898   4036   3664   3400   3620   3267  13549  26304      0      0  65535 
     0      0      0      0      0      0      0      0      0      0      0      0      0      0      0      0      0      0      0 
     0      0      0      0      0      0      0      0      0      0      0      0      0      0      0      0      0      0      0 
     0      0      0      0      0      0      0      0      0      0      0      0      0      0      0      0      0      0      0 
0 -1 -1
     0      0      0      0      0      0      0      0      0      0      0      0      0      0      0      0     17      0      0 
  3649   3781   3707   3986   3911   3618   3266   3998   4104   4032   3619   3401   3946   4328   3898   3664  10889   4472   4036 
 17236  13361     51    153   3707   3618   3781   3911   3649   3986   4032   4104   3998   3946  10889   4328   4472   3898   4036   3664   3401   3619   3266  13545  26304      0      0  65535 
     0      0      0      0      0      0      0      0      0      0      0      0      0      0      0      0      0      0      0 
     0      0      0      0      0      0      0      0      0      0      0      0      0      0      0      0      0      0      0 
     0      0      0      0      0      0      0      0      0      0      0      0      0      0      0      0      0      0      0 
0 -1 -1
