   207     51      0    150    104      7      0     29     62     15      0      0     31     21      0      0      6      0      0 
 32766  16479   6236  18130  13882   6736   5598   8707   9198   7323   6325   5713   8088   7749   6467   6123   9991   7158   6471 
 17236  13361     51    157   6236   6736  16479  13882  32766  18130   7323   9198   8707   8088   9991   7749   7158   6467   6471   6123   5713   6325   5598  13544  26306      0      0  65535 
     0      0      0      0      0      0      0      0      0      0      0      0      0      0      0      0      0      0      0 
     0      0      0      0      0      0      0      0      0      0      0      0      0      0      0      0      0      0      0 
     0      0      0      0      0      0      0      0      0      0      0      0      0      0      0      0      0      0      0 
0 -1 -1
   207     32      0    156     86      6      0     31     58     14      0      0     32     19      0      0      6      0      0 
 32766  15657   6205  18451  13441   6692   5579   8882   9100   7298   6296   5713   8095   7703   6468   6122   9975   7145   6471 
 17236  13361     51    157   6205   6692  15657  13441  32766  18451   7298   9100   8882   8095   9975   7703   7145   6468   6471   6122   5713   6296   5579  13547  26304      0      0  65535 
     0      0      0      0      0      0      0      0      0      0      0      0      0      0      0      0      0      0      0 
     0      0      0      0      0      0      0      0      0      0      0      0      0      0      0      0      0      0      0 
     0      0      0      0      0      0      0      0      0      0      0      0      0      0      0      0      0      0      0 
0 -1 -1
   207      5      0    155     60      3      0     32     50     11      0      0     30     16      0      0      6      0      0 
 32766  14497   6172  18388  12776   6616   5568   8910   8888   7242   6271   5715   8019   7636   6473   6125   9950   7131   6473 
 17236  13361     51    157   6172   6616  14497  12776  32766  18388   7242   8888   8910   8019   9950   7636   7131   6473   6473   6125   5715   6271   5568  13556  26304      0      0  65535 
     0      0      0      0      0      0      0      0      0      0      0      0      0      0      0      0      0      0      0 
     0      0      0      0      0      0      0      0      0      0      0      0      0      0      0      0      0      0      0 
     0      0      0      0      0      0      0      0      0      0      0      0      0      0      0      0      0      0      0 
0 -1 -1
   207      0      0    141     31      1      0     28     40     10      0      0     25     14      0      0      5      0      0 
 32766  13415   6157  17639  12058   6575   5567   8682   8616   7204   6263   5718   7838   7583   6484   6129   9912   7125   6476 
 17236  13361     51    157   6157   6575  13415  12058  32766  17639   7204   8616   8682   7838   9912   7583   7125   6484   6476   6129   5718   6263   5567  13542  26304      1      1  65535 
     0      0      0      0      0      0      0      0      0      0      0      0      0      0      0      0      0      0      0 
     0      0      0      0      0      0      0      0      0      0      0      0      0      0      0      0      0      0      0 
     0      0      0      0      0      0      0      0      0      0      0      0      0      0      0      0      0      0      0 
0 -1 -1
   193      0      0    112      5      0      0     19     25      7      0      0     17     10      0      0      3      0      0 
 31882  12631   6152  15970  11391   6525   5580   8063   8220   7136   6283   5725   7471   7495   6497   6135   9827   7122   6481 
 17236  13361     51    157   6152   6525  12631  11391  31882  15970   7136   8220   8063   7471   9827   7495   7122   6497   6481   6135   5725   6283   5580  13536  26304      0      0  65535 
     0      0      0      0      0      0      0      0      0      0      0      0      0      0      0      0      0      0      0 
     0      0      0      0      0      0      0      0      0      0      0      0      0      0      0      0      0      0      0 
     0      0      0      0      0      0      0      0      0      0      0      0      0      0      0      0      0      0      0 
0 -1 -1
   123      0      0     76      0      0      0     10      7      1      0      0      7      4      0      0      1      0      0 
 27368  11643   6130  13989  10590   6424   5603   7431   7751   7002   6306   5731   7081   7358   6512   6140   9736   7116   6486 
 17236  13361     51    157   6130   6424  11643  10590  27368  13989   7002   7751   7431   7081   9736   7358   7116   6512   6486   6140   5731   6306   5603  13536  26304      0      0  65535 
     0      0      0      0      0      0      0      0      0      0      0      0      0      0      0      0      0      0      0 
     0      0      0      0      0      0      0      0      0      0      0      0      0      0      0      0      0      0      0 
     0      0      0      0      0      0      0      0      0      0      0      0      0      0      0      0      0      0      0 
0 -1 -1
    21      0      0     27      0      0      0      2      0      0      0      0      0      0      0      0      0      0      0 
 20844  10243   6105  11248   9467   6346   5608   6894   7285   6892   6293   5738   6755   7208   6528   6148   9664   7112   6491 
 17236  13361     51    157   6105   6346  10243   9467  20844  11248   6892   7285   6894   6755   9664   7208   7112   6528   6491   6148   5738   6293   5608  13536  26304      0      0  65535 
     0      0      0      0      0      0      0      0      0      0      0      0      0      0      0      0      0      0      0 
     0      0      0      0      0      0      0      0      0      0      0      0      0      0      0      0      0      0      0 
     0      0      0      0      0      0      0      0      0      0      0      0      0      0      0      0      0      0      0 
0 -1 -1
     0      0      0      0      0      0      0      0      0      0      0      0      0      0      0      0      0      0      0 
 13133   8710   6102   8368   8123   6311   5603   6627   6963   6820   6262   5740   6597   7065   6545   6152   9627   7113   6495 
 17236  13361     51    157   6102   6311   8710   8123  13133   8368   6820   6963   6627   6597   9627   7065   7113   6545   6495   6152   5740   6262   5603  13536  26304      0      0  65535 
     0      0      0      0      0      0      0      0      0      0      0      0      0      0      0      0      0      0      0 
     0      0      0      0      0      0      0      0      0      0      0      0      0      0      0      0      0      0      0 
     0      0      0      0      0      0      0      0      0      0      0      0      0      0      0      0      0      0      0 
0 -1 -1
     0      0      0      0      0      0      0      0      0      0      0      0      0      0      0      0      0      0      0 
  8130   7246   6103   7087   7050   6287   5605   6581   6824   6788   6247   5745   6565   7022   6554   6156   9628   7115   6495 
 17236  13361     51    157   6103   6287   7246   7050   8130   7087   6788   6824   6581   6565   9628   7022   7115   6554   6495   6156   5745   6247   5605  13535  26304      0      0  65535 
     0      0      0      0      0      0      0      0      0      0      0      0      0      0      0      0      0      0      0 
     0      0      0      0      0      0      0      0      0      0      0      0      0      0      0      0      0      0      0 
     0      0      0      0      0      0      0      0      0      0      0      0      0      0      0      0      0      0      0 
0 -1 -1
     0      0      0      0      0      0      0      0      0      0      0      0      0      0      0      0      0      0      0 
  6226   6394   6079   6678   6705   6253   5604   6570   6777   6772   6245   5746   6561   7018   6553   6157   9629   7117   6497 
 17236  13361     51    157   6079   6253   6394   6705   6226   6678   6772   6777   6570   6561   9629   7018   7117   6553   6497   6157   5746   6245   5604  13535  26304      0      0  65535 
     0      0      0      0      0      0      0      0      0      0      0      0      0      0      0      0      0      0      0 
     0      0      0      0      0      0      0      0      0      0      0      0      0      0      0      0      0      0      0 
     0      0      0      0      0      0      0      0      0      0      0      0      0      0      0      0      0      0      0 
0 -1 -1
     0      0      0      0      0      0      0      0      0      0      0      0      0      0      0      0      0      0      0 
  6220   6390   6080   6675   6704   6254   5605   6571   6777   6774   6245   5745   6561   7017   6553   6158   9621   7117   6497 
 17236  13361     51    157   6080   6254   6390   6704   6220   6675   6774   6777   6571   6561   9621   7017   7117   6553   6497   6158   5745   6245   5605  13536  26304      0      0  65535 
     0      0      0      0      0      0      0      0      0      0      0      0      0      0      0      0      0      0      0 
     0      0      0      0      0      0      0      0      0      0      0      0      0      0      0      0      0      0      0 
     0      0      0      0      0      0      0      0      0      0      0      0      0      0      0      0      0      0      0 
0 -1 -1
     0      0      0      0      0      0      0      0      0      0      0      0      0      0      0      0      0      0      0 
  6221   6392   6078   6674   6704   6255   5604   6571   6777   6773   6246   5746   6561   7016   6555   6156   9620   7119   6499 
 17236  13361     51    157   6078   6255   6392   6704   6221   6674   6773   6777   6571   6561   9620   7016   7119   6555   6499   6156   5746   6246   5604  13537  26304      0      0  65535 
     0      0      0      0      0      0      0      0      0      0      0      0      0      0      0      0      0      0      0 
     0      0      0      0      0      0      0      0      0      0      0      0      0      0      0      0      0      0      0 
     0      0      0      0      0      0      0      0      0      0      0      0      0      0      0      0      0      0      0 
0 -1 -1
     0      0      0      0      0      0      0      0      0      0      0      0      0      0      0      0      0      0      0 
  6222   6391   6078   6674   6704   6254   5604   6571   6778   6774   6244   5746   6561   7017   6555   6157   9620   7117   6497 
 17236  13361     51    157   6078   6254   6391   6704   6222   6674   6774   6778   6571   6561   9620   7017   7117   6555   6497   6157   5746   6244   5604  13536  26304      0      0  65535 
     0      0      0      0      0      0      0      0      0      0      0      0      0      0      0      0      0      0      0 
     0      0      0      0      0      0      0      0      0      0      0      0      0      0      0      0      0      0      0 
     0      0      0      0      0      0      0      0      0      0      0      0      0      0      0      0      0      0      0 
0 -1 -1
     0      0      0      0      0      0      0      0      0      0      0      0      0      0      0      0      0      0      0 
  6222   6392   6079   6674   6703   6253   5604   6571   6777   6774   6245   5746   6562   7018   6554   6157   9632   7119   6498 
 17236  13361     51    157   6079   6253   6392   6703   6222   6674   6774   6777   6571   6562   9632   7018   7119   6554   6498   6157   5746   6245   5604  13536  26304      0      0  65535 
     0      0      0      0      0      0      0      0      0      0      0      0      0      0      0      0      0      0      0 
     0      0      0      0      0      0      0      0      0      0      0      0      0      0      0      0      0      0      0 
     0      0      0      0      0      0      0      0      0      0      0      0      0      0      0      0      0      0      0 
0 -1 -1
     0      0      0      0      0      0      0      0      0      0      0      0      0      0      0      0      0      0      0 
  6224   6394   6079   6674   6705   6252   5603   6571   6778   6775   6244   5746   6560   7019   6554   6158   9621   7119   6499 
 17236  13361     51    157   6079   6252   6394   6705   6224   6674   6775   6778   6571   6560   9621   7019   7119   6554   6499   6158   5746   6244   5603  13536  26305      0      0  65535 
     0      0      0      0      0      0      0      0      0      0      0      0      0      0      0      0      0      0      0 
     0      0      0      0      0      0      0      0      0      0      0      0      0      0      0      0      0      0      0 
     0      0      0      0      0      0      0      0      0      0      0      0      0      0      0      0      0      0      0 
0 -1 -1
     0      0      0      0      0      0      0      0      0      0      0      0      0      0      0      0      0      0      0 
  6226   6392   6080   6676   6704   6253   5603   6571   6779   6774   6244   5745   6563   7019   6554   6159   9623   7120   6496 
 17236  13361     51    157   6080   6253   6392   6704   6226   6676   6774   6779   6571   6563   9623   7019   7120   6554   6496   6159   5745   6244   5603  13529  26305      0      0  65535 
     0      0      0      0      0      0      0      0      0      0      0      0      0      0      0      0      0      0      0 
     0      0      0      0      0      0      0      0      0      0      0      0      0      0      0      0      0      0      0 
     0      0      0      0      0      0      0      0      0      0      0      0      0      0      0      0      0      0      0 
0 -1 -1
     0      0      0      0      0      0      0      0      0      0      0      0      0      0      0      0      0      0      0 
  6229   6395   6079   6676   6706   6253   5603   6571   6779   6775   6245   5746   6563   7019   6555   6158   9624   7120   6498 
 17236  13361     51    157   6079   6253   6395   6706   6229   6676   6775   6779   6571   6563   9624   7019   7120   6555   6498   6158   5746   6245   5603  13529  26304      0      0  65535 
     0      0      0      0      0      0      0      0      0      0      0      0      0      0      0      0      0      0      0 
     0      0      0      0      0      0      0      0      0      0      0      0      0      0      0      0      0      0      0 
     0      0      0      0      0      0      0      0      0      0      0      0      0      0      0      0      0      0      0 
0 -1 -1
     0      0      0      0      0      0      0      0      0      0      0      0      0      0      0      0      0      0      0 
  6230   6395   6078   6677   6705   6252   5602   6572   6779   6773   6244   5747   6561   7020   6554   6157   9631   7123   6499 
 17236  13361     51    157   6078   6252   6395   6705   6230   6677   6773   6779   6572   6561   9631   7020   7123   6554   6499   6157   5747   6244   5602  13530  26304      1      0  65535 
     0      0      0      0      0      0      0      0      0      0      0      0      0      0      0      0      0      0      0 
     0      0      0      0      0      0      0      0      0      0      0      0      0      0      0      0      0      0      0 
     0      0      0      0      0      0      0      0      0      0      0      0      0      0      0      0      0      0      0 
0 -1 -1
     0      0      0      0      0      0      0      0      0      0      0      0      0      0      0      0      0      0      0 
  6232   6394   6079   6677   6705   6253   5603   6572   6778   6774   6244   5746   6563   7021   6554   6159   9629   7121   6500 
 17236  13361     51    157   6079   6253   6394   6705   6232   6677   6774   6778   6572   6563   9629   7021   7121   6554   6500   6159   5746   6244   5603  13531  26304      0      0  65535 
     0      0      0      0      0      0      0      0      0      0      0      0      0      0      0      0      0      0      0 
     0      0      0      0      0      0      0      0      0      0      0      0      0      0      0      0      0      0      0 
     0      0      0      0      0      0      0      0      0      0      0      0      0      0      0      0      0      0      0 
0 -1 -1
     0      0      0      0      0      0      0      0      0      0      0      0      0      0      0      0      0      0      0 
  6233   6396   6077   6678   6706   6251   5602   6572   6780   6774   6244   5746   6563   7021   6554   6157   9627   7121   6499 
 17236  13361     51    157   6077   6251   6396   6706   6233   6678   6774   6780   6572   6563   9627   7021   7121   6554   6499   6157   5746   6244   5602  13532  26304      0      0  65535 
     0      0      0      0      0      0      0      0      0      0      0      0      0      0      0      0      0      0      0 
     0      0      0      0      0      0      0      0      0      0      0      0      0      0      0      0      0      0      0 
     0      0      0      0      0      0      0      0      0      0      0      0      0      0      0      0      0      0      0 
0 -1 -1
     0      0      0      0      0      0      0      0      0      0      0      0      0      0      0      0      0      0      0 
  6236   6395   6079   6677   6707   6253   5603   6571   6779   6774   6243   5748   6565   7021   6556   6159   9624   7122   6499 
 17236  13361     51    157   6079   6253   6395   6707   6236   6677   6774   6779   6571   6565   9624   7021   7122   6556   6499   6159   5748   6243   5603  13532  26304      0      0  65535 
     0      0      0      0      0      0      0      0      0      0      0      0      0      0      0      0      0      0      0 
     0      0      0      0      0      0      0      0      0      0      0      0      0      0      0      0      0      0      0 
     0      0      0      0      0      0      0      0      0      0      0      0      0      0      0      0      0      0      0 
0 -1 -1
     0      0      0      0      0      0      0      0      0      0      0      0      0      0      0      0      0      0      0 
  6237   6397   6079   6679   6707   6252   5602   6573   6780   6776   6243   5747   6564   7022   6555   6158   9625   7125   6501 
 17236  13361     51    157   6079   6252   6397   6707   6237   6679   6776   6780   6573   6564   9625   7022   7125   6555   6501   6158   5747   6243   5602  13532  26304      1      0  65535 
     0      0      0      0      0      0      0      0      0      0      0      0      0      0      0      0      0      0      0 
     0      0      0      0      0      0      0      0      0      0      0      0      0      0      0      0      0      0      0 
     0      0      0      0      0      0      0      0      0      0      0      0      0      0      0      0      0      0      0 
0 -1 -1
     0      0      0      0      0      0      0      0      0      0      0      0      0      0      0      0      0      0      0 
  6240   6397   6080   6678   6708   6252   5602   6572   6781   6775   6243   5745   6565   7022   6555   6159   9635   7124   6501 
 17236  13361     51    157   6080   6252   6397   6708   6240   6678   6775   6781   6572   6565   9635   7022   7124   6555   6501   6159   5745   6243   5602  13532  26305      0      0  65535 
     0      0      0      0      0      0      0      0      0      0      0      0      0      0      0      0      0      0      0 
     0      0      0      0      0      0      0      0      0      0      0      0      0      0      0      0      0      0      0 
     0      0      0      0      0      0      0      0      0      0      0      0      0      0      0      0      0      0      0 
0 -1 -1
     0      0      0      0      0      0      0      0      0      0      0      0      0      0      0      0      0      0      0 
  6244   6399   6078   6681   6709   6253   5602   6573   6781   6775   6244   5748   6564   7022   6555   6159   9629   7124   6501 
 17236  13361     51    157   6078   6253   6399   6709   6244   6681   6775   6781   6573   6564   9629   7022   7124   6555   6501   6159   5748   6244   5602  13532  26305      0      0  65535 
     0      0      0      0      0      0      0      0      0      0      0      0      0      0      0      0      0      0      0 
     0      0      0      0      0      0      0      0      0      0      0      0      0      0      0      0      0      0      0 
     0      0      0      0      0      0      0      0      0      0      0      0      0      0      0      0      0      0      0 
0 -1 -1
     0      0      0      0      0      0      0      0      0      0      0      0      0      0      0      0      0      0      0 
  6245   6399   6080   6681   6710   6252   5603   6573   6780   6777   6243   5748   6565   7021   6557   6160   9631   7126   6501 
 17236  13361     51    157   6080   6252   6399   6710   6245   6681   6777   6780   6573   6565   9631   7021   7126   6557   6501   6160   5748   6243   5603  13533  26305      0      0  65535 
     0      0      0      0      0      0      0      0      0      0      0      0      0      0      0      0      0      0      0 
     0      0      0      0      0      0      0      0      0      0      0      0      0      0      0      0      0      0      0 
     0      0      0      0      0      0      0      0      0      0      0      0      0      0      0      0      0      0      0 
0 -1 -1
