    12    191    255      0     75    255    126      0      0    255    255     27      0     70    255     30      0     82     26 
  6904  14628  21317   6354   8751  24861  10806   6118   6321  16343  13766   6425   6073   9715  13035   7398   9509  11657   7949 
 17236  13361     51    148  21317  24861  14628   8751   6904   6354  16343   6321   6118   6073   9509   9715  11657  13035   7949   7398   6425  13766  10806  13533  26305      0      0  65535 
     0      0      0      0      0      0      0      0      0      0      0      0      0      0      0      0      0      0      0 
     0      0      0      0      0      0      0      0      0      0      0      0      0      0      0      0      0      0      0 
     0      0      0      0      0      0      0      0      0      0      0      0      0      0      0      0      0      0      0 
0 -1 -1
    14    187    255      0     70    255    148      0      0    255    255     32      0     92    255     30      4     98     27 
  7015  14448  23024   6372   8618  25817  11782   6119   6308  17303  15148   6598   6072  10232  13974   7442   9758  12408   8009 
 17236  13361     51    146  23024  25817  14448   8618   7015   6372  17303   6308   6119   6072   9758  10232  12408  13974   8009   7442   6598  15148  11782  13540  26305      0      1  65535 
     0      0      0      0      0      0      0      0      0      0      0      0      0      0      0      0      0      0      0 
     0      0      0      0      0      0      0      0      0      0      0      0      0      0      0      0      0      0      0 
     0      0      0      0      0      0      0      0      0      0      0      0      0      0      0      0      0      0      0 
0 -1 -1
    17    184    255      0     65    255    173      0      0    255    255     37      0    110    255     29     23    116     29 
  7216  14325  24535   6391   8496  26748  12850   6116   6279  18210  16584   6761   6070  10657  14733   7390  10606  13236   8142 
 17236  13361     51    144  24535  26748  14325   8496   7216   6391  18210   6279   6116   6070  10606  10657  13236  14733   8142   7390   6761  16584  12850  13535  26304      0      1  65535 
     0      0      0      0      0      0      0      0      0      0      0      0      0      0      0      0      0      0      0 
     0      0      0      0      0      0      0      0      0      0      0      0      0      0      0      0      0      0      0 
     0      0      0      0      0      0      0      0      0      0      0      0      0      0      0      0      0      0      0 
0 -1 -1
    19    171    255      0     51    255    205      0      0    255    255     43      0    119    255     29     20    136     33 
  7324  13766  26182   6398   8125  27542  14243   6110   6240  18748  18247   6963   6068  10869  15423   7363  10487  14149   8409 
 17236  13361     51    142  26182  27542  13766   8125   7324   6398  18748   6240   6110   6068  10487  10869  14149  15423   8409   7363   6963  18247  14243  13533  26304      0      1  65535 
     0      0      0      0      0      0      0      0      0      0      0      0      0      0      0      0      0      0      0 
     0      0      0      0      0      0      0      0      0      0      0      0      0      0      0      0      0      0      0 
     0      0      0      0      0      0      0      0      0      0      0      0      0      0      0      0      0      0      0 
0 -1 -1
    21    167    255      1     45    255    237      0      0    255    255     48      0    140    255     26     11    164     38 
  7436  13577  27457   6412   7982  28688  15616   6106   6228  19852  20102   7127   6068  11378  16213   7210  10062  15451   8673 
 17236  13361     51    139  27457  28688  13577   7982   7436   6412  19852   6228   6106   6068  10062  11378  15451  16213   8673   7210   7127  20102  15616  13533  26304      0      1  65535 
     0      0      0      0      0      0      0      0      0      0      0      0      0      0      0      0      0      0      0 
     0      0      0      0      0      0      0      0      0      0      0      0      0      0      0      0      0      0      0 
     0      0      0      0      0      0      0      0      0      0      0      0      0      0      0      0      0      0      0 
0 -1 -1
    21    157    255      1     34    255    255      0      0    255    255     49      0    152    255     23      2    191     41 
  7491  13137  28253   6421   7713  29576  16716   6103   6218  20676  21324   7174   6068  11670  16651   7048   9666  16702   8897 
 17236  13361     51    137  28253  29576  13137   7713   7491   6421  20676   6218   6103   6068   9666  11670  16702  16651   8897   7048   7174  21324  16716  13546  26304      0      0  65535 
     0      0      0      0      0      0      0      0      0      0      0      0      0      0      0      0      0      0      0 
     0      0      0      0      0      0      0      0      0      0      0      0      0      0      0      0      0      0      0 
     0      0      0      0      0      0      0      0      0      0      0      0      0      0      0      0      0      0      0 
0 -1 -1
    19    134    255      0     16    255    246      0      0    255    255     45      0    111    255     23      0    160     36 
  7337  12151  26287   6396   7258  27277  15989   6110   6218  18810  20015   7054   6078  10689  15600   7053   9466  15275   8589 
 17236  13361     51    137  26287  27277  12151   7258   7337   6396  18810   6218   6110   6078   9466  10689  15275  15600   8589   7053   7054  20015  15989  13541  26304      0      1  65535 
     0      0      0      0      0      0      0      0      0      0      0      0      0      0      0      0      0      0      0 
     0      0      0      0      0      0      0      0      0      0      0      0      0      0      0      0      0      0      0 
     0      0      0      0      0      0      0      0      0      0      0      0      0      0      0      0      0      0      0 
0 -1 -1
    10     90    255      0      0    255    147      0      0    255    255     27      0     21    230     22      0     56     18 
  6762  10218  19455   6340   6791  19950  11735   6137   6281  13684  13960   6437   6105   8539  12006   7009   9495  10505   7397 
 17236  13361     51    144  19455  19950  10218   6791   6762   6340  13684   6281   6137   6105   9495   8539  10505  12006   7397   7009   6437  13960  11735  13538  26304      0      0  65535 
     0      0      0      0      0      0      0      0      0      0      0      0      0      0      0      0      0      0      0 
     0      0      0      0      0      0      0      0      0      0      0      0      0      0      0      0      0      0      0 
     0      0      0      0      0      0      0      0      0      0      0      0      0      0      0      0      0      0      0 
0 -1 -1
     1     49    152      0      0    255     67      0      0    177    144     13      0      0    136     18      0      6      8 
  6165   8475  13057   6308   6701  14337   8282   6161   6374  10854   9810   5944   6121   7655   9668   6802   9509   8190   6758 
 17236  13361     51    150  13057  14337   8475   6701   6165   6308  10854   6374   6161   6121   9509   7655   8190   9668   6758   6802   5944   9810   8282  13539  26304      0      0  65535 
     0      0      0      0      0      0      0      0      0      0      0      0      0      0      0      0      0      0      0 
     0      0      0      0      0      0      0      0      0      0      0      0      0      0      0      0      0      0      0 
     0      0      0      0      0      0      0      0      0      0      0      0      0      0      0      0      0      0      0 
0 -1 -1
     0     36     70      0      0    139     21      0      0     65     49      6      0      0     47     11      0      0      4 
  5908   7905   9210   6279   6783   9722   6284   6160   6397   8235   7244   5701   6134   6871   7445   6413   9532   7203   6477 
 17236  13361     51    155   9210   9722   7905   6783   5908   6279   8235   6397   6160   6134   9532   6871   7203   7445   6477   6413   5701   7244   6284  13539  26304      0      0  65535 
     0      0      0      0      0      0      0      0      0      0      0      0      0      0      0      0      0      0      0 
     0      0      0      0      0      0      0      0      0      0      0      0      0      0      0      0      0      0      0 
     0      0      0      0      0      0      0      0      0      0      0      0      0      0      0      0      0      0      0 
0 -1 -1
     0      0      3      0      0      6      0      0      0      0      1      1      0      0      0      1      0      0      0 
  5863   6294   6032   6262   6345   6152   5395   6170   6363   6452   5931   5541   6142   6599   6204   5888   9528   6761   6209 
 17236  13361     51    156   6032   6152   6294   6345   5863   6262   6452   6363   6170   6142   9528   6599   6761   6204   6209   5888   5541   5931   5395  13539  26304      0      0  65535 
     0      0      0      0      0      0      0      0      0      0      0      0      0      0      0      0      0      0      0 
     0      0      0      0      0      0      0      0      0      0      0      0      0      0      0      0      0      0      0 
     0      0      0      0      0      0      0      0      0      0      0      0      0      0      0      0      0      0      0 
0 -1 -1
     0      0      0      0      0      0      0      0      0      0      0      1      0      0      0      1      0      0      0 
  5858   6059   5847   6259   6273   5904   5372   6172   6345   6359   5910   5544   6146   6596   6184   5885   9532   6755   6207 
 17236  13361     51    157   5847   5904   6059   6273   5858   6259   6359   6345   6172   6146   9532   6596   6755   6184   6207   5885   5544   5910   5372  13539  26304      0      0  65535 
     0      0      0      0      0      0      0      0      0      0      0      0      0      0      0      0      0      0      0 
     0      0      0      0      0      0      0      0      0      0      0      0      0      0      0      0      0      0      0 
     0      0      0      0      0      0      0      0      0      0      0      0      0      0      0      0      0      0      0 
0 -1 -1
     0      0      0      0      0      0      0      0      0      0      0      1      0      0      0      1      0      0      0 
  5860   6058   5846   6260   6275   5900   5373   6174   6347   6359   5911   5545   6148   6598   6184   5886   9540   6758   6209 
 17236  13361     51    157   5846   5900   6058   6275   5860   6260   6359   6347   6174   6148   9540   6598   6758   6184   6209   5886   5545   5911   5373  13539  26305      1      0  65535 
     0      0      0      0      0      0      0      0      0      0      0      0      0      0      0      0      0      0      0 
     0      0      0      0      0      0      0      0      0      0      0      0      0      0      0      0      0      0      0 
     0      0      0      0      0      0      0      0      0      0      0      0      0      0      0      0      0      0      0 
0 -1 -1
     0      0      0      0      0      0      0      0      0      0      0      1      0      0      0      1      0      0      0 
  5861   6061   5846   6261   6278   5903   5374   6177   6349   6360   5912   5545   6150   6601   6185   5889   9543   6759   6211 
 17236  13361     51    157   5846   5903   6061   6278   5861   6261   6360   6349   6177   6150   9543   6601   6759   6185   6211   5889   5545   5912   5374  13539  26305      0      0  65535 
     0      0      0      0      0      0      0      0      0      0      0      0      0      0      0      0      0      0      0 
     0      0      0      0      0      0      0      0      0      0      0      0      0      0      0      0      0      0      0 
     0      0      0      0      0      0      0      0      0      0      0      0      0      0      0      0      0      0      0 
0 -1 -1
     0      0      0      0      0      0      0      0      0      0      0      1      0      0      0      1      0      0      0 
  5863   6062   5848   6262   6280   5902   5376   6176   6350   6362   5913   5549   6151   6600   6187   5891   9538   6760   6213 
 17236  13361     51    157   5848   5902   6062   6280   5863   6262   6362   6350   6176   6151   9538   6600   6760   6187   6213   5891   5549   5913   5376  13540  26305      0      1  65535 
     0      0      0      0      0      0      0      0      0      0      0      0      0      0      0      0      0      0      0 
     0      0      0      0      0      0      0      0      0      0      0      0      0      0      0      0      0      0      0 
     0      0      0      0      0      0      0      0      0      0      0      0      0      0      0      0      0      0      0 
0 -1 -1
     0      0      0      0      0      0      0      0      0      0      0      1      0      0      0      1      0      0      0 
  5866   6064   5849   6264   6282   5905   5378   6178   6352   6363   5916   5552   6154   6605   6188   5894   9538   6764   6216 
 17236  13361     51    157   5849   5905   6064   6282   5866   6264   6363   6352   6178   6154   9538   6605   6764   6188   6216   5894   5552   5916   5378  13540  26305      0      0  65535 
     0      0      0      0      0      0      0      0      0      0      0      0      0      0      0      0      0      0      0 
     0      0      0      0      0      0      0      0      0      0      0      0      0      0      0      0      0      0      0 
     0      0      0      0      0      0      0      0      0      0      0      0      0      0      0      0      0      0      0 
0 -1 -1
     0      0      0      0      0      0      0      0      0      0      0      1      0      0      0      1      0      0      0 
  5867   6066   5852   6265   6286   5908   5381   6180   6357   6367   5917   5553   6157   6607   6192   5896   9537   6768   6219 
 17236  13361     51    157   5852   5908   6066   6286   5867   6265   6367   6357   6180   6157   9537   6607   6768   6192   6219   5896   5553   5917   5381  13540  26305      0      1  65535 
     0      0      0      0      0      0      0      0      0      0      0      0      0      0      0      0      0      0      0 
     0      0      0      0      0      0      0      0      0      0      0      0      0      0      0      0      0      0      0 
     0      0      0      0      0      0      0      0      0      0      0      0      0      0      0      0      0      0      0 
0 -1 -1
     0      0      0      0      0      0      0      0      0      0      1      1      0      0      0      1      0      0      0 
  5868   6068   5854   6269   6289   5909   5383   6179   6357   6369   5920   5555   6156   6611   6194   5899   9542   6768   6222 
 17236  13361     51    157   5854   5909   6068   6289   5868   6269   6369   6357   6179   6156   9542   6611   6768   6194   6222   5899   5555   5920   5383  13539  26305      0      0  65535 
     0      0      0      0      0      0      0      0      0      0      0      0      0      0      0      0      0      0      0 
     0      0      0      0      0      0      0      0      0      0      0      0      0      0      0      0      0      0      0 
     0      0      0      0      0      0      0      0      0      0      0      0      0      0      0      0      0      0      0 
0 -1 -1
     0      0      0      0      0      0      0      0      0      0      1      1      0      0      0      1      0      0      0 
  5871   6070   5856   6270   6289   5912   5384   6182   6359   6371   5922   5557   6158   6611   6197   5901   9540   6771   6223 
 17236  13361     51    157   5856   5912   6070   6289   5871   6270   6371   6359   6182   6158   9540   6611   6771   6197   6223   5901   5557   5922   5384  13539  26304      0      0  65535 
     0      0      0      0      0      0      0      0      0      0      0      0      0      0      0      0      0      0      0 
     0      0      0      0      0      0      0      0      0      0      0      0      0      0      0      0      0      0      0 
     0      0      0      0      0      0      0      0      0      0      0      0      0      0      0      0      0      0      0 
0 -1 -1
     0      0      0      0      0      0      0      0      0      0      1      1      0      0      0      1      0      0      0 
  5874   6072   5859   6272   6293   5915   5386   6185   6363   6374   5925   5559   6161   6615   6198   5903   9544   6775   6228 
 17236  13361     51    157   5859   5915   6072   6293   5874   6272   6374   6363   6185   6161   9544   6615   6775   6198   6228   5903   5559   5925   5386  13540  26304      0      0  65535 
     0      0      0      0      0      0      0      0      0      0      0      0      0      0      0      0      0      0      0 
     0      0      0      0      0      0      0      0      0      0      0      0      0      0      0      0      0      0      0 
     0      0      0      0      0      0      0      0      0      0      0      0      0      0      0      0      0      0      0 
0 -1 -1
     0      0      0      0      0      0      0      0      0      0      1      2      0      0      0      1      0      0      0 
  5876   6076   5862   6273   6295   5919   5389   6185   6364   6378   5928   5562   6162   6618   6201   5905   9542   6778   6229 
 17236  13361     51    157   5862   5919   6076   6295   5876   6273   6378   6364   6185   6162   9542   6618   6778   6201   6229   5905   5562   5928   5389  13540  26304      0      0  65535 
     0      0      0      0      0      0      0      0      0      0      0      0      0      0      0      0      0      0      0 
     0      0      0      0      0      0      0      0      0      0      0      0      0      0      0      0      0      0      0 
     0      0      0      0      0      0      0      0      0      0      0      0      0      0      0      0      0      0      0 
0 -1 -1
     0      0      0      0      0      0      0      0      0      0      1      2      0      0      0      1      0      0      0 
  5879   6079   5865   6276   6299   5922   5393   6187   6369   6381   5931   5564   6165   6621   6205   5906   9545   6782   6233 
 17236  13361     51    157   5865   5922   6079   6299   5879   6276   6381   6369   6187   6165   9545   6621   6782   6205   6233   5906   5564   5931   5393  13539  26304      0      0  65535 
     0      0      0      0      0      0      0      0      0      0      0      0      0      0      0      0      0      0      0 
     0      0      0      0      0      0      0      0      0      0      0      0      0      0      0      0      0      0      0 
     0      0      0      0      0      0      0      0      0      0      0      0      0      0      0      0      0      0      0 
0 -1 -1
     0      0      0      0      0      0      0      0      0      0      1      2      0      0      0      1      0      0      0 
  5880   6080   5868   6278   6301   5925   5394   6188   6370   6384   5934   5567   6167   6624   6208   5909   9550   6785   6235 
 17236  13361     51    157   5868   5925   6080   6301   5880   6278   6384   6370   6188   6167   9550   6624   6785   6208   6235   5909   5567   5934   5394  13537  26304      0      0  65535 
     0      0      0      0      0      0      0      0      0      0      0      0      0      0      0      0      0      0      0 
     0      0      0      0      0      0      0      0      0      0      0      0      0      0      0      0      0      0      0 
     0      0      0      0      0      0      0      0      0      0      0      0      0      0      0      0      0      0      0 
0 -1 -1
     0      0      0      0      0      0      0      1      0      0      1      2      0      0      0      1      0      0      0 
  5882   6083   5871   6278   6303   5926   5397   6190   6371   6385   5937   5569   6168   6625   6211   5912   9550   6787   6238 
 17236  13361     51    157   5871   5926   6083   6303   5882   6278   6385   6371   6190   6168   9550   6625   6787   6211   6238   5912   5569   5937   5397  13533  26305      0      0  65535 
     0      0      0      0      0      0      0      0      0      0      0      0      0      0      0      0      0      0      0 
     0      0      0      0      0      0      0      0      0      0      0      0      0      0      0      0      0      0      0 
     0      0      0      0      0      0      0      0      0      0      0      0      0      0      0      0      0      0      0 
0 -1 -1
     0      0      0      0      0      0      0      1      0      0      1      2      0      0      0      1      0      0      0 
  5884   6085   5871   6282   6307   5930   5400   6192   6375   6389   5939   5569   6172   6629   6213   5915   9554   6791   6240 
 17236  13361     51    157   5871   5930   6085   6307   5884   6282   6389   6375   6192   6172   9554   6629   6791   6213   6240   5915   5569   5939   5400  13531  26304      0      1  65535 
     0      0      0      0      0      0      0      0      0      0      0      0      0      0      0      0      0      0      0 
     0      0      0      0      0      0      0      0      0      0      0      0      0      0      0      0      0      0      0 
     0      0      0      0      0      0      0      0      0      0      0      0      0      0      0      0      0      0      0 
0 -1 -1
     0      0      0      0      0      0      0      1      0      0      1      2      0      0      0      1      0      0      0 
  5887   6086   5874   6281   6308   5931   5401   6194   6376   6392   5942   5572   6171   6631   6218   5917   9546   6793   6243 
 17236  13361     51    157   5874   5931   6086   6308   5887   6281   6392   6376   6194   6171   9546   6631   6793   6218   6243   5917   5572   5942   5401  13529  26304      0      0  65535 
     0      0      0      0      0      0      0      0      0      0      0      0      0      0      0      0      0      0      0 
     0      0      0      0      0      0      0      0      0      0      0      0      0      0      0      0      0      0      0 
     0      0      0      0      0      0      0      0      0      0      0      0      0      0      0      0      0      0      0 
0 -1 -1
     0      0      0      0      0      0      0      1      0      0      1      2      0      0      0      1      0      0      0 
  5886   6090   5878   6286   6311   5936   5404   6195   6379   6395   5944   5575   6174   6635   6218   5918   9554   6796   6246 
 17236  13361     51    157   5878   5936   6090   6311   5886   6286   6395   6379   6195   6174   9554   6635   6796   6218   6246   5918   5575   5944   5404  13530  26304      0      0  65535 
     0      0      0      0      0      0      0      0      0      0      0      0      0      0      0      0      0      0      0 
     0      0      0      0      0      0      0      0      0      0      0      0      0      0      0      0      0      0      0 
     0      0      0      0      0      0      0      0      0      0      0      0      0      0      0      0      0      0      0 
0 -1 -1
     0      0      0      0      0      0      0      1      0      0      1      2      0      0      0      1      0      0      0 
  5889   6093   5881   6285   6314   5937   5405   6196   6379   6398   5946   5575   6176   6635   6221   5921   9555   6800   6248 
 17236  13361     51    157   5881   5937   6093   6314   5889   6285   6398   6379   6196   6176   9555   6635   6800   6221   6248   5921   5575   5946   5405  13533  26305      0      0  65535 
     0      0      0      0      0      0      0      0      0      0      0      0      0      0      0      0      0      0      0 
     0      0      0      0      0      0      0      0      0      0      0      0      0      0      0      0      0      0      0 
     0      0      0      0      0      0      0      0      0      0      0      0      0      0      0      0      0      0      0 
0 -1 -1
     0      0      0      0      0      0      0      1      0      0      2      2      0      0      0      1      0      0      0 
  5891   6095   5881   6287   6316   5939   5408   6197   6383   6398   5949   5579   6178   6638   6224   5923   9548   6802   6250 
 17236  13361     51    157   5881   5939   6095   6316   5891   6287   6398   6383   6197   6178   9548   6638   6802   6224   6250   5923   5579   5949   5408  13532  26305      0      0  65535 
     0      0      0      0      0      0      0      0      0      0      0      0      0      0      0      0      0      0      0 
     0      0      0      0      0      0      0      0      0      0      0      0      0      0      0      0      0      0      0 
     0      0      0      0      0      0      0      0      0      0      0      0      0      0      0      0      0      0      0 
0 -1 -1
     0      0      0      0      0      0      1      1      0      0      2      2      0      0      0      1      0      0      0 
  5894   6098   5884   6290   6318   5943   5411   6198   6384   6402   5950   5580   6180   6641   6226   5925   9555   6805   6254 
 17236  13361     51    157   5884   5943   6098   6318   5894   6290   6402   6384   6198   6180   9555   6641   6805   6226   6254   5925   5580   5950   5411  13531  26305      0      0  65535 
     0      0      0      0      0      0      0      0      0      0      0      0      0      0      0      0      0      0      0 
     0      0      0      0      0      0      0      0      0      0      0      0      0      0      0      0      0      0      0 
     0      0      0      0      0      0      0      0      0      0      0      0      0      0      0      0      0      0      0 
0 -1 -1
     0      0      0      0      0      0      1      1      0      0      2      2      0      0      0      1      0      0      0 
  5896   6100   5886   6291   6321   5947   5413   6200   6387   6404   5953   5583   6183   6644   6229   5926   9551   6807   6254 
 17236  13361     51    157   5886   5947   6100   6321   5896   6291   6404   6387   6200   6183   9551   6644   6807   6229   6254   5926   5583   5953   5413  13531  26305      0      0  65535 
     0      0      0      0      0      0      0      0      0      0      0      0      0      0      0      0      0      0      0 
     0      0      0      0      0      0      0      0      0      0      0      0      0      0      0      0      0      0      0 
     0      0      0      0      0      0      0      0      0      0      0      0      0      0      0      0      0      0      0 
0 -1 -1
     0      0      0      0      0      0      1      1      0      0      2      2      0      0      0      1      0      0      0 
  5897   6103   5888   6293   6324   5949   5413   6202   6388   6408   5957   5585   6184   6646   6231   5930   9559   6811   6257 
 17236  13361     51    157   5888   5949   6103   6324   5897   6293   6408   6388   6202   6184   9559   6646   6811   6231   6257   5930   5585   5957   5413  13531  26305      0      0  65535 
     0      0      0      0      0      0      0      0      0      0      0      0      0      0      0      0      0      0      0 
     0      0      0      0      0      0      0      0      0      0      0      0      0      0      0      0      0      0      0 
     0      0      0      0      0      0      0      0      0      0      0      0      0      0      0      0      0      0      0 
0 -1 -1
     0      0      0      0      0      0      1      1      0      0      2      2      0      0      0      1      0      0      0 
  5901   6104   5891   6296   6324   5951   5417   6204   6391   6410   5959   5587   6185   6650   6235   5932   9551   6814   6259 
 17236  13361     51    157   5891   5951   6104   6324   5901   6296   6410   6391   6204   6185   9551   6650   6814   6235   6259   5932   5587   5959   5417  13531  26304      0      0  65535 
     0      0      0      0      0      0      0      0      0      0      0      0      0      0      0      0      0      0      0 
     0      0      0      0      0      0      0      0      0      0      0      0      0      0      0      0      0      0      0 
     0      0      0      0      0      0      0      0      0      0      0      0      0      0      0      0      0      0      0 
0 -1 -1
     0      0      0      0      0      0      1      1      0      0      2      2      0      0      0      1      0      0      1 
  5903   6108   5894   6296   6330   5954   5418   6205   6394   6415   5961   5589   6187   6653   6238   5934   9551   6818   6263 
 17236  13361     51    157   5894   5954   6108   6330   5903   6296   6415   6394   6205   6187   9551   6653   6818   6238   6263   5934   5589   5961   5418  13531  26304      0      0  65535 
     0      0      0      0      0      0      0      0      0      0      0      0      0      0      0      0      0      0      0 
     0      0      0      0      0      0      0      0      0      0      0      0      0      0      0      0      0      0      0 
     0      0      0      0      0      0      0      0      0      0      0      0      0      0      0      0      0      0      0 
0 -1 -1
     0      0      0      0      0      0      1      1      0      0      2      2      0      0      0      1      0      0      1 
  5904   6110   5896   6299   6332   5958   5423   6206   6396   6415   5964   5591   6190   6656   6241   5936   9547   6820   6264 
 17236  13361     51    157   5896   5958   6110   6332   5904   6299   6415   6396   6206   6190   9547   6656   6820   6241   6264   5936   5591   5964   5423  13531  26305      0      0  65535 
     0      0      0      0      0      0      0      0      0      0      0      0      0      0      0      0      0      0      0 
     0      0      0      0      0      0      0      0      0      0      0      0      0      0      0      0      0      0      0 
     0      0      0      0      0      0      0      0      0      0      0      0      0      0      0      0      0      0      0 
0 -1 -1
     0      0      0      0      0      0      1      1      0      0      2      2      0      0      0      2      0      0      1 
  5906   6111   5898   6301   6335   5958   5424   6207   6397   6419   5967   5593   6191   6658   6242   5939   9552   6823   6265 
 17236  13361     51    157   5898   5958   6111   6335   5906   6301   6419   6397   6207   6191   9552   6658   6823   6242   6265   5939   5593   5967   5424  13532  26305      1      0  65535 
     0      0      0      0      0      0      0      0      0      0      0      0      0      0      0      0      0      0      0 
     0      0      0      0      0      0      0      0      0      0      0      0      0      0      0      0      0      0      0 
     0      0      0      0      0      0      0      0      0      0      0      0      0      0      0      0      0      0      0 
0 -1 -1
