     5      7      8      5      6      7      8      6      8      6      7      9      8      7      7      7      0      8      6 
  4759   4736   4789   4969   4608   4354   4249   5153   4819   4673   4348   4302   4982   5035   4629   4797   9390   5590   5251 
 17236  13361     51    151   4789   4354   4736   4608   4759   4969   4673   4819   5153   4982   9390   5035   5590   4629   5251   4797   4302   4348   4249  13533  26303      0      0  65535 
     0      0      0      0      0      0      0      0      0      0      0      0      0      0      0      0      0      0      0 
     0      0      0      0      0      0      0      0      0      0      0      0      0      0      0      0      0      0      0 
     0      0      0      0      0      0      0      0      0      0      0      0      0      0      0      0      0      0      0 
0 -1 -1
     5      7      9      5      7      7      8      6      8      6      7      9      8      7      7      7      0      8      6 
  4763   4740   4794   4975   4609   4357   4251   5161   4822   4674   4351   4303   4987   5036   4631   4798   9392   5593   5252 
 17236  13361     51    151   4794   4357   4740   4609   4763   4975   4674   4822   5161   4987   9392   5036   5593   4631   5252   4798   4303   4351   4251  13533  26304      0      0  65535 
     0      0      0      0      0      0      0      0      0      0      0      0      0      0      0      0      0      0      0 
     0      0      0      0      0      0      0      0      0      0      0      0      0      0      0      0      0      0      0 
     0      0      0      0      0      0      0      0      0      0      0      0      0      0      0      0      0      0      0 
0 -1 -1
     6      7      9      5      7      7      8      6      8      6      7      9      8      7      7      7      0      8      6 
  4766   4740   4794   4977   4610   4354   4252   5163   4823   4674   4350   4304   4987   5036   4630   4800   9369   5594   5253 
 17236  13361     51    151   4794   4354   4740   4610   4766   4977   4674   4823   5163   4987   9369   5036   5594   4630   5253   4800   4304   4350   4252  13535  26305      0      0  65535 
     0      0      0      0      0      0      0      0      0      0      0      0      0      0      0      0      0      0      0 
     0      0      0      0      0      0      0      0      0      0      0      0      0      0      0      0      0      0      0 
     0      0      0      0      0      0      0      0      0      0      0      0      0      0      0      0      0      0      0 
0 -1 -1
     5      6      8      4      5      6      6      6      7      5      6      7      7      5      5      6      0      6      5 
  4712   4700   4749   4930   4581   4327   4197   5104   4786   4647   4313   4256   4938   5002   4592   4742   9318   5536   5186 
 17236  13361     51    151   4749   4327   4700   4581   4712   4930   4647   4786   5104   4938   9318   5002   5536   4592   5186   4742   4256   4313   4197  13535  26305      0      0  65535 
     0      0      0      0      0      0      0      0      0      0      0      0      0      0      0      0      0      0      0 
     0      0      0      0      0      0      0      0      0      0      0      0      0      0      0      0      0      0      0 
     0      0      0      0      0      0      0      0      0      0      0      0      0      0      0      0      0      0      0 
0 -1 -1
     2      3      5      2      2      3      3      3      3      2      2      4      4      2      2      3      0      3      3 
  4565   4583   4611   4800   4504   4240   4068   4949   4693   4575   4222   4138   4805   4916   4505   4599   9255   5382   5026 
 17236  13361     51    152   4611   4240   4583   4504   4565   4800   4575   4693   4949   4805   9255   4916   5382   4505   5026   4599   4138   4222   4068  13537  26304      0      0  65535 
     0      0      0      0      0      0      0      0      0      0      0      0      0      0      0      0      0      0      0 
     0      0      0      0      0      0      0      0      0      0      0      0      0      0      0      0      0      0      0 
     0      0      0      0      0      0      0      0      0      0      0      0      0      0      0      0      0      0      0 
0 -1 -1
     1      1      2      0      0      1      1      2      1      0      0      1      1      0      0      1      0      1      1 
  4448   4486   4496   4699   4443   4171   3978   4830   4624   4522   4162   4051   4703   4852   4448   4494   9242   5272   4910 
 17236  13361     51    152   4496   4171   4486   4443   4448   4699   4522   4624   4830   4703   9242   4852   5272   4448   4910   4494   4051   4162   3978  13537  26304      0      1  65535 
     0      0      0      0      0      0      0      0      0      0      0      0      0      0      0      0      0      0      0 
     0      0      0      0      0      0      0      0      0      0      0      0      0      0      0      0      0      0      0 
     0      0      0      0      0      0      0      0      0      0      0      0      0      0      0      0      0      0      0 
0 -1 -1
     0      0      0      0      0      0      0      0      0      0      0      0      0      0      0      0      0      0      0 
  4352   4408   4403   4618   4396   4117   3893   4731   4567   4478   4104   3972   4617   4799   4394   4400   9255   5177   4807 
 17236  13361     51    152   4403   4117   4408   4396   4352   4618   4478   4567   4731   4617   9255   4799   5177   4394   4807   4400   3972   4104   3893  13538  26304      0      1  65535 
     0      0      0      0      0      0      0      0      0      0      0      0      0      0      0      0      0      0      0 
     0      0      0      0      0      0      0      0      0      0      0      0      0      0      0      0      0      0      0 
     0      0      0      0      0      0      0      0      0      0      0      0      0      0      0      0      0      0      0 
0 -1 -1
     0      0      0      0      0      0      0      0      0      0      0      0      0      0      0      0      0      0      0 
  4258   4332   4310   4541   4351   4063   3817   4641   4514   4435   4055   3899   4537   4751   4348   4313   9273   5087   4710 
 17236  13361     51    152   4310   4063   4332   4351   4258   4541   4435   4514   4641   4537   9273   4751   5087   4348   4710   4313   3899   4055   3817  13538  26305      0      0  65535 
     0      0      0      0      0      0      0      0      0      0      0      0      0      0      0      0      0      0      0 
     0      0      0      0      0      0      0      0      0      0      0      0      0      0      0      0      0      0      0 
     0      0      0      0      0      0      0      0      0      0      0      0      0      0      0      0      0      0      0 
0 -1 -1
     0      0      0      0      0      0      0      0      0      0      0      0      0      0      0      0      0      0      0 
  4212   4298   4270   4506   4331   4039   3786   4602   4489   4416   4035   3871   4504   4732   4329   4277   9288   5049   4670 
 17236  13361     51    152   4270   4039   4298   4331   4212   4506   4416   4489   4602   4504   9288   4732   5049   4329   4670   4277   3871   4035   3786  13538  26305      0      0  65535 
     0      0      0      0      0      0      0      0      0      0      0      0      0      0      0      0      0      0      0 
     0      0      0      0      0      0      0      0      0      0      0      0      0      0      0      0      0      0      0 
     0      0      0      0      0      0      0      0      0      0      0      0      0      0      0      0      0      0      0 
0 -1 -1
     0      0      0      0      0      0      0      0      0      0      0      0      0      0      0      0      0      0      0 
  4152   4252   4215   4458   4300   4008   3736   4542   4458   4390   4000   3825   4457   4704   4297   4220   9295   4996   4609 
 17236  13361     51    152   4215   4008   4252   4300   4152   4458   4390   4458   4542   4457   9295   4704   4996   4297   4609   4220   3825   4000   3736  13568  26304      0      0  65535 
     0      0      0      0      0      0      0      0      0      0      0      0      0      0      0      0      0      0      0 
     0      0      0      0      0      0      0      0      0      0      0      0      0      0      0      0      0      0      0 
     0      0      0      0      0      0      0      0      0      0      0      0      0      0      0      0      0      0      0 
0 -1 -1
     0      0      0      0      0      0      0      0      0      0      0      0      0      0      0      0      0      0      0 
  4028   4168   4115   4360   4246   3951   3652   4426   4397   4342   3947   3751   4368   4651   4247   4126   9318   4901   4507 
 17236  13361     51    152   4115   3951   4168   4246   4028   4360   4342   4397   4426   4368   9318   4651   4901   4247   4507   4126   3751   3947   3652  13589  26304      0      0  65535 
     0      0      0      0      0      0      0      0      0      0      0      0      0      0      0      0      0      0      0 
     0      0      0      0      0      0      0      0      0      0      0      0      0      0      0      0      0      0      0 
     0      0      0      0      0      0      0      0      0      0      0      0      0      0      0      0      0      0      0 
0 -1 -1
     0      0      0      0      0      0      0      0      0      0      0      0      0      0      0      0      0      0      0 
  3941   4107   4049   4293   4208   3915   3604   4345   4362   4315   3914   3712   4309   4620   4212   4064   9387   4846   4441 
 17236  13361     51    152   4049   3915   4107   4208   3941   4293   4315   4362   4345   4309   9387   4620   4846   4212   4441   4064   3712   3914   3604  13540  26304      0      0  65535 
     0      0      0      0      0      0      0      0      0      0      0      0      0      0      0      0      0      0      0 
     0      0      0      0      0      0      0      0      0      0      0      0      0      0      0      0      0      0      0 
     0      0      0      0      0      0      0      0      0      0      0      0      0      0      0      0      0      0      0 
0 -1 -1
     0      0      0      0      0      0      0      0      0      0      0      0      0      0      0      0      0      0      0 
  3883   4053   3995   4243   4177   3883   3555   4278   4329   4288   3879   3672   4248   4582   4177   4001   9452   4783   4366 
 17236  13361     51    153   3995   3883   4053   4177   3883   4243   4288   4329   4278   4248   9452   4582   4783   4177   4366   4001   3672   3879   3555  13540  26303      0      0  65535 
     0      0      0      0      0      0      0      0      0      0      0      0      0      0      0      0      0      0      0 
     0      0      0      0      0      0      0      0      0      0      0      0      0      0      0      0      0      0      0 
     0      0      0      0      0      0      0      0      0      0      0      0      0      0      0      0      0      0      0 
0 -1 -1
     0      0      0      0      0      0      0      0      0      0      0      0      0      0      0      0      3      0      0 
  3817   3984   3918   4173   4130   3840   3481   4190   4281   4239   3830   3616   4146   4522   4116   3917   9581   4694   4260 
 17236  13361     51    153   3918   3840   3984   4130   3817   4173   4239   4281   4190   4146   9581   4522   4694   4116   4260   3917   3616   3830   3481  13540  26303      0      0  65535 
     0      0      0      0      0      0      0      0      0      0      0      0      0      0      0      0      0      0      0 
     0      0      0      0      0      0      0      0      0      0      0      0      0      0      0      0      0      0      0 
     0      0      0      0      0      0      0      0      0      0      0      0      0      0      0      0      0      0      0 
0 -1 -1
     0      0      0      0      0      0      0      0      0      0      0      0      0      0      0      0      4      0      0 
  3790   3933   3854   4131   4066   3776   3412   4139   4248   4189   3775   3550   4086   4477   4053   3819   9623   4620   4182 
 17236  13361     51    153   3854   3776   3933   4066   3790   4131   4189   4248   4139   4086   9623   4477   4620   4053   4182   3819   3550   3775   3412  13540  26304      0      0  65535 
     0      0      0      0      0      0      0      0      0      0      0      0      0      0      0      0      0      0      0 
     0      0      0      0      0      0      0      0      0      0      0      0      0      0      0      0      0      0      0 
     0      0      0      0      0      0      0      0      0      0      0      0      0      0      0      0      0      0      0 
0 -1 -1
     0      0      0      0      0      0      0      0      0      0      0      0      0      0      0      0      3      0      0 
  3789   3927   3848   4130   4064   3770   3407   4140   4247   4180   3772   3547   4086   4473   4050   3813   9609   4623   4180 
 17236  13361     51    153   3848   3770   3927   4064   3789   4130   4180   4247   4140   4086   9609   4473   4623   4050   4180   3813   3547   3772   3407  13541  26305      0      0  65535 
     0      0      0      0      0      0      0      0      0      0      0      0      0      0      0      0      0      0      0 
     0      0      0      0      0      0      0      0      0      0      0      0      0      0      0      0      0      0      0 
     0      0      0      0      0      0      0      0      0      0      0      0      0      0      0      0      0      0      0 
0 -1 -1
     0      0      0      0      0      0      0      0      0      0      0      0      0      0      0      0      5      0      0 
  3790   3928   3846   4131   4064   3770   3406   4141   4247   4180   3772   3547   4088   4473   4050   3814   9663   4620   4179 
 17236  13361     51    153   3846   3770   3928   4064   3790   4131   4180   4247   4141   4088   9663   4473   4620   4050   4179   3814   3547   3772   3406  13542  26304      0      0  65535 
     0      0      0      0      0      0      0      0      0      0      0      0      0      0      0      0      0      0      0 
     0      0      0      0      0      0      0      0      0      0      0      0      0      0      0      0      0      0      0 
     0      0      0      0      0      0      0      0      0      0      0      0      0      0      0      0      0      0      0 
0 -1 -1
     0      0      0      0      0      0      0      0      0      0      0      0      0      0      0      0      4      0      0 
  3789   3927   3847   4132   4062   3769   3406   4140   4247   4181   3772   3547   4088   4475   4048   3812   9639   4621   4179 
 17236  13361     51    153   3847   3769   3927   4062   3789   4132   4181   4247   4140   4088   9639   4475   4621   4048   4179   3812   3547   3772   3406  13543  26304      0      0  65535 
     0      0      0      0      0      0      0      0      0      0      0      0      0      0      0      0      0      0      0 
     0      0      0      0      0      0      0      0      0      0      0      0      0      0      0      0      0      0      0 
     0      0      0      0      0      0      0      0      0      0      0      0      0      0      0      0      0      0      0 
0 -1 -1
     0      0      0      0      0      0      0      0      0      0      0      0      0      0      0      0      4      0      0 
  3788   3925   3848   4130   4064   3768   3406   4139   4248   4182   3771   3545   4087   4472   4048   3812   9619   4621   4179 
 17236  13361     51    153   3848   3768   3925   4064   3788   4130   4182   4248   4139   4087   9619   4472   4621   4048   4179   3812   3545   3771   3406  13537  26304      0      0  65535 
     0      0      0      0      0      0      0      0      0      0      0      0      0      0      0      0      0      0      0 
     0      0      0      0      0      0      0      0      0      0      0      0      0      0      0      0      0      0      0 
     0      0      0      0      0      0      0      0      0      0      0      0      0      0      0      0      0      0      0 
0 -1 -1
     0      0      0      0      0      0      0      0      0      0      0      0      0      0      0      0      4      0      0 
  3788   3925   3844   4131   4062   3768   3406   4139   4244   4180   3771   3545   4086   4472   4048   3813   9617   4620   4178 
 17236  13361     51    153   3844   3768   3925   4062   3788   4131   4180   4244   4139   4086   9617   4472   4620   4048   4178   3813   3545   3771   3406  13535  26304      0      0  65535 
     0      0      0      0      0      0      0      0      0      0      0      0      0      0      0      0      0      0      0 
     0      0      0      0      0      0      0      0      0      0      0      0      0      0      0      0      0      0      0 
     0      0      0      0      0      0      0      0      0      0      0      0      0      0      0      0      0      0      0 
0 -1 -1
     0      0      0      0      0      0      0      0      0      0      0      0      0      0      0      0      4      0      0 
  3788   3926   3846   4130   4061   3767   3404   4138   4244   4179   3769   3545   4085   4472   4048   3811   9638   4619   4178 
 17236  13361     51    153   3846   3767   3926   4061   3788   4130   4179   4244   4138   4085   9638   4472   4619   4048   4178   3811   3545   3769   3404  13535  26304      0      0  65535 
     0      0      0      0      0      0      0      0      0      0      0      0      0      0      0      0      0      0      0 
     0      0      0      0      0      0      0      0      0      0      0      0      0      0      0      0      0      0      0 
     0      0      0      0      0      0      0      0      0      0      0      0      0      0      0      0      0      0      0 
0 -1 -1
     0      0      0      0      0      0      0      0      0      0      0      0      0      0      0      0      3      0      0 
  3787   3925   3845   4129   4060   3767   3404   4137   4246   4179   3770   3544   4085   4470   4048   3810   9610   4618   4177 
 17236  13361     51    153   3845   3767   3925   4060   3787   4129   4179   4246   4137   4085   9610   4470   4618   4048   4177   3810   3544   3770   3404  13534  26305      0      0  65535 
     0      0      0      0      0      0      0      0      0      0      0      0      0      0      0      0      0      0      0 
     0      0      0      0      0      0      0      0      0      0      0      0      0      0      0      0      0      0      0 
     0      0      0      0      0      0      0      0      0      0      0      0      0      0      0      0      0      0      0 
0 -1 -1
     0      0      0      0      0      0      0      0      0      0      0      0      0      0      0      0      4      0      0 
  3786   3926   3846   4128   4060   3766   3404   4137   4245   4179   3769   3544   4083   4472   4047   3810   9639   4617   4176 
 17236  13361     51    153   3846   3766   3926   4060   3786   4128   4179   4245   4137   4083   9639   4472   4617   4047   4176   3810   3544   3769   3404  13539  26304      0      0  65535 
     0      0      0      0      0      0      0      0      0      0      0      0      0      0      0      0      0      0      0 
     0      0      0      0      0      0      0      0      0      0      0      0      0      0      0      0      0      0      0 
     0      0      0      0      0      0      0      0      0      0      0      0      0      0      0      0      0      0      0 
0 -1 -1
     0      0      0      0      0      0      0      0      0      0      0      0      0      0      0      0      5      0      0 
  3786   3925   3845   4129   4061   3767   3404   4136   4245   4178   3770   3545   4084   4471   4045   3810   9681   4618   4176 
 17236  13361     51    153   3845   3767   3925   4061   3786   4129   4178   4245   4136   4084   9681   4471   4618   4045   4176   3810   3545   3770   3404  13537  26303      0      0  65535 
     0      0      0      0      0      0      0      0      0      0      0      0      0      0      0      0      0      0      0 
     0      0      0      0      0      0      0      0      0      0      0      0      0      0      0      0      0      0      0 
     0      0      0      0      0      0      0      0      0      0      0      0      0      0      0      0      0      0      0 
0 -1 -1
     0      0      0      0      0      0      0      0      0      0      0      0      0      0      0      0      5      0      0 
  3786   3924   3845   4128   4062   3767   3403   4137   4244   4178   3769   3544   4083   4471   4046   3811   9699   4616   4176 
 17236  13361     51    153   3845   3767   3924   4062   3786   4128   4178   4244   4137   4083   9699   4471   4616   4046   4176   3811   3544   3769   3403  13537  26303      0      0  65535 
     0      0      0      0      0      0      0      0      0      0      0      0      0      0      0      0      0      0      0 
     0      0      0      0      0      0      0      0      0      0      0      0      0      0      0      0      0      0      0 
     0      0      0      0      0      0      0      0      0      0      0      0      0      0      0      0      0      0      0 
0 -1 -1
     0      0      0      0      0      0      0      0      0      0      0      0      0      0      0      0      5      0      0 
  3785   3925   3844   4128   4060   3766   3405   4138   4243   4177   3769   3543   4083   4470   4046   3810   9696   4617   4175 
 17236  13361     51    153   3844   3766   3925   4060   3785   4128   4177   4243   4138   4083   9696   4470   4617   4046   4175   3810   3543   3769   3405  13537  26305      0      0  65535 
     0      0      0      0      0      0      0      0      0      0      0      0      0      0      0      0      0      0      0 
     0      0      0      0      0      0      0      0      0      0      0      0      0      0      0      0      0      0      0 
     0      0      0      0      0      0      0      0      0      0      0      0      0      0      0      0      0      0      0 
0 -1 -1
     0      0      0      0      0      0      0      0      0      0      0      0      0      0      0      0      5      0      0 
  3786   3924   3844   4127   4060   3766   3404   4135   4243   4177   3768   3543   4082   4470   4045   3810   9690   4618   4176 
 17236  13361     51    153   3844   3766   3924   4060   3786   4127   4177   4243   4135   4082   9690   4470   4618   4045   4176   3810   3543   3768   3404  13538  26305      0      0  65535 
     0      0      0      0      0      0      0      0      0      0      0      0      0      0      0      0      0      0      0 
     0      0      0      0      0      0      0      0      0      0      0      0      0      0      0      0      0      0      0 
     0      0      0      0      0      0      0      0      0      0      0      0      0      0      0      0      0      0      0 
0 -1 -1
     0      0      0      0      0      0      0      0      0      0      0      0      0      0      0      0      4      0      0 
  3786   3923   3842   4128   4060   3765   3403   4135   4242   4176   3769   3544   4083   4468   4046   3810   9652   4616   4175 
 17236  13361     51    153   3842   3765   3923   4060   3786   4128   4176   4242   4135   4083   9652   4468   4616   4046   4175   3810   3544   3769   3403  13536  26304      0      0  65535 
     0      0      0      0      0      0      0      0      0      0      0      0      0      0      0      0      0      0      0 
     0      0      0      0      0      0      0      0      0      0      0      0      0      0      0      0      0      0      0 
     0      0      0      0      0      0      0      0      0      0      0      0      0      0      0      0      0      0      0 
0 -1 -1
     0      0      0      0      0      0      0      0      0      0      0      0      0      0      0      0      4      0      0 
  3785   3921   3844   4127   4060   3766   3404   4137   4242   4176   3768   3542   4081   4470   4046   3809   9648   4615   4174 
 17236  13361     51    153   3844   3766   3921   4060   3785   4127   4176   4242   4137   4081   9648   4470   4615   4046   4174   3809   3542   3768   3404  13536  26304      0      0  65535 
     0      0      0      0      0      0      0      0      0      0      0      0      0      0      0      0      0      0      0 
     0      0      0      0      0      0      0      0      0      0      0      0      0      0      0      0      0      0      0 
     0      0      0      0      0      0      0      0      0      0      0      0      0      0      0      0      0      0      0 
0 -1 -1
     0      0      0      0      0      0      0      0      0      0      0      0      0      0      0      0      4      0      0 
  3785   3923   3843   4127   4058   3765   3402   4135   4242   4175   3766   3542   4082   4469   4046   3808   9651   4615   4174 
 17236  13361     51    153   3843   3765   3923   4058   3785   4127   4175   4242   4135   4082   9651   4469   4615   4046   4174   3808   3542   3766   3402  13536  26304      0      0  65535 
     0      0      0      0      0      0      0      0      0      0      0      0      0      0      0      0      0      0      0 
     0      0      0      0      0      0      0      0      0      0      0      0      0      0      0      0      0      0      0 
     0      0      0      0      0      0      0      0      0      0      0      0      0      0      0      0      0      0      0 
0 -1 -1
     0      0      0      0      0      0      0      0      0      0      0      0      0      0      0      0      5      0      0 
  3784   3923   3842   4125   4059   3765   3401   4135   4241   4176   3767   3541   4081   4468   4044   3808   9663   4614   4173 
 17236  13361     51    153   3842   3765   3923   4059   3784   4125   4176   4241   4135   4081   9663   4468   4614   4044   4173   3808   3541   3767   3401  13540  26304      0      0  65535 
     0      0      0      0      0      0      0      0      0      0      0      0      0      0      0      0      0      0      0 
     0      0      0      0      0      0      0      0      0      0      0      0      0      0      0      0      0      0      0 
     0      0      0      0      0      0      0      0      0      0      0      0      0      0      0      0      0      0      0 
0 -1 -1
     0      0      0      0      0      0      0      0      0      0      0      0      0      0      0      0      5      0      0 
  3784   3922   3844   4126   4059   3765   3402   4135   4241   4175   3767   3542   4080   4468   4043   3807   9702   4615   4173 
 17236  13361     51    153   3844   3765   3922   4059   3784   4126   4175   4241   4135   4080   9702   4468   4615   4043   4173   3807   3542   3767   3402  13541  26304      0      0  65535 
     0      0      0      0      0      0      0      0      0      0      0      0      0      0      0      0      0      0      0 
     0      0      0      0      0      0      0      0      0      0      0      0      0      0      0      0      0      0      0 
     0      0      0      0      0      0      0      0      0      0      0      0      0      0      0      0      0      0      0 
0 -1 -1
     0      0      0      0      0      0      0      0      0      0      0      0      0      0      0      0      6      0      0 
  3784   3922   3842   4126   4058   3763   3401   4134   4240   4174   3766   3541   4081   4467   4044   3807   9708   4615   4173 
 17236  13361     51    153   3842   3763   3922   4058   3784   4126   4174   4240   4134   4081   9708   4467   4615   4044   4173   3807   3541   3766   3401  13539  26304      0      0  65535 
     0      0      0      0      0      0      0      0      0      0      0      0      0      0      0      0      0      0      0 
     0      0      0      0      0      0      0      0      0      0      0      0      0      0      0      0      0      0      0 
     0      0      0      0      0      0      0      0      0      0      0      0      0      0      0      0      0      0      0 
0 -1 -1
