    31     47     40     35     69     59     42     28     64     77     56     44     43     68     64     37     49     48     33 
  6215   6346   5996   6494   6188   5672   5582   6472   6304   6339   5666   5367   6237   6429   5926   6010  11596   7155   6698 
 17236  13361     51    150   5996   5672   6346   6188   6215   6494   6339   6304   6472   6237  11596   6429   7155   5926   6698   6010   5367   5666   5582  13549  26304      0      0  65535 
     0      0      0      0      0      0      0      0      0      0      0      0      0      0      0      0      0      0      0 
     0      0      0      0      0      0      0      0      0      0      0      0      0      0      0      0      0      0      0 
     0      0      0      0      0      0      0      0      0      0      0      0      0      0      0      0      0      0      0 
0 -1 -1
    37     56     48     42     87     74     51     34     81     97     71     53     53     85     82     45     51     58     40 
  6543   6725   6355   6878   6639   6089   5969   6879   6758   6814   6075   5672   6667   6847   6375   6438  11661   7628   7130 
 17236  13361     51    150   6355   6089   6725   6639   6543   6878   6814   6758   6879   6667  11661   6847   7628   6375   7130   6438   5672   6075   5969  13548  26304      0      1  65535 
     0      0      0      0      0      0      0      0      0      0      0      0      0      0      0      0      0      0      0 
     0      0      0      0      0      0      0      0      0      0      0      0      0      0      0      0      0      0      0 
     0      0      0      0      0      0      0      0      0      0      0      0      0      0      0      0      0      0      0 
0 -1 -1
    40     62     54     46    100     87     59     38     93    114     84     61     61     99     99     53     40     67     46 
  6735   6993   6628   7116   6962   6422   6301   7134   7081   7189   6437   5971   6978   7187   6798   6836  11176   8056   7553 
 17236  13361     51    149   6628   6422   6993   6962   6735   7116   7189   7081   7134   6978  11176   7187   8056   6798   7553   6836   5971   6437   6301  13548  26304      0      1  65535 
     0      0      0      0      0      0      0      0      0      0      0      0      0      0      0      0      0      0      0 
     0      0      0      0      0      0      0      0      0      0      0      0      0      0      0      0      0      0      0 
     0      0      0      0      0      0      0      0      0      0      0      0      0      0      0      0      0      0      0 
0 -1 -1
    41     66     58     49    109     96     65     40    101    126     95     69     66    111    114     60     33     75     52 
  6832   7173   6833   7253   7184   6682   6571   7286   7306   7486   6738   6236   7203   7456   7155   7210  10869   8426   7936 
 17236  13361     51    149   6833   6682   7173   7184   6832   7253   7486   7306   7286   7203  10869   7456   8426   7155   7936   7210   6236   6738   6571  13548  26304      0      1  65535 
     0      0      0      0      0      0      0      0      0      0      0      0      0      0      0      0      0      0      0 
     0      0      0      0      0      0      0      0      0      0      0      0      0      0      0      0      0      0      0 
     0      0      0      0      0      0      0      0      0      0      0      0      0      0      0      0      0      0      0 
0 -1 -1
    42     68     61     50    114    103     70     42    107    136    104     76     70    119    125     67     28     82     57 
  6866   7275   6971   7312   7318   6874   6785   7361   7452   7708   6987   6455   7352   7660   7450   7540  10646   8729   8265 
 17236  13361     51    148   6971   6874   7275   7318   6866   7312   7708   7452   7361   7352  10646   7660   8729   7450   8265   7540   6455   6987   6785  13548  26305      0      1  65535 
     0      0      0      0      0      0      0      0      0      0      0      0      0      0      0      0      0      0      0 
     0      0      0      0      0      0      0      0      0      0      0      0      0      0      0      0      0      0      0 
     0      0      0      0      0      0      0      0      0      0      0      0      0      0      0      0      0      0      0 
0 -1 -1
    41     68     62     49    115    106     73     42    109    140    109     79     71    123    131     70     25     85     60 
  6834   7277   7009   7297   7339   6941   6880   7365   7495   7797   7111   6568   7405   7757   7597   7726  10483   8888   8449 
 17236  13361     51    148   7009   6941   7277   7339   6834   7297   7797   7495   7365   7405  10483   7757   8888   7597   8449   7726   6568   7111   6880  13549  26305      0      0  65535 
     0      0      0      0      0      0      0      0      0      0      0      0      0      0      0      0      0      0      0 
     0      0      0      0      0      0      0      0      0      0      0      0      0      0      0      0      0      0      0 
     0      0      0      0      0      0      0      0      0      0      0      0      0      0      0      0      0      0      0 
0 -1 -1
    41     69     62     50    116    107     72     42    110    142    110     79     72    126    133     71     21     87     61 
  6849   7298   7027   7333   7375   6981   6873   7412   7544   7847   7132   6574   7463   7811   7645   7766  10306   8955   8495 
 17236  13361     51    148   7027   6981   7298   7375   6849   7333   7847   7544   7412   7463  10306   7811   8955   7645   8495   7766   6574   7132   6873  13551  26304      0      0  65535 
     0      0      0      0      0      0      0      0      0      0      0      0      0      0      0      0      0      0      0 
     0      0      0      0      0      0      0      0      0      0      0      0      0      0      0      0      0      0      0 
     0      0      0      0      0      0      0      0      0      0      0      0      0      0      0      0      0      0      0 
0 -1 -1
    42     69     62     51    117    107     71     43    113    143    109     78     74    128    134     71     21     88     61 
  6873   7301   7000   7384   7402   6977   6832   7488   7601   7873   7125   6535   7538   7864   7670   7756  10319   9009   8504 
 17236  13361     51    148   7000   6977   7301   7402   6873   7384   7873   7601   7488   7538  10319   7864   9009   7670   8504   7756   6535   7125   6832  13551  26304      0      0  65535 
     0      0      0      0      0      0      0      0      0      0      0      0      0      0      0      0      0      0      0 
     0      0      0      0      0      0      0      0      0      0      0      0      0      0      0      0      0      0      0 
     0      0      0      0      0      0      0      0      0      0      0      0      0      0      0      0      0      0      0 
0 -1 -1
    40     64     57     50    112    100     64     44    111    137    101     71     75    126    129     67     20     88     59 
  6756   7099   6766   7326   7265   6790   6523   7501   7551   7742   6897   6294   7570   7828   7546   7550  10275   8994   8400 
 17236  13361     51    149   6766   6790   7099   7265   6756   7326   7742   7551   7501   7570  10275   7828   8994   7546   8400   7550   6294   6897   6523  13548  26304      1      0  65535 
     0      0      0      0      0      0      0      0      0      0      0      0      0      0      0      0      0      0      0 
     0      0      0      0      0      0      0      0      0      0      0      0      0      0      0      0      0      0      0 
     0      0      0      0      0      0      0      0      0      0      0      0      0      0      0      0      0      0      0 
0 -1 -1
    35     54     47     45     95     83     51     41     99    119     82     58     70    113    111     57     13     81     53 
  6432   6645   6313   7041   6843   6322   5968   7301   7238   7306   6376   5842   7380   7519   7090   7012   9947   8668   7969 
 17236  13361     51    149   6313   6322   6645   6843   6432   7041   7306   7238   7301   7380   9947   7519   8668   7090   7969   7012   5842   6376   5968  13549  26304      0      0  65535 
     0      0      0      0      0      0      0      0      0      0      0      0      0      0      0      0      0      0      0 
     0      0      0      0      0      0      0      0      0      0      0      0      0      0      0      0      0      0      0 
     0      0      0      0      0      0      0      0      0      0      0      0      0      0      0      0      0      0      0 
0 -1 -1
    27     41     36     35     68     59     36     32     72     85     55     41     54     81     76     40      5     61     39 
  5959   6067   5796   6469   6156   5672   5311   6697   6528   6514   5637   5274   6708   6740   6220   6172   9590   7748   7066 
 17236  13361     51    151   5796   5672   6067   6156   5959   6469   6514   6528   6697   6708   9590   6740   7748   6220   7066   6172   5274   5637   5311  13552  26304      0      0  65535 
     0      0      0      0      0      0      0      0      0      0      0      0      0      0      0      0      0      0      0 
     0      0      0      0      0      0      0      0      0      0      0      0      0      0      0      0      0      0      0 
     0      0      0      0      0      0      0      0      0      0      0      0      0      0      0      0      0      0      0 
0 -1 -1
    20     29     27     23     41     37     24     21     44     52     33     28     36     48     46     27      2     41     27 
  5481   5544   5354   5839   5484   5090   4806   5988   5787   5747   5037   4838   5937   5962   5458   5489   9443   6830   6278 
 17236  13361     51    152   5354   5090   5544   5484   5481   5839   5747   5787   5988   5937   9443   5962   6830   5458   6278   5489   4838   5037   4806  13552  26305      0      0  65535 
     0      0      0      0      0      0      0      0      0      0      0      0      0      0      0      0      0      0      0 
     0      0      0      0      0      0      0      0      0      0      0      0      0      0      0      0      0      0      0 
     0      0      0      0      0      0      0      0      0      0      0      0      0      0      0      0      0      0      0 
0 -1 -1
    14     18     19     14     20     20     15     12     22     25     15     18     22     24     23     17      0     25     17 
  5065   5099   4972   5310   4952   4625   4379   5413   5205   5133   4562   4481   5333   5376   4896   4947   9331   6103   5662 
 17236  13361     51    152   4972   4625   5099   4952   5065   5310   5133   5205   5413   5333   9331   5376   6103   4896   5662   4947   4481   4562   4379  13551  26304      0      0  65535 
     0      0      0      0      0      0      0      0      0      0      0      0      0      0      0      0      0      0      0 
     0      0      0      0      0      0      0      0      0      0      0      0      0      0      0      0      0      0      0 
     0      0      0      0      0      0      0      0      0      0      0      0      0      0      0      0      0      0      0 
0 -1 -1
     9     11     12      7      7      8      8      7      8     10      5     11     12     10     11     11      0     15     11 
  4747   4772   4681   4938   4616   4315   4112   5033   4844   4762   4301   4251   4946   5046   4587   4621   9258   5660   5282 
 17236  13361     51    153   4681   4315   4772   4616   4747   4938   4762   4844   5033   4946   9258   5046   5660   4587   5282   4621   4251   4301   4112  13551  26304      0      0  65535 
     0      0      0      0      0      0      0      0      0      0      0      0      0      0      0      0      0      0      0 
     0      0      0      0      0      0      0      0      0      0      0      0      0      0      0      0      0      0      0 
     0      0      0      0      0      0      0      0      0      0      0      0      0      0      0      0      0      0      0 
0 -1 -1
     5      6      8      3      1      3      4      4      2      2      0      6      7      3      5      7      0      9      7 
  4531   4571   4494   4728   4468   4170   3934   4811   4675   4594   4160   4092   4725   4889   4437   4420   9218   5392   5024 
 17236  13361     51    153   4494   4170   4571   4468   4531   4728   4594   4675   4811   4725   9218   4889   5392   4437   5024   4420   4092   4160   3934  13552  26304      0      0  65535 
     0      0      0      0      0      0      0      0      0      0      0      0      0      0      0      0      0      0      0 
     0      0      0      0      0      0      0      0      0      0      0      0      0      0      0      0      0      0      0 
     0      0      0      0      0      0      0      0      0      0      0      0      0      0      0      0      0      0      0 
0 -1 -1
     2      2      4      0      0      0      1      1      0      0      0      2      3      0      1      3      0      4      4 
  4297   4387   4300   4556   4377   4066   3784   4616   4572   4498   4076   3948   4541   4800   4343   4247   9226   5157   4771 
 17236  13361     51    154   4300   4066   4387   4377   4297   4556   4498   4572   4616   4541   9226   4800   5157   4343   4771   4247   3948   4076   3784  13553  26304      0      0  65535 
     0      0      0      0      0      0      0      0      0      0      0      0      0      0      0      0      0      0      0 
     0      0      0      0      0      0      0      0      0      0      0      0      0      0      0      0      0      0      0 
     0      0      0      0      0      0      0      0      0      0      0      0      0      0      0      0      0      0      0 
0 -1 -1
     0      0      1      0      0      0      0      0      0      0      0      0      0      0      0      1      0      1      0 
  4104   4242   4140   4438   4336   4012   3682   4473   4526   4462   4037   3839   4417   4755   4298   4124   9263   4993   4566 
 17236  13361     51    154   4140   4012   4242   4336   4104   4438   4462   4526   4473   4417   9263   4755   4993   4298   4566   4124   3839   4037   3682  13553  26304      0      0  65535 
     0      0      0      0      0      0      0      0      0      0      0      0      0      0      0      0      0      0      0 
     0      0      0      0      0      0      0      0      0      0      0      0      0      0      0      0      0      0      0 
     0      0      0      0      0      0      0      0      0      0      0      0      0      0      0      0      0      0      0 
0 -1 -1
     0      0      0      0      0      0      0      0      0      0      0      0      0      0      0      0      0      0      0 
  3996   4148   4031   4372   4312   3982   3619   4393   4504   4441   4017   3767   4353   4732   4281   4052   9281   4905   4448 
 17236  13361     51    154   4031   3982   4148   4312   3996   4372   4441   4504   4393   4353   9281   4732   4905   4281   4448   4052   3767   4017   3619  13553  26304      0      0  65535 
     0      0      0      0      0      0      0      0      0      0      0      0      0      0      0      0      0      0      0 
     0      0      0      0      0      0      0      0      0      0      0      0      0      0      0      0      0      0      0 
     0      0      0      0      0      0      0      0      0      0      0      0      0      0      0      0      0      0      0 
0 -1 -1
     0      0      0      0      0      0      0      0      0      0      0      0      0      0      0      0      0      0      0 
  3975   4115   3996   4347   4291   3956   3584   4360   4482   4421   3996   3734   4319   4704   4252   4014   9278   4872   4398 
 17236  13361     51    154   3996   3956   4115   4291   3975   4347   4421   4482   4360   4319   9278   4704   4872   4252   4398   4014   3734   3996   3584  13553  26304      0      0  65535 
     0      0      0      0      0      0      0      0      0      0      0      0      0      0      0      0      0      0      0 
     0      0      0      0      0      0      0      0      0      0      0      0      0      0      0      0      0      0      0 
     0      0      0      0      0      0      0      0      0      0      0      0      0      0      0      0      0      0      0 
0 -1 -1
     0      0      0      0      0      0      0      0      0      0      0      0      0      0      0      0      0      0      0 
  3948   4083   3975   4305   4254   3932   3542   4325   4438   4370   3940   3686   4274   4659   4222   3970   9301   4804   4342 
 17236  13361     51    154   3975   3932   4083   4254   3948   4305   4370   4438   4325   4274   9301   4659   4804   4222   4342   3970   3686   3940   3542  13551  26304      0      0  65535 
     0      0      0      0      0      0      0      0      0      0      0      0      0      0      0      0      0      0      0 
     0      0      0      0      0      0      0      0      0      0      0      0      0      0      0      0      0      0      0 
     0      0      0      0      0      0      0      0      0      0      0      0      0      0      0      0      0      0      0 
0 -1 -1
     0      0      0      0      0      0      0      0      0      0      0      0      0      0      0      0      0      0      0 
  3929   4072   3976   4283   4228   3925   3543   4289   4411   4355   3935   3687   4250   4646   4220   3969   9273   4794   4340 
 17236  13361     51    154   3976   3925   4072   4228   3929   4283   4355   4411   4289   4250   9273   4646   4794   4220   4340   3969   3687   3935   3543  13548  26304      0      0  65535 
     0      0      0      0      0      0      0      0      0      0      0      0      0      0      0      0      0      0      0 
     0      0      0      0      0      0      0      0      0      0      0      0      0      0      0      0      0      0      0 
     0      0      0      0      0      0      0      0      0      0      0      0      0      0      0      0      0      0      0 
0 -1 -1
     0      0      0      0      0      0      0      0      0      0      0      0      0      0      0      0      0      0      0 
  3929   4072   3976   4284   4228   3924   3541   4289   4411   4355   3933   3686   4248   4647   4220   3970   9257   4794   4338 
 17236  13361     51    154   3976   3924   4072   4228   3929   4284   4355   4411   4289   4248   9257   4647   4794   4220   4338   3970   3686   3933   3541  13549  26304      0      0  65535 
     0      0      0      0      0      0      0      0      0      0      0      0      0      0      0      0      0      0      0 
     0      0      0      0      0      0      0      0      0      0      0      0      0      0      0      0      0      0      0 
     0      0      0      0      0      0      0      0      0      0      0      0      0      0      0      0      0      0      0 
0 -1 -1
     0      0      0      0      0      0      0      0      0      0      0      0      0      0      0      0      0      0      0 
  3928   4072   3976   4284   4228   3925   3542   4287   4411   4352   3934   3686   4247   4646   4219   3969   9262   4792   4340 
 17236  13361     51    154   3976   3925   4072   4228   3928   4284   4352   4411   4287   4247   9262   4646   4792   4219   4340   3969   3686   3934   3542  13548  26304      0      0  65535 
     0      0      0      0      0      0      0      0      0      0      0      0      0      0      0      0      0      0      0 
     0      0      0      0      0      0      0      0      0      0      0      0      0      0      0      0      0      0      0 
     0      0      0      0      0      0      0      0      0      0      0      0      0      0      0      0      0      0      0 
0 -1 -1
     0      0      0      0      0      0      0      0      0      0      0      0      0      0      0      0      0      0      0 
  3927   4071   3977   4281   4228   3924   3538   4287   4411   4354   3932   3685   4249   4645   4218   3969   9261   4794   4339 
 17236  13361     51    154   3977   3924   4071   4228   3927   4281   4354   4411   4287   4249   9261   4645   4794   4218   4339   3969   3685   3932   3538  13549  26303      0      0  65535 
     0      0      0      0      0      0      0      0      0      0      0      0      0      0      0      0      0      0      0 
     0      0      0      0      0      0      0      0      0      0      0      0      0      0      0      0      0      0      0 
     0      0      0      0      0      0      0      0      0      0      0      0      0      0      0      0      0      0      0 
0 -1 -1
     0      0      0      0      0      0      0      0      0      0      0      0      0      0      0      0      0      0      0 
  3925   4072   3975   4283   4226   3924   3541   4287   4411   4351   3931   3684   4248   4645   4217   3967   9266   4793   4337 
 17236  13361     51    154   3975   3924   4072   4226   3925   4283   4351   4411   4287   4248   9266   4645   4793   4217   4337   3967   3684   3931   3541  13551  26304      0      0  65535 
     0      0      0      0      0      0      0      0      0      0      0      0      0      0      0      0      0      0      0 
     0      0      0      0      0      0      0      0      0      0      0      0      0      0      0      0      0      0      0 
     0      0      0      0      0      0      0      0      0      0      0      0      0      0      0      0      0      0      0 
0 -1 -1
     0      0      0      0      0      0      0      0      0      0      0      0      0      0      0      0      0      0      0 
  3927   4070   3974   4283   4226   3923   3540   4286   4409   4352   3932   3684   4246   4644   4218   3968   9261   4792   4338 
 17236  13361     51    154   3974   3923   4070   4226   3927   4283   4352   4409   4286   4246   9261   4644   4792   4218   4338   3968   3684   3932   3540  13550  26303      0      0  65535 
     0      0      0      0      0      0      0      0      0      0      0      0      0      0      0      0      0      0      0 
     0      0      0      0      0      0      0      0      0      0      0      0      0      0      0      0      0      0      0 
     0      0      0      0      0      0      0      0      0      0      0      0      0      0      0      0      0      0      0 
0 -1 -1
     0      0      0      0      0      0      0      0      0      0      0      0      0      0      0      0      0      0      0 
  3927   4069   3972   4279   4225   3921   3538   4286   4409   4352   3930   3682   4246   4643   4217   3967   9257   4790   4336 
 17236  13361     51    154   3972   3921   4069   4225   3927   4279   4352   4409   4286   4246   9257   4643   4790   4217   4336   3967   3682   3930   3538  13550  26303      0      0  65535 
     0      0      0      0      0      0      0      0      0      0      0      0      0      0      0      0      0      0      0 
     0      0      0      0      0      0      0      0      0      0      0      0      0      0      0      0      0      0      0 
     0      0      0      0      0      0      0      0      0      0      0      0      0      0      0      0      0      0      0 
0 -1 -1
     0      0      0      0      0      0      0      0      0      0      0      0      0      0      0      0      0      0      0 
  3923   4069   3972   4280   4224   3921   3539   4285   4408   4349   3930   3682   4246   4643   4216   3966   9273   4791   4335 
 17236  13361     51    154   3972   3921   4069   4224   3923   4280   4349   4408   4285   4246   9273   4643   4791   4216   4335   3966   3682   3930   3539  13550  26303      0      0  65535 
     0      0      0      0      0      0      0      0      0      0      0      0      0      0      0      0      0      0      0 
     0      0      0      0      0      0      0      0      0      0      0      0      0      0      0      0      0      0      0 
     0      0      0      0      0      0      0      0      0      0      0      0      0      0      0      0      0      0      0 
0 -1 -1
     0      0      0      0      0      0      0      0      0      0      0      0      0      0      0      0      0      0      0 
  3925   4069   3973   4278   4224   3920   3535   4284   4407   4350   3929   3683   4245   4642   4213   3964   9267   4788   4335 
 17236  13361     51    154   3973   3920   4069   4224   3925   4278   4350   4407   4284   4245   9267   4642   4788   4213   4335   3964   3683   3929   3535  13551  26304      1      0  65535 
     0      0      0      0      0      0      0      0      0      0      0      0      0      0      0      0      0      0      0 
     0      0      0      0      0      0      0      0      0      0      0      0      0      0      0      0      0      0      0 
     0      0      0      0      0      0      0      0      0      0      0      0      0      0      0      0      0      0      0 
0 -1 -1
     0      0      0      0      0      0      0      0      0      0      0      0      0      0      0      0      0      0      0 
  3924   4068   3973   4279   4223   3919   3538   4282   4407   4348   3929   3682   4243   4642   4213   3965   9289   4790   4334 
 17236  13361     51    154   3973   3919   4068   4223   3924   4279   4348   4407   4282   4243   9289   4642   4790   4213   4334   3965   3682   3929   3538  13551  26305      0      0  65535 
     0      0      0      0      0      0      0      0      0      0      0      0      0      0      0      0      0      0      0 
     0      0      0      0      0      0      0      0      0      0      0      0      0      0      0      0      0      0      0 
     0      0      0      0      0      0      0      0      0      0      0      0      0      0      0      0      0      0      0 
0 -1 -1
     0      0      0      0      0      0      0      0      0      0      0      0      0      0      0      0      0      0      0 
  3924   4066   3971   4277   4222   3920   3536   4282   4405   4347   3928   3680   4242   4641   4215   3963   9289   4788   4334 
 17236  13361     51    154   3971   3920   4066   4222   3924   4277   4347   4405   4282   4242   9289   4641   4788   4215   4334   3963   3680   3928   3536  13551  26304      0      1  65535 
     0      0      0      0      0      0      0      0      0      0      0      0      0      0      0      0      0      0      0 
     0      0      0      0      0      0      0      0      0      0      0      0      0      0      0      0      0      0      0 
     0      0      0      0      0      0      0      0      0      0      0      0      0      0      0      0      0      0      0 
0 -1 -1
     0      0      0      0      0      0      0      0      0      0      0      0      0      0      0      0      0      0      0 
  3923   4068   3972   4276   4221   3918   3535   4281   4407   4346   3928   3680   4242   4639   4213   3963   9261   4785   4333 
 17236  13361     51    154   3972   3918   4068   4221   3923   4276   4346   4407   4281   4242   9261   4639   4785   4213   4333   3963   3680   3928   3535  13553  26304      0      0  65535 
     0      0      0      0      0      0      0      0      0      0      0      0      0      0      0      0      0      0      0 
     0      0      0      0      0      0      0      0      0      0      0      0      0      0      0      0      0      0      0 
     0      0      0      0      0      0      0      0      0      0      0      0      0      0      0      0      0      0      0 
0 -1 -1
     0      0      0      0      0      0      0      0      0      0      0      0      0      0      0      0      0      0      0 
  3922   4066   3970   4275   4219   3918   3534   4282   4404   4347   3927   3679   4242   4639   4211   3962   9273   4786   4333 
 17236  13361     51    154   3970   3918   4066   4219   3922   4275   4347   4404   4282   4242   9273   4639   4786   4211   4333   3962   3679   3927   3534  13554  26305      0      0  65535 
     0      0      0      0      0      0      0      0      0      0      0      0      0      0      0      0      0      0      0 
     0      0      0      0      0      0      0      0      0      0      0      0      0      0      0      0      0      0      0 
     0      0      0      0      0      0      0      0      0      0      0      0      0      0      0      0      0      0      0 
0 -1 -1
     0      0      0      0      0      0      0      0      0      0      0      0      0      0      0      0      0      0      0 
  3922   4065   3970   4275   4221   3917   3535   4281   4404   4347   3927   3678   4239   4639   4210   3961   9279   4786   4332 
 17236  13361     51    154   3970   3917   4065   4221   3922   4275   4347   4404   4281   4239   9279   4639   4786   4210   4332   3961   3678   3927   3535  13555  26305      0      0  65535 
     0      0      0      0      0      0      0      0      0      0      0      0      0      0      0      0      0      0      0 
     0      0      0      0      0      0      0      0      0      0      0      0      0      0      0      0      0      0      0 
     0      0      0      0      0      0      0      0      0      0      0      0      0      0      0      0      0      0      0 
0 -1 -1
     0      0      0      0      0      0      0      0      0      0      0      0      0      0      0      0      0      0      0 
  3920   4065   3970   4275   4220   3917   3533   4280   4404   4345   3925   3677   4241   4638   4210   3962   9277   4786   4330 
 17236  13361     51    154   3970   3917   4065   4220   3920   4275   4345   4404   4280   4241   9277   4638   4786   4210   4330   3962   3677   3925   3533  13554  26303      0      0  65535 
     0      0      0      0      0      0      0      0      0      0      0      0      0      0      0      0      0      0      0 
     0      0      0      0      0      0      0      0      0      0      0      0      0      0      0      0      0      0      0 
     0      0      0      0      0      0      0      0      0      0      0      0      0      0      0      0      0      0      0 
0 -1 -1
     0      0      0      0      0      0      0      0      0      0      0      0      0      0      0      0      0      0      0 
  3921   4062   3969   4274   4218   3915   3533   4280   4402   4345   3923   3677   4241   4637   4209   3961   9265   4784   4330 
 17236  13361     51    154   3969   3915   4062   4218   3921   4274   4345   4402   4280   4241   9265   4637   4784   4209   4330   3961   3677   3923   3533  13554  26303      0      0  65535 
     0      0      0      0      0      0      0      0      0      0      0      0      0      0      0      0      0      0      0 
     0      0      0      0      0      0      0      0      0      0      0      0      0      0      0      0      0      0      0 
     0      0      0      0      0      0      0      0      0      0      0      0      0      0      0      0      0      0      0 
0 -1 -1
     0      0      0      0      0      0      0      0      0      0      0      0      0      0      0      0      0      0      0 
  3920   4064   3968   4274   4217   3916   3532   4279   4400   4345   3925   3676   4239   4636   4208   3959   9272   4784   4329 
 17236  13361     51    154   3968   3916   4064   4217   3920   4274   4345   4400   4279   4239   9272   4636   4784   4208   4329   3959   3676   3925   3532  13554  26304      0      1  65535 
     0      0      0      0      0      0      0      0      0      0      0      0      0      0      0      0      0      0      0 
     0      0      0      0      0      0      0      0      0      0      0      0      0      0      0      0      0      0      0 
     0      0      0      0      0      0      0      0      0      0      0      0      0      0      0      0      0      0      0 
0 -1 -1
     0      0      0      0      0      0      0      0      0      0      0      0      0      0      0      0      0      0      0 
  3920   4063   3968   4273   4217   3915   3531   4278   4402   4344   3923   3676   4238   4636   4209   3958   9284   4782   4328 
 17236  13361     51    154   3968   3915   4063   4217   3920   4273   4344   4402   4278   4238   9284   4636   4782   4209   4328   3958   3676   3923   3531  13556  26305      0      0  65535 
     0      0      0      0      0      0      0      0      0      0      0      0      0      0      0      0      0      0      0 
     0      0      0      0      0      0      0      0      0      0      0      0      0      0      0      0      0      0      0 
     0      0      0      0      0      0      0      0      0      0      0      0      0      0      0      0      0      0      0 
0 -1 -1
     0      0      0      0      0      0      0      0      0      0      0      0      0      0      0      0      0      0      0 
  3918   4061   3967   4272   4217   3915   3532   4277   4400   4342   3923   3676   4238   4635   4207   3957   9279   4783   4327 
 17236  13361     51    154   3967   3915   4061   4217   3918   4272   4342   4400   4277   4238   9279   4635   4783   4207   4327   3957   3676   3923   3532  13560  26305      0      0  65535 
     0      0      0      0      0      0      0      0      0      0      0      0      0      0      0      0      0      0      0 
     0      0      0      0      0      0      0      0      0      0      0      0      0      0      0      0      0      0      0 
     0      0      0      0      0      0      0      0      0      0      0      0      0      0      0      0      0      0      0 
0 -1 -1
     0      0      0      0      0      0      0      0      0      0      0      0      0      0      0      0      0      0      0 
  3917   4060   3966   4271   4216   3913   3530   4277   4400   4342   3921   3674   4236   4635   4205   3957   9288   4782   4328 
 17236  13361     51    154   3966   3913   4060   4216   3917   4271   4342   4400   4277   4236   9288   4635   4782   4205   4328   3957   3674   3921   3530  13555  26303      0      1  65535 
     0      0      0      0      0      0      0      0      0      0      0      0      0      0      0      0      0      0      0 
     0      0      0      0      0      0      0      0      0      0      0      0      0      0      0      0      0      0      0 
     0      0      0      0      0      0      0      0      0      0      0      0      0      0      0      0      0      0      0 
0 -1 -1
     0      0      0      0      0      0      0      0      0      0      0      0      0      0      0      0      0      0      0 
  3919   4061   3966   4272   4215   3914   3530   4276   4399   4340   3920   3674   4235   4633   4207   3957   9274   4780   4327 
 17236  13361     51    154   3966   3914   4061   4215   3919   4272   4340   4399   4276   4235   9274   4633   4780   4207   4327   3957   3674   3920   3530  13554  26303      0      0  65535 
     0      0      0      0      0      0      0      0      0      0      0      0      0      0      0      0      0      0      0 
     0      0      0      0      0      0      0      0      0      0      0      0      0      0      0      0      0      0      0 
     0      0      0      0      0      0      0      0      0      0      0      0      0      0      0      0      0      0      0 
0 -1 -1
     0      0      0      0      0      0      0      0      0      0      0      0      0      0      0      0      0      0      0 
  3919   4061   3965   4271   4214   3911   3529   4276   4400   4341   3921   3674   4235   4632   4204   3956   9296   4780   4327 
 17236  13361     51    154   3965   3911   4061   4214   3919   4271   4341   4400   4276   4235   9296   4632   4780   4204   4327   3956   3674   3921   3529  13553  26304      1      0  65535 
     0      0      0      0      0      0      0      0      0      0      0      0      0      0      0      0      0      0      0 
     0      0      0      0      0      0      0      0      0      0      0      0      0      0      0      0      0      0      0 
     0      0      0      0      0      0      0      0      0      0      0      0      0      0      0      0      0      0      0 
0 -1 -1
     0      0      0      0      0      0      0      0      0      0      0      0      0      0      0      0      0      0      0 
  3916   4061   3964   4271   4214   3911   3531   4274   4397   4340   3919   3672   4234   4632   4205   3955   9294   4778   4325 
 17236  13361     51    154   3964   3911   4061   4214   3916   4271   4340   4397   4274   4234   9294   4632   4778   4205   4325   3955   3672   3919   3531  13553  26303      0      0  65535 
     0      0      0      0      0      0      0      0      0      0      0      0      0      0      0      0      0      0      0 
     0      0      0      0      0      0      0      0      0      0      0      0      0      0      0      0      0      0      0 
     0      0      0      0      0      0      0      0      0      0      0      0      0      0      0      0      0      0      0 
0 -1 -1
