    54     58     77     42     67     61     59     48     59     60     53     65     62     61     59     41     22     55     46 
 10527   9705  10647   9779   8741   8439   9003  10294   8824   8569   8343   8547   9824   8885   8464   9164  10806  10259  10191 
 17236  13361     51    149  10647   8439   9705   8741  10527   9779   8569   8824  10294   9824  10806   8885  10259   8464  10191   9164   8547   8343   9003  13534  26304      1      0  65535 
     0      0      0      0      0      0      0      0      0      0      0      0      0      0      0      0      0      0      0 
     0      0      0      0      0      0      0      0      0      0      0      0      0      0      0      0      0      0      0 
     0      0      0      0      0      0      0      0      0      0      0      0      0      0      0      0      0      0      0 
0 -1 -1
    60     65     85     47     77     69     66     53     66     68     60     72     69     70     67     46     23     62     50 
 10909  10022  11026  10057   8984   8650   9299  10643   9019   8762   8519   8811  10109   9101   8667   9417  10827  10559  10498 
 17236  13361     51    149  11026   8650  10022   8984  10909  10057   8762   9019  10643  10109  10827   9101  10559   8667  10498   9417   8811   8519   9299  13535  26305      0      0  65535 
     0      0      0      0      0      0      0      0      0      0      0      0      0      0      0      0      0      0      0 
     0      0      0      0      0      0      0      0      0      0      0      0      0      0      0      0      0      0      0 
     0      0      0      0      0      0      0      0      0      0      0      0      0      0      0      0      0      0      0 
0 -1 -1
    65     71     92     51     86     76     73     58     73     76     66     80     75     78     75     51     24     68     55 
 11232  10304  11377  10304   9208   8850   9601  10955   9201   8949   8703   9084  10372   9309   8863   9671  10866  10848  10801 
 17236  13361     51    148  11377   8850  10304   9208  11232  10304   8949   9201  10955  10372  10866   9309  10848   8863  10801   9671   9084   8703   9601  13534  26305      0      0  65535 
     0      0      0      0      0      0      0      0      0      0      0      0      0      0      0      0      0      0      0 
     0      0      0      0      0      0      0      0      0      0      0      0      0      0      0      0      0      0      0 
     0      0      0      0      0      0      0      0      0      0      0      0      0      0      0      0      0      0      0 
0 -1 -1
    72     80    102     57     98     86     81     64     82     86     75     90     84     90     85     57     25     76     61 
 11662  10685  11826  10634   9505   9120   9977  11366   9449   9192   8940   9423  10726   9579   9114   9991  10915  11212  11178 
 17236  13361     51    147  11826   9120  10685   9505  11662  10634   9192   9449  11366  10726  10915   9579  11212   9114  11178   9991   9423   8940   9977  13534  26305      0      0  65535 
     0      0      0      0      0      0      0      0      0      0      0      0      0      0      0      0      0      0      0 
     0      0      0      0      0      0      0      0      0      0      0      0      0      0      0      0      0      0      0 
     0      0      0      0      0      0      0      0      0      0      0      0      0      0      0      0      0      0      0 
0 -1 -1
    79     89    110     63    109     96     88     70     92     96     83     98     92    101     95     63     25     83     66 
 12093  11062  12227  10973   9800   9385  10284  11780   9695   9428   9153   9690  11068   9844   9346  10265  10930  11548  11497 
 17236  13361     51    147  12227   9385  11062   9800  12093  10973   9428   9695  11780  11068  10930   9844  11548   9346  11497  10265   9690   9153  10284  13537  26305      0      1  65535 
     0      0      0      0      0      0      0      0      0      0      0      0      0      0      0      0      0      0      0 
     0      0      0      0      0      0      0      0      0      0      0      0      0      0      0      0      0      0      0 
     0      0      0      0      0      0      0      0      0      0      0      0      0      0      0      0      0      0      0 
0 -1 -1
    84     96    117     68    119    104     94     75     99    105     89    105     98    109    102     67     26     89     70 
 12428  11358  12545  11241  10038   9599  10536  12086   9890   9618   9327   9915  11328  10052   9535  10485  10992  11808  11749 
 17236  13361     51    146  12545   9599  11358  10038  12428  11241   9618   9890  12086  11328  10992  10052  11808   9535  11749  10485   9915   9327  10536  13539  26305      0      0  65535 
     0      0      0      0      0      0      0      0      0      0      0      0      0      0      0      0      0      0      0 
     0      0      0      0      0      0      0      0      0      0      0      0      0      0      0      0      0      0      0 
     0      0      0      0      0      0      0      0      0      0      0      0      0      0      0      0      0      0      0 
0 -1 -1
    88    101    122     71    126    110     98     78    105    111     94    110    103    116    108     70     26     93     73 
 12654  11570  12778  11436  10221   9768  10705  12308  10043   9767   9460  10078  11532  10215   9684  10652  10962  12008  11949 
 17236  13361     51    146  12778   9768  11570  10221  12654  11436   9767  10043  12308  11532  10962  10215  12008   9684  11949  10652  10078   9460  10705  13539  26306      0      0  65535 
     0      0      0      0      0      0      0      0      0      0      0      0      0      0      0      0      0      0      0 
     0      0      0      0      0      0      0      0      0      0      0      0      0      0      0      0      0      0      0 
     0      0      0      0      0      0      0      0      0      0      0      0      0      0      0      0      0      0      0 
0 -1 -1
    89    103    124     73    129    113    101     80    108    114     98    113    106    120    112     72     26     96     75 
 12753  11662  12875  11528  10310   9852  10813  12415  10124   9850   9550  10187  11644  10316   9783  10763  10974  12133  12079 
 17236  13361     51    146  12875   9852  11662  10310  12753  11528   9850  10124  12415  11644  10974  10316  12133   9783  12079  10763  10187   9550  10813  13539  26304      0      0  65535 
     0      0      0      0      0      0      0      0      0      0      0      0      0      0      0      0      0      0      0 
     0      0      0      0      0      0      0      0      0      0      0      0      0      0      0      0      0      0      0 
     0      0      0      0      0      0      0      0      0      0      0      0      0      0      0      0      0      0      0 
0 -1 -1
    92    107    128     76    135    118    103     82    113    120    101    116    110    126    117     74     26     99     77 
 12936  11830  13039  11689  10454   9979  10928  12598  10247   9968   9649  10290  11803  10441   9893  10875  10960  12280  12214 
 17236  13361     51    146  13039   9979  11830  10454  12936  11689   9968  10247  12598  11803  10960  10441  12280   9893  12214  10875  10290   9649  10928  13539  26304      0      0  65535 
     0      0      0      0      0      0      0      0      0      0      0      0      0      0      0      0      0      0      0 
     0      0      0      0      0      0      0      0      0      0      0      0      0      0      0      0      0      0      0 
     0      0      0      0      0      0      0      0      0      0      0      0      0      0      0      0      0      0      0 
0 -1 -1
    93    108    129     77    138    120    104     84    115    121    102    116    111    127    118     75     25    100     77 
 13027  11908  13105  11767  10520  10031  10951  12680  10301  10014   9673  10308  11868  10487   9929  10902  10939  12327  12246 
 17236  13361     51    146  13105  10031  11908  10520  13027  11767  10014  10301  12680  11868  10939  10487  12327   9929  12246  10902  10308   9673  10951  13539  26304      1      0  65535 
     0      0      0      0      0      0      0      0      0      0      0      0      0      0      0      0      0      0      0 
     0      0      0      0      0      0      0      0      0      0      0      0      0      0      0      0      0      0      0 
     0      0      0      0      0      0      0      0      0      0      0      0      0      0      0      0      0      0      0 
0 -1 -1
    91    105    126     75    133    116    101     81    110    117     98    113    107    122    113     72     23     97     75 
 12863  11768  12967  11616  10395   9927  10807  12493  10183   9906   9561  10182  11707  10357   9810  10776  10841  12171  12097 
 17236  13361     51    146  12967   9927  11768  10395  12863  11616   9906  10183  12493  11707  10841  10357  12171   9810  12097  10776  10182   9561  10807  13539  26304      0      0  65535 
     0      0      0      0      0      0      0      0      0      0      0      0      0      0      0      0      0      0      0 
     0      0      0      0      0      0      0      0      0      0      0      0      0      0      0      0      0      0      0 
     0      0      0      0      0      0      0      0      0      0      0      0      0      0      0      0      0      0      0 
0 -1 -1
    84     97    118     68    121    107     93     75    100    106     89    104     99    110    102     67     21     89     70 
 12459  11411  12604  11265  10093   9669  10460  12080   9918   9651   9309   9873  11363  10076   9541  10485  10726  11828  11760 
 17236  13361     51    146  12604   9669  11411  10093  12459  11265   9651   9918  12080  11363  10726  10076  11828   9541  11760  10485   9873   9309  10460  13537  26303      0      0  65535 
     0      0      0      0      0      0      0      0      0      0      0      0      0      0      0      0      0      0      0 
     0      0      0      0      0      0      0      0      0      0      0      0      0      0      0      0      0      0      0 
     0      0      0      0      0      0      0      0      0      0      0      0      0      0      0      0      0      0      0 
0 -1 -1
    72     81    103     57     98     88     78     63     82     86     72     87     84     89     83     56     17     75     60 
 11681  10720  11876  10619   9527   9174   9814  11309   9445   9183   8869   9301  10729   9563   9055   9936  10544  11182  11121 
 17236  13361     51    147  11876   9174  10720   9527  11681  10619   9183   9445  11309  10729  10544   9563  11182   9055  11121   9936   9301   8869   9814  13538  26303      0      0  65535 
     0      0      0      0      0      0      0      0      0      0      0      0      0      0      0      0      0      0      0 
     0      0      0      0      0      0      0      0      0      0      0      0      0      0      0      0      0      0      0 
     0      0      0      0      0      0      0      0      0      0      0      0      0      0      0      0      0      0      0 
0 -1 -1
    55     59     80     41     69     64     57     47     60     60     52     63     63     61     58     41     12     56     46 
 10575   9771  10804   9770   8779   8517   8917  10259   8844   8578   8313   8506   9873   8896   8421   9161  10340  10276  10199 
 17236  13361     51    148  10804   8517   9771   8779  10575   9770   8578   8844  10259   9873  10340   8896  10276   8421  10199   9161   8506   8313   8917  13541  26304      0      0  65535 
     0      0      0      0      0      0      0      0      0      0      0      0      0      0      0      0      0      0      0 
     0      0      0      0      0      0      0      0      0      0      0      0      0      0      0      0      0      0      0 
     0      0      0      0      0      0      0      0      0      0      0      0      0      0      0      0      0      0      0 
0 -1 -1
    37     39     57     27     43     42     38     32     40     38     35     43     44     38     36     28      8     38     33 
  9438   8883   9707   8973   8114   7931   8103   9245   8318   8058   7849   7810   9065   8334   7886   8477  10162   9467   9365 
 17236  13361     51    150   9707   7931   8883   8114   9438   8973   8058   8318   9245   9065  10162   8334   9467   7886   9365   8477   7810   7849   8103  13545  26305      0      0  65535 
     0      0      0      0      0      0      0      0      0      0      0      0      0      0      0      0      0      0      0 
     0      0      0      0      0      0      0      0      0      0      0      0      0      0      0      0      0      0      0 
     0      0      0      0      0      0      0      0      0      0      0      0      0      0      0      0      0      0      0 
0 -1 -1
    22     22     35     15     22     25     21     19     23     20     21     24     26     19     19     17      5     23     20 
  8447   8155   8687   8312   7600   7467   7388   8374   7870   7648   7464   7179   8310   7881   7444   7867  10002   8755   8556 
 17236  13361     51    151   8687   7467   8155   7600   8447   8312   7648   7870   8374   8310  10002   7881   8755   7444   8556   7867   7179   7464   7388  13539  26303      0      0  65535 
     0      0      0      0      0      0      0      0      0      0      0      0      0      0      0      0      0      0      0 
     0      0      0      0      0      0      0      0      0      0      0      0      0      0      0      0      0      0      0 
     0      0      0      0      0      0      0      0      0      0      0      0      0      0      0      0      0      0      0 
0 -1 -1
    11     11     17      7      9     12     10     10     11      9     10     10     13      7      7      8      2     11     10 
  7731   7670   7862   7861   7265   7131   6905   7763   7550   7387   7165   6705   7747   7600   7152   7405   9879   8210   7868 
 17236  13361     51    152   7862   7131   7670   7265   7731   7861   7387   7550   7763   7747   9879   7600   8210   7152   7868   7405   6705   7165   6905  13540  26305      0      0  65535 
     0      0      0      0      0      0      0      0      0      0      0      0      0      0      0      0      0      0      0 
     0      0      0      0      0      0      0      0      0      0      0      0      0      0      0      0      0      0      0 
     0      0      0      0      0      0      0      0      0      0      0      0      0      0      0      0      0      0      0 
0 -1 -1
     3      3      5      2      2      3      2      4      3      3      1      1      4      1      1      1      0      3      2 
  7205   7330   7263   7549   7079   6886   6545   7370   7339   7240   6930   6389   7363   7457   6999   7046   9790   7859   7358 
 17236  13361     51    153   7263   6886   7330   7079   7205   7549   7240   7339   7370   7363   9790   7457   7859   6999   7358   7046   6389   6930   6545  13540  26305      0      0  65535 
     0      0      0      0      0      0      0      0      0      0      0      0      0      0      0      0      0      0      0 
     0      0      0      0      0      0      0      0      0      0      0      0      0      0      0      0      0      0      0 
     0      0      0      0      0      0      0      0      0      0      0      0      0      0      0      0      0      0      0 
0 -1 -1
     0      0      0      0      0      0      0      0      0      0      0      0      0      0      0      0      0      0      0 
  6665   6940   6709   7175   6978   6642   6081   6993   7141   7122   6645   6117   7012   7386   6932   6641   9730   7567   6941 
 17236  13361     51    154   6709   6642   6940   6978   6665   7175   7122   7141   6993   7012   9730   7386   7567   6932   6941   6641   6117   6645   6081  13540  26305      0      0  65535 
     0      0      0      0      0      0      0      0      0      0      0      0      0      0      0      0      0      0      0 
     0      0      0      0      0      0      0      0      0      0      0      0      0      0      0      0      0      0      0 
     0      0      0      0      0      0      0      0      0      0      0      0      0      0      0      0      0      0      0 
0 -1 -1
     0      0      0      0      0      0      0      0      0      0      0      0      0      0      0      0      0      0      0 
  6415   6603   6294   6920   6969   6521   5871   6853   7081   7095   6574   6069   6905   7384   6930   6535   9704   7536   6902 
 17236  13361     51    155   6294   6521   6603   6969   6415   6920   7095   7081   6853   6905   9704   7384   7536   6930   6902   6535   6069   6574   5871  13540  26305      0      0  65535 
     0      0      0      0      0      0      0      0      0      0      0      0      0      0      0      0      0      0      0 
     0      0      0      0      0      0      0      0      0      0      0      0      0      0      0      0      0      0      0 
     0      0      0      0      0      0      0      0      0      0      0      0      0      0      0      0      0      0      0 
0 -1 -1
     0      0      0      0      0      0      0      0      0      0      0      0      0      0      0      0      0      0      0 
  6417   6600   6294   6920   6970   6520   5869   6853   7079   7094   6573   6070   6905   7384   6927   6535   9711   7536   6902 
 17236  13361     51    154   6294   6520   6600   6970   6417   6920   7094   7079   6853   6905   9711   7384   7536   6927   6902   6535   6070   6573   5869  13539  26304      0      0  65535 
     0      0      0      0      0      0      0      0      0      0      0      0      0      0      0      0      0      0      0 
     0      0      0      0      0      0      0      0      0      0      0      0      0      0      0      0      0      0      0 
     0      0      0      0      0      0      0      0      0      0      0      0      0      0      0      0      0      0      0 
0 -1 -1
     0      0      0      0      0      0      0      0      0      0      0      0      0      0      0      0      0      0      0 
  6415   6601   6294   6918   6968   6519   5870   6850   7079   7093   6572   6069   6903   7382   6926   6536   9705   7535   6902 
 17236  13361     51    155   6294   6519   6601   6968   6415   6918   7093   7079   6850   6903   9705   7382   7535   6926   6902   6536   6069   6572   5870  13540  26304      0      0  65535 
     0      0      0      0      0      0      0      0      0      0      0      0      0      0      0      0      0      0      0 
     0      0      0      0      0      0      0      0      0      0      0      0      0      0      0      0      0      0      0 
     0      0      0      0      0      0      0      0      0      0      0      0      0      0      0      0      0      0      0 
0 -1 -1
     0      0      0      0      0      0      0      0      0      0      0      0      0      0      0      0      0      0      0 
  6414   6599   6294   6917   6967   6517   5868   6850   7077   7093   6570   6069   6903   7383   6927   6534   9711   7534   6900 
 17236  13361     51    155   6294   6517   6599   6967   6414   6917   7093   7077   6850   6903   9711   7383   7534   6927   6900   6534   6069   6570   5868  13535  26304      1      0  65535 
     0      0      0      0      0      0      0      0      0      0      0      0      0      0      0      0      0      0      0 
     0      0      0      0      0      0      0      0      0      0      0      0      0      0      0      0      0      0      0 
     0      0      0      0      0      0      0      0      0      0      0      0      0      0      0      0      0      0      0 
0 -1 -1
     0      0      0      0      0      0      0      0      0      0      0      0      0      0      0      0      0      0      0 
  6414   6599   6293   6918   6965   6518   5866   6851   7078   7091   6569   6067   6902   7379   6924   6535   9715   7534   6902 
 17236  13361     51    155   6293   6518   6599   6965   6414   6918   7091   7078   6851   6902   9715   7379   7534   6924   6902   6535   6067   6569   5866  13532  26304      0      0  65535 
     0      0      0      0      0      0      0      0      0      0      0      0      0      0      0      0      0      0      0 
     0      0      0      0      0      0      0      0      0      0      0      0      0      0      0      0      0      0      0 
     0      0      0      0      0      0      0      0      0      0      0      0      0      0      0      0      0      0      0 
0 -1 -1
     0      0      0      0      0      0      0      0      0      0      0      0      0      0      0      0      0      0      0 
  6413   6599   6294   6916   6965   6518   5867   6850   7077   7091   6569   6069   6900   7380   6926   6534   9716   7532   6900 
 17236  13361     51    155   6294   6518   6599   6965   6413   6916   7091   7077   6850   6900   9716   7380   7532   6926   6900   6534   6069   6569   5867  13532  26305      0      0  65535 
     0      0      0      0      0      0      0      0      0      0      0      0      0      0      0      0      0      0      0 
     0      0      0      0      0      0      0      0      0      0      0      0      0      0      0      0      0      0      0 
     0      0      0      0      0      0      0      0      0      0      0      0      0      0      0      0      0      0      0 
0 -1 -1
     0      0      0      0      0      0      0      0      0      0      0      0      0      0      0      0      0      0      0 
  6411   6598   6293   6916   6964   6514   5868   6849   7076   7090   6568   6068   6900   7379   6925   6533   9710   7532   6902 
 17236  13361     51    154   6293   6514   6598   6964   6411   6916   7090   7076   6849   6900   9710   7379   7532   6925   6902   6533   6068   6568   5868  13531  26305      0      0  65535 
     0      0      0      0      0      0      0      0      0      0      0      0      0      0      0      0      0      0      0 
     0      0      0      0      0      0      0      0      0      0      0      0      0      0      0      0      0      0      0 
     0      0      0      0      0      0      0      0      0      0      0      0      0      0      0      0      0      0      0 
0 -1 -1
     0      0      0      0      0      0      0      0      0      0      0      0      0      0      0      0      0      0      0 
  6411   6597   6294   6916   6964   6516   5867   6850   7074   7090   6568   6068   6898   7380   6923   6533   9714   7533   6900 
 17236  13361     51    154   6294   6516   6597   6964   6411   6916   7090   7074   6850   6898   9714   7380   7533   6923   6900   6533   6068   6568   5867  13533  26304      0      1  65535 
     0      0      0      0      0      0      0      0      0      0      0      0      0      0      0      0      0      0      0 
     0      0      0      0      0      0      0      0      0      0      0      0      0      0      0      0      0      0      0 
     0      0      0      0      0      0      0      0      0      0      0      0      0      0      0      0      0      0      0 
0 -1 -1
     0      0      0      0      0      0      0      0      0      0      0      0      0      0      0      0      0      0      0 
  6412   6597   6294   6914   6964   6516   5866   6849   7074   7089   6567   6067   6899   7378   6923   6533   9712   7532   6902 
 17236  13361     51    155   6294   6516   6597   6964   6412   6914   7089   7074   6849   6899   9712   7378   7532   6923   6902   6533   6067   6567   5866  13534  26304      1      0  65535 
     0      0      0      0      0      0      0      0      0      0      0      0      0      0      0      0      0      0      0 
     0      0      0      0      0      0      0      0      0      0      0      0      0      0      0      0      0      0      0 
     0      0      0      0      0      0      0      0      0      0      0      0      0      0      0      0      0      0      0 
0 -1 -1
     0      0      0      0      0      0      0      0      0      0      0      0      0      0      0      0      0      0      0 
  6412   6597   6293   6914   6963   6514   5868   6848   7073   7088   6566   6067   6898   7377   6923   6531   9717   7532   6902 
 17236  13361     51    154   6293   6514   6597   6963   6412   6914   7088   7073   6848   6898   9717   7377   7532   6923   6902   6531   6067   6566   5868  13534  26305      0      0  65535 
     0      0      0      0      0      0      0      0      0      0      0      0      0      0      0      0      0      0      0 
     0      0      0      0      0      0      0      0      0      0      0      0      0      0      0      0      0      0      0 
     0      0      0      0      0      0      0      0      0      0      0      0      0      0      0      0      0      0      0 
0 -1 -1
     0      0      0      0      0      0      0      0      0      0      0      0      0      0      0      0      0      0      0 
  6410   6597   6294   6914   6963   6514   5866   6848   7072   7088   6566   6067   6898   7376   6922   6533   9713   7532   6899 
 17236  13361     51    154   6294   6514   6597   6963   6410   6914   7088   7072   6848   6898   9713   7376   7532   6922   6899   6533   6067   6566   5866  13534  26306      0      0  65535 
     0      0      0      0      0      0      0      0      0      0      0      0      0      0      0      0      0      0      0 
     0      0      0      0      0      0      0      0      0      0      0      0      0      0      0      0      0      0      0 
     0      0      0      0      0      0      0      0      0      0      0      0      0      0      0      0      0      0      0 
0 -1 -1
     0      0      0      0      0      0      0      0      0      0      0      0      0      0      0      0      0      0      0 
  6412   6595   6293   6912   6961   6513   5867   6849   7072   7087   6564   6070   6898   7376   6920   6534   9714   7532   6901 
 17236  13361     51    154   6293   6513   6595   6961   6412   6912   7087   7072   6849   6898   9714   7376   7532   6920   6901   6534   6070   6564   5867  13534  26305      0      0  65535 
     0      0      0      0      0      0      0      0      0      0      0      0      0      0      0      0      0      0      0 
     0      0      0      0      0      0      0      0      0      0      0      0      0      0      0      0      0      0      0 
     0      0      0      0      0      0      0      0      0      0      0      0      0      0      0      0      0      0      0 
0 -1 -1
     0      0      0      0      0      0      0      0      0      0      0      0      0      0      0      0      0      0      0 
  6412   6596   6295   6913   6961   6512   5866   6847   7072   7085   6565   6068   6899   7376   6921   6532   9706   7531   6901 
 17236  13361     51    154   6295   6512   6596   6961   6412   6913   7085   7072   6847   6899   9706   7376   7531   6921   6901   6532   6068   6565   5866  13533  26304      1      0  65535 
     0      0      0      0      0      0      0      0      0      0      0      0      0      0      0      0      0      0      0 
     0      0      0      0      0      0      0      0      0      0      0      0      0      0      0      0      0      0      0 
     0      0      0      0      0      0      0      0      0      0      0      0      0      0      0      0      0      0      0 
0 -1 -1
     0      0      0      0      0      0      0      0      0      0      0      0      0      0      0      0      0      0      0 
  6411   6595   6294   6913   6960   6513   5866   6848   7070   7085   6564   6069   6898   7376   6920   6531   9714   7530   6899 
 17236  13361     51    154   6294   6513   6595   6960   6411   6913   7085   7070   6848   6898   9714   7376   7530   6920   6899   6531   6069   6564   5866  13534  26304      0      0  65535 
     0      0      0      0      0      0      0      0      0      0      0      0      0      0      0      0      0      0      0 
     0      0      0      0      0      0      0      0      0      0      0      0      0      0      0      0      0      0      0 
     0      0      0      0      0      0      0      0      0      0      0      0      0      0      0      0      0      0      0 
0 -1 -1
     0      0      0      0      0      0      0      0      0      0      0      0      0      0      0      0      0      0      0 
  6411   6594   6294   6912   6960   6513   5866   6848   7071   7085   6564   6068   6898   7376   6921   6532   9705   7530   6898 
 17236  13361     51    155   6294   6513   6594   6960   6411   6912   7085   7071   6848   6898   9705   7376   7530   6921   6898   6532   6068   6564   5866  13538  26305      0      0  65535 
     0      0      0      0      0      0      0      0      0      0      0      0      0      0      0      0      0      0      0 
     0      0      0      0      0      0      0      0      0      0      0      0      0      0      0      0      0      0      0 
     0      0      0      0      0      0      0      0      0      0      0      0      0      0      0      0      0      0      0 
0 -1 -1
     0      0      0      0      0      0      0      0      0      0      0      0      0      0      0      0      0      0      0 
  6411   6595   6294   6912   6958   6512   5865   6846   7069   7085   6564   6067   6897   7375   6920   6530   9713   7530   6899 
 17236  13361     51    155   6294   6512   6595   6958   6411   6912   7085   7069   6846   6897   9713   7375   7530   6920   6899   6530   6067   6564   5865  13538  26305      0      0  65535 
     0      0      0      0      0      0      0      0      0      0      0      0      0      0      0      0      0      0      0 
     0      0      0      0      0      0      0      0      0      0      0      0      0      0      0      0      0      0      0 
     0      0      0      0      0      0      0      0      0      0      0      0      0      0      0      0      0      0      0 
0 -1 -1
     0      0      0      0      0      0      0      0      0      0      0      0      0      0      0      0      0      0      0 
  6412   6594   6293   6911   6960   6511   5867   6846   7070   7084   6563   6067   6896   7374   6920   6531   9713   7531   6900 
 17236  13361     51    154   6293   6511   6594   6960   6412   6911   7084   7070   6846   6896   9713   7374   7531   6920   6900   6531   6067   6563   5867  13537  26305      0      1  65535 
     0      0      0      0      0      0      0      0      0      0      0      0      0      0      0      0      0      0      0 
     0      0      0      0      0      0      0      0      0      0      0      0      0      0      0      0      0      0      0 
     0      0      0      0      0      0      0      0      0      0      0      0      0      0      0      0      0      0      0 
0 -1 -1
     0      0      0      0      0      0      0      0      0      0      0      0      0      0      0      0      0      0      0 
  6411   6593   6294   6910   6960   6510   5865   6845   7068   7084   6562   6068   6895   7373   6919   6531   9712   7529   6899 
 17236  13361     51    155   6294   6510   6593   6960   6411   6910   7084   7068   6845   6895   9712   7373   7529   6919   6899   6531   6068   6562   5865  13537  26305      0      1  65535 
     0      0      0      0      0      0      0      0      0      0      0      0      0      0      0      0      0      0      0 
     0      0      0      0      0      0      0      0      0      0      0      0      0      0      0      0      0      0      0 
     0      0      0      0      0      0      0      0      0      0      0      0      0      0      0      0      0      0      0 
0 -1 -1
     0      0      0      0      0      0      0      0      0      0      0      0      0      0      0      0      0      0      0 
  6412   6593   6293   6910   6958   6511   5865   6846   7068   7083   6563   6068   6895   7372   6917   6530   9716   7530   6900 
 17236  13361     51    155   6293   6511   6593   6958   6412   6910   7083   7068   6846   6895   9716   7372   7530   6917   6900   6530   6068   6563   5865  13539  26305      0      0  65535 
     0      0      0      0      0      0      0      0      0      0      0      0      0      0      0      0      0      0      0 
     0      0      0      0      0      0      0      0      0      0      0      0      0      0      0      0      0      0      0 
     0      0      0      0      0      0      0      0      0      0      0      0      0      0      0      0      0      0      0 
0 -1 -1
