    19     36     39     20     48     65     58     17     52     79     90     77     35     71    103     70     13     59     55 
  5558   6034   6191   5776   5595   5873   6382   5896   6003   6398   6610   6694   6115   6535   7035   8147  10725   8051   8662 
 17236  13361     51    148   6191   5873   6034   5595   5558   5776   6398   6003   5896   6115  10725   6535   8051   7035   8662   8147   6694   6610   6382  13554  26305      0      0  65535 
     0      0      0      0      0      0      0      0      0      0      0      0      0      0      0      0      0      0      0 
     0      0      0      0      0      0      0      0      0      0      0      0      0      0      0      0      0      0      0 
     0      0      0      0      0      0      0      0      0      0      0      0      0      0      0      0      0      0      0 
0 -1 -1
    21     42     47     22     58     79     69     19     61     94    109     94     40     84    124     86      9     69     66 
  5712   6297   6563   5920   5829   6257   6861   6025   6225   6753   7122   7257   6319   6846   7567   8946  10543   8540   9367 
 17236  13361     51    148   6563   6257   6297   5829   5712   5920   6753   6225   6025   6319  10543   6846   8540   7567   9367   8946   7257   7122   6861  13554  26303      0      1  65535 
     0      0      0      0      0      0      0      0      0      0      0      0      0      0      0      0      0      0      0 
     0      0      0      0      0      0      0      0      0      0      0      0      0      0      0      0      0      0      0 
     0      0      0      0      0      0      0      0      0      0      0      0      0      0      0      0      0      0      0 
0 -1 -1
    21     42     47     23     60     81     68     20     64     98    111     94     43     91    131     89      5     75     70 
  5735   6304   6559   5969   5889   6304   6809   6095   6322   6852   7185   7251   6452   6997   7743   9111  10385   8797   9648 
 17236  13361     51    148   6559   6304   6304   5889   5735   5969   6852   6322   6095   6452  10385   6997   8797   7743   9648   9111   7251   7185   6809  13553  26303      0      0  65535 
     0      0      0      0      0      0      0      0      0      0      0      0      0      0      0      0      0      0      0 
     0      0      0      0      0      0      0      0      0      0      0      0      0      0      0      0      0      0      0 
     0      0      0      0      0      0      0      0      0      0      0      0      0      0      0      0      0      0      0 
0 -1 -1
    21     40     43     24     59     76     60     21     65     96    103     82     45     92    128     83      1     76     68 
  5704   6199   6350   5981   5859   6171   6454   6140   6347   6810   6966   6862   6530   7030   7663   8799  10197   8838   9538 
 17236  13361     51    148   6350   6171   6199   5859   5704   5981   6810   6347   6140   6530  10197   7030   8838   7663   9538   8799   6862   6966   6454  13553  26305      1      0  65535 
     0      0      0      0      0      0      0      0      0      0      0      0      0      0      0      0      0      0      0 
     0      0      0      0      0      0      0      0      0      0      0      0      0      0      0      0      0      0      0 
     0      0      0      0      0      0      0      0      0      0      0      0      0      0      0      0      0      0      0 
0 -1 -1
    19     34     36     22     52     64     46     20     59     83     81     62     41     79    105     65      0     64     55 
  5581   5978   6032   5879   5678   5850   5873   6041   6170   6498   6377   6184   6366   6730   7086   7857   9702   8316   8700 
 17236  13361     51    149   6032   5850   5978   5678   5581   5879   6498   6170   6041   6366   9702   6730   8316   7086   8700   7857   6184   6377   5873  13553  26304      0      0  65535 
     0      0      0      0      0      0      0      0      0      0      0      0      0      0      0      0      0      0      0 
     0      0      0      0      0      0      0      0      0      0      0      0      0      0      0      0      0      0      0 
     0      0      0      0      0      0      0      0      0      0      0      0      0      0      0      0      0      0      0 
0 -1 -1
    13     22     23     15     31     38     25     14     37     49     43     33     27     46     56     34      0     38     32 
  5198   5442   5419   5496   5162   5134   4948   5636   5594   5705   5343   5202   5773   5921   5871   6287   9424   7089   7153 
 17236  13361     51    150   5419   5134   5442   5162   5198   5496   5705   5594   5636   5773   9424   5921   7089   5871   7153   6287   5202   5343   4948  13549  26304      0      0  65535 
     0      0      0      0      0      0      0      0      0      0      0      0      0      0      0      0      0      0      0 
     0      0      0      0      0      0      0      0      0      0      0      0      0      0      0      0      0      0      0 
     0      0      0      0      0      0      0      0      0      0      0      0      0      0      0      0      0      0      0 
0 -1 -1
     5      8      9      6      9     10      6      5     11     14     10      9     10     12     13     10      0     12     11 
  4704   4823   4762   4987   4590   4393   4147   5087   4922   4878   4439   4390   5070   5122   4781   5011   9326   5905   5813 
 17236  13361     51    152   4762   4393   4823   4590   4704   4987   4878   4922   5087   5070   9326   5122   5905   4781   5813   5011   4390   4439   4147  13547  26305      0      0  65535 
     0      0      0      0      0      0      0      0      0      0      0      0      0      0      0      0      0      0      0 
     0      0      0      0      0      0      0      0      0      0      0      0      0      0      0      0      0      0      0 
     0      0      0      0      0      0      0      0      0      0      0      0      0      0      0      0      0      0      0 
0 -1 -1
     0      0      1      0      0      0      0      0      0      0      0      0      0      0      0      0      0      0      2 
  4381   4468   4400   4660   4324   4055   3824   4730   4572   4502   4115   4062   4673   4792   4401   4508   9255   5368   5234 
 17236  13361     51    153   4400   4055   4468   4324   4381   4660   4502   4572   4730   4673   9255   4792   5368   4401   5234   4508   4062   4115   3824  13545  26305      0      1  65535 
     0      0      0      0      0      0      0      0      0      0      0      0      0      0      0      0      0      0      0 
     0      0      0      0      0      0      0      0      0      0      0      0      0      0      0      0      0      0      0 
     0      0      0      0      0      0      0      0      0      0      0      0      0      0      0      0      0      0      0 
0 -1 -1
     0      0      0      0      0      0      0      0      0      0      0      0      0      0      0      0      0      0      0 
  4214   4301   4235   4503   4242   3957   3698   4561   4464   4399   4023   3921   4502   4692   4303   4318   9259   5151   4980 
 17236  13361     51    153   4235   3957   4301   4242   4214   4503   4399   4464   4561   4502   9259   4692   5151   4303   4980   4318   3921   4023   3698  13545  26305      0      0  65535 
     0      0      0      0      0      0      0      0      0      0      0      0      0      0      0      0      0      0      0 
     0      0      0      0      0      0      0      0      0      0      0      0      0      0      0      0      0      0      0 
     0      0      0      0      0      0      0      0      0      0      0      0      0      0      0      0      0      0      0 
0 -1 -1
     0      0      0      0      0      0      0      0      0      0      0      0      0      0      0      0      0      0      0 
  4073   4174   4096   4383   4193   3901   3584   4424   4400   4343   3948   3779   4371   4629   4231   4148   9433   4972   4708 
 17236  13361     51    153   4096   3901   4174   4193   4073   4383   4343   4400   4424   4371   9433   4629   4972   4231   4708   4148   3779   3948   3584  13547  26304      0      0  65535 
     0      0      0      0      0      0      0      0      0      0      0      0      0      0      0      0      0      0      0 
     0      0      0      0      0      0      0      0      0      0      0      0      0      0      0      0      0      0      0 
     0      0      0      0      0      0      0      0      0      0      0      0      0      0      0      0      0      0      0 
0 -1 -1
     0      0      0      0      0      0      0      0      0      0      0      0      0      0      0      0      0      0      0 
  3912   4040   3948   4245   4151   3850   3481   4263   4336   4285   3874   3641   4216   4568   4156   3938   9683   4754   4348 
 17236  13361     51    153   3948   3850   4040   4151   3912   4245   4285   4336   4263   4216   9683   4568   4754   4156   4348   3938   3641   3874   3481  13547  26304      0      0  65535 
     0      0      0      0      0      0      0      0      0      0      0      0      0      0      0      0      0      0      0 
     0      0      0      0      0      0      0      0      0      0      0      0      0      0      0      0      0      0      0 
     0      0      0      0      0      0      0      0      0      0      0      0      0      0      0      0      0      0      0 
0 -1 -1
     0      0      0      0      0      0      0      0      0      0      0      0      0      0      0      0      0      0      0 
  3818   3953   3865   4166   4101   3798   3427   4173   4279   4223   3808   3565   4128   4519   4090   3844   9794   4655   4209 
 17236  13361     51    153   3865   3798   3953   4101   3818   4166   4223   4279   4173   4128   9794   4519   4655   4090   4209   3844   3565   3808   3427  13547  26304      0      0  65535 
     0      0      0      0      0      0      0      0      0      0      0      0      0      0      0      0      0      0      0 
     0      0      0      0      0      0      0      0      0      0      0      0      0      0      0      0      0      0      0 
     0      0      0      0      0      0      0      0      0      0      0      0      0      0      0      0      0      0      0 
0 -1 -1
     0      0      0      0      0      0      0      0      0      0      0      0      0      0      0      0      0      0      0 
  3807   3941   3854   4154   4086   3788   3416   4161   4275   4210   3790   3554   4113   4503   4073   3829   9818   4648   4202 
 17236  13361     51    154   3854   3788   3941   4086   3807   4154   4210   4275   4161   4113   9818   4503   4648   4073   4202   3829   3554   3790   3416  13547  26305      0      0  65535 
     0      0      0      0      0      0      0      0      0      0      0      0      0      0      0      0      0      0      0 
     0      0      0      0      0      0      0      0      0      0      0      0      0      0      0      0      0      0      0 
     0      0      0      0      0      0      0      0      0      0      0      0      0      0      0      0      0      0      0 
0 -1 -1
     0      0      0      0      0      0      0      0      0      0      0      0      0      0      0      0      0      0      0 
  3806   3942   3854   4153   4086   3787   3415   4161   4273   4208   3789   3555   4113   4501   4073   3830   9803   4648   4201 
 17236  13361     51    154   3854   3787   3942   4086   3806   4153   4208   4273   4161   4113   9803   4501   4648   4073   4201   3830   3555   3789   3415  13546  26305      0      0  65535 
     0      0      0      0      0      0      0      0      0      0      0      0      0      0      0      0      0      0      0 
     0      0      0      0      0      0      0      0      0      0      0      0      0      0      0      0      0      0      0 
     0      0      0      0      0      0      0      0      0      0      0      0      0      0      0      0      0      0      0 
0 -1 -1
     0      0      0      0      0      0      0      0      0      0      0      0      0      0      0      0      0      0      0 
  3804   3940   3855   4152   4086   3786   3415   4160   4272   4208   3790   3553   4114   4502   4072   3828   9855   4647   4202 
 17236  13361     51    154   3855   3786   3940   4086   3804   4152   4208   4272   4160   4114   9855   4502   4647   4072   4202   3828   3553   3790   3415  13546  26304      0      1  65535 
     0      0      0      0      0      0      0      0      0      0      0      0      0      0      0      0      0      0      0 
     0      0      0      0      0      0      0      0      0      0      0      0      0      0      0      0      0      0      0 
     0      0      0      0      0      0      0      0      0      0      0      0      0      0      0      0      0      0      0 
0 -1 -1
     0      0      0      0      0      0      0      0      0      0      0      0      0      0      0      0      0      0      0 
  3804   3941   3853   4150   4085   3786   3416   4160   4272   4207   3790   3553   4113   4500   4072   3827   9842   4646   4201 
 17236  13361     51    154   3853   3786   3941   4085   3804   4150   4207   4272   4160   4113   9842   4500   4646   4072   4201   3827   3553   3790   3416  13548  26304      1      1  65535 
     0      0      0      0      0      0      0      0      0      0      0      0      0      0      0      0      0      0      0 
     0      0      0      0      0      0      0      0      0      0      0      0      0      0      0      0      0      0      0 
     0      0      0      0      0      0      0      0      0      0      0      0      0      0      0      0      0      0      0 
0 -1 -1
     0      0      0      0      0      0      0      0      0      0      0      0      0      0      0      0      0      0      0 
  3803   3939   3854   4151   4085   3785   3413   4158   4273   4207   3788   3551   4111   4501   4070   3826   9858   4645   4199 
 17236  13361     51    153   3854   3785   3939   4085   3803   4151   4207   4273   4158   4111   9858   4501   4645   4070   4199   3826   3551   3788   3413  13548  26304      1      0  65535 
     0      0      0      0      0      0      0      0      0      0      0      0      0      0      0      0      0      0      0 
     0      0      0      0      0      0      0      0      0      0      0      0      0      0      0      0      0      0      0 
     0      0      0      0      0      0      0      0      0      0      0      0      0      0      0      0      0      0      0 
0 -1 -1
     0      0      0      0      0      0      0      0      0      0      0      0      0      0      0      0      0      0      0 
  3802   3939   3852   4150   4084   3785   3413   4158   4271   4205   3786   3552   4113   4499   4071   3826   9813   4644   4199 
 17236  13361     51    154   3852   3785   3939   4084   3802   4150   4205   4271   4158   4113   9813   4499   4644   4071   4199   3826   3552   3786   3413  13548  26303      0      0  65535 
     0      0      0      0      0      0      0      0      0      0      0      0      0      0      0      0      0      0      0 
     0      0      0      0      0      0      0      0      0      0      0      0      0      0      0      0      0      0      0 
     0      0      0      0      0      0      0      0      0      0      0      0      0      0      0      0      0      0      0 
0 -1 -1
     0      0      0      0      0      0      0      0      0      0      0      0      0      0      0      0      0      0      0 
  3802   3941   3853   4150   4083   3785   3413   4157   4272   4205   3788   3550   4111   4498   4070   3827   9784   4644   4198 
 17236  13361     51    154   3853   3785   3941   4083   3802   4150   4205   4272   4157   4111   9784   4498   4644   4070   4198   3827   3550   3788   3413  13549  26304      0      0  65535 
     0      0      0      0      0      0      0      0      0      0      0      0      0      0      0      0      0      0      0 
     0      0      0      0      0      0      0      0      0      0      0      0      0      0      0      0      0      0      0 
     0      0      0      0      0      0      0      0      0      0      0      0      0      0      0      0      0      0      0 
0 -1 -1
     0      0      0      0      0      0      0      0      0      0      0      0      0      0      0      0      0      0      0 
  3802   3938   3852   4149   4083   3783   3412   4157   4270   4203   3786   3551   4109   4497   4069   3826   9785   4644   4197 
 17236  13361     51    154   3852   3783   3938   4083   3802   4149   4203   4270   4157   4109   9785   4497   4644   4069   4197   3826   3551   3786   3412  13550  26304      0      0  65535 
     0      0      0      0      0      0      0      0      0      0      0      0      0      0      0      0      0      0      0 
     0      0      0      0      0      0      0      0      0      0      0      0      0      0      0      0      0      0      0 
     0      0      0      0      0      0      0      0      0      0      0      0      0      0      0      0      0      0      0 
0 -1 -1
     0      0      0      0      0      0      0      0      0      0      0      0      0      0      0      0      0      0      0 
  3801   3938   3851   4149   4080   3783   3413   4157   4268   4203   3786   3550   4109   4497   4069   3825   9770   4644   4197 
 17236  13361     51    154   3851   3783   3938   4080   3801   4149   4203   4268   4157   4109   9770   4497   4644   4069   4197   3825   3550   3786   3413  13549  26305      0      0  65535 
     0      0      0      0      0      0      0      0      0      0      0      0      0      0      0      0      0      0      0 
     0      0      0      0      0      0      0      0      0      0      0      0      0      0      0      0      0      0      0 
     0      0      0      0      0      0      0      0      0      0      0      0      0      0      0      0      0      0      0 
0 -1 -1
     0      0      0      0      0      0      0      0      0      0      0      0      0      0      0      0      0      0      0 
  3800   3937   3852   4147   4082   3781   3412   4155   4269   4203   3786   3550   4108   4495   4068   3825   9789   4642   4197 
 17236  13361     51    153   3852   3781   3937   4082   3800   4147   4203   4269   4155   4108   9789   4495   4642   4068   4197   3825   3550   3786   3412  13549  26305      0      0  65535 
     0      0      0      0      0      0      0      0      0      0      0      0      0      0      0      0      0      0      0 
     0      0      0      0      0      0      0      0      0      0      0      0      0      0      0      0      0      0      0 
     0      0      0      0      0      0      0      0      0      0      0      0      0      0      0      0      0      0      0 
0 -1 -1
     0      0      0      0      0      0      0      0      0      0      0      0      0      0      0      0      0      0      0 
  3800   3937   3849   4147   4080   3781   3411   4156   4268   4203   3786   3549   4106   4496   4067   3823   9783   4641   4196 
 17236  13361     51    153   3849   3781   3937   4080   3800   4147   4203   4268   4156   4106   9783   4496   4641   4067   4196   3823   3549   3786   3411  13550  26305      0      0  65535 
     0      0      0      0      0      0      0      0      0      0      0      0      0      0      0      0      0      0      0 
     0      0      0      0      0      0      0      0      0      0      0      0      0      0      0      0      0      0      0 
     0      0      0      0      0      0      0      0      0      0      0      0      0      0      0      0      0      0      0 
0 -1 -1
     0      0      0      0      0      0      0      0      0      0      0      0      0      0      0      0      0      0      0 
  3799   3935   3849   4146   4080   3779   3410   4154   4267   4201   3785   3547   4108   4494   4065   3824   9809   4639   4196 
 17236  13361     51    153   3849   3779   3935   4080   3799   4146   4201   4267   4154   4108   9809   4494   4639   4065   4196   3824   3547   3785   3410  13550  26303      0      0  65535 
     0      0      0      0      0      0      0      0      0      0      0      0      0      0      0      0      0      0      0 
     0      0      0      0      0      0      0      0      0      0      0      0      0      0      0      0      0      0      0 
     0      0      0      0      0      0      0      0      0      0      0      0      0      0      0      0      0      0      0 
0 -1 -1
     0      0      0      0      0      0      0      0      0      0      0      0      0      0      0      0      0      0      0 
  3798   3936   3848   4145   4079   3780   3410   4155   4266   4200   3785   3547   4105   4493   4066   3821   9814   4640   4194 
 17236  13361     51    154   3848   3780   3936   4079   3798   4145   4200   4266   4155   4105   9814   4493   4640   4066   4194   3821   3547   3785   3410  13551  26304      0      0  65535 
     0      0      0      0      0      0      0      0      0      0      0      0      0      0      0      0      0      0      0 
     0      0      0      0      0      0      0      0      0      0      0      0      0      0      0      0      0      0      0 
     0      0      0      0      0      0      0      0      0      0      0      0      0      0      0      0      0      0      0 
0 -1 -1
     0      0      0      0      0      0      0      0      0      0      0      0      0      0      0      0      0      0      0 
  3798   3934   3847   4147   4079   3780   3409   4152   4266   4200   3783   3547   4106   4494   4064   3822   9809   4639   4193 
 17236  13361     51    154   3847   3780   3934   4079   3798   4147   4200   4266   4152   4106   9809   4494   4639   4064   4193   3822   3547   3783   3409  13551  26304      0      1  65535 
     0      0      0      0      0      0      0      0      0      0      0      0      0      0      0      0      0      0      0 
     0      0      0      0      0      0      0      0      0      0      0      0      0      0      0      0      0      0      0 
     0      0      0      0      0      0      0      0      0      0      0      0      0      0      0      0      0      0      0 
0 -1 -1
