    32     50     58     26     59     63     55     17     47     56     65     54     30     44     52     34      1     31     24 
  6259   6507   6957   5949   5930   5848   6181   5594   5856   5853   5944   5711   5639   5898   5738   5978   9719   6392   6054 
 17236  13361     51    149   6957   5848   6507   5930   6259   5949   5853   5856   5594   5639   9719   5898   6392   5738   6054   5978   5711   5944   6181  13543  26303      0      0  65535 
     0      0      0      0      0      0      0      0      0      0      0      0      0      0      0      0      0      0      0 
     0      0      0      0      0      0      0      0      0      0      0      0      0      0      0      0      0      0      0 
     0      0      0      0      0      0      0      0      0      0      0      0      0      0      0      0      0      0      0 
0 -1 -1
    41     66     74     33     77     84     72     20     58     73     83     67     34     53     64     42      4     36     27 
  6831   7181   7745   6331   6396   6437   6908   5801   6149   6249   6448   6156   5833   6122   6053   6359   9890   6599   6301 
 17236  13361     51    147   7745   6437   7181   6396   6831   6331   6249   6149   5801   5833   9890   6122   6599   6053   6301   6359   6156   6448   6908  13543  26303      0      0  65535 
     0      0      0      0      0      0      0      0      0      0      0      0      0      0      0      0      0      0      0 
     0      0      0      0      0      0      0      0      0      0      0      0      0      0      0      0      0      0      0 
     0      0      0      0      0      0      0      0      0      0      0      0      0      0      0      0      0      0      0 
0 -1 -1
    51     85     96     39     97    110     94     23     68     91    105     84     38     62     78     50     10     40     31 
  7442   8003   8775   6694   6905   7119   7840   5984   6425   6662   7036   6741   5991   6337   6391   6797  10163   6793   6546 
 17236  13361     51    146   8775   7119   8003   6905   7442   6694   6662   6425   5984   5991  10163   6337   6793   6391   6546   6797   6741   7036   7840  13542  26303      0      0  65535 
     0      0      0      0      0      0      0      0      0      0      0      0      0      0      0      0      0      0      0 
     0      0      0      0      0      0      0      0      0      0      0      0      0      0      0      0      0      0      0 
     0      0      0      0      0      0      0      0      0      0      0      0      0      0      0      0      0      0      0 
0 -1 -1
    59    102    116     44    113    131    110     25     75    103    120     97     40     68     86     55     13     42     33 
  7949   8754   9703   6966   7305   7698   8558   6098   6601   6945   7456   7173   6073   6460   6597   7082  10263   6878   6670 
 17236  13361     51    145   9703   7698   8754   7305   7949   6966   6945   6601   6098   6073  10263   6460   6878   6597   6670   7082   7173   7456   8558  13538  26304      1      0  65535 
     0      0      0      0      0      0      0      0      0      0      0      0      0      0      0      0      0      0      0 
     0      0      0      0      0      0      0      0      0      0      0      0      0      0      0      0      0      0      0 
     0      0      0      0      0      0      0      0      0      0      0      0      0      0      0      0      0      0      0 
0 -1 -1
    67    117    130     50    127    147    118     27     81    111    127    100     42     71     89     56     14     42     33 
  8452   9416  10377   7268   7656   8128   8883   6240   6768   7136   7642   7271   6163   6543   6674   7127  10336   6900   6668 
 17236  13361     51    144  10377   8128   9416   7656   8452   7268   7136   6768   6240   6163  10336   6543   6900   6674   6668   7127   7271   7642   8883  13534  26304      0      0  65535 
     0      0      0      0      0      0      0      0      0      0      0      0      0      0      0      0      0      0      0 
     0      0      0      0      0      0      0      0      0      0      0      0      0      0      0      0      0      0      0 
     0      0      0      0      0      0      0      0      0      0      0      0      0      0      0      0      0      0      0 
0 -1 -1
    71    124    134     53    132    151    115     28     83    112    124     93     43     71     86     53     12     41     31 
  8720   9698  10522   7444   7797   8216   8764   6322   6826   7152   7552   7058   6193   6535   6601   6945  10261   6835   6549 
 17236  13361     51    144  10522   8216   9698   7797   8720   7444   7152   6826   6322   6193  10261   6535   6835   6601   6549   6945   7058   7552   8764  13532  26305      0      0  65535 
     0      0      0      0      0      0      0      0      0      0      0      0      0      0      0      0      0      0      0 
     0      0      0      0      0      0      0      0      0      0      0      0      0      0      0      0      0      0      0 
     0      0      0      0      0      0      0      0      0      0      0      0      0      0      0      0      0      0      0 
0 -1 -1
    69    120    127     52    128    144    107     28     81    107    115     85     42     67     81     49      9     39     29 
  8639   9549  10228   7409   7699   8022   8394   6299   6763   7030   7317   6767   6154   6454   6461   6725  10125   6746   6425 
 17236  13361     51    144  10228   8022   9549   7699   8639   7409   7030   6763   6299   6154  10125   6454   6746   6461   6425   6725   6767   7317   8394  13532  26303      0      0  65535 
     0      0      0      0      0      0      0      0      0      0      0      0      0      0      0      0      0      0      0 
     0      0      0      0      0      0      0      0      0      0      0      0      0      0      0      0      0      0      0 
     0      0      0      0      0      0      0      0      0      0      0      0      0      0      0      0      0      0      0 
0 -1 -1
    60    105    112     46    113    127     95     25     73     96    104     78     39     61     74     45      5     37     28 
  8054   8874   9523   7070   7296   7567   7892   6129   6547   6766   7010   6516   6028   6308   6292   6555   9908   6648   6339 
 17236  13361     51    145   9523   7567   8874   7296   8054   7070   6766   6547   6129   6028   9908   6308   6648   6292   6339   6555   6516   7010   7892  13535  26303      0      0  65535 
     0      0      0      0      0      0      0      0      0      0      0      0      0      0      0      0      0      0      0 
     0      0      0      0      0      0      0      0      0      0      0      0      0      0      0      0      0      0      0 
     0      0      0      0      0      0      0      0      0      0      0      0      0      0      0      0      0      0      0 
0 -1 -1
    49     86     96     38     93    108     84     22     63     83     94     72     35     55     68     43      1     35     27 
  7318   8068   8761   6629   6803   7063   7431   5907   6285   6482   6732   6339   5872   6151   6142   6445   9722   6566   6291 
 17236  13361     51    146   8761   7063   8068   6803   7318   6629   6482   6285   5907   5872   9722   6151   6566   6142   6291   6445   6339   6732   7431  13535  26303      0      0  65535 
     0      0      0      0      0      0      0      0      0      0      0      0      0      0      0      0      0      0      0 
     0      0      0      0      0      0      0      0      0      0      0      0      0      0      0      0      0      0      0 
     0      0      0      0      0      0      0      0      0      0      0      0      0      0      0      0      0      0      0 
0 -1 -1
    38     68     79     30     73     87     69     18     52     69     78     63     31     46     58     39      0     32     25 
  6619   7251   7943   6186   6285   6505   6785   5674   5989   6135   6314   6012   5689   5943   5899   6202   9539   6419   6160 
 17236  13361     51    147   7943   6505   7251   6285   6619   6186   6135   5989   5674   5689   9539   5943   6419   5899   6160   6202   6012   6314   6785  13535  26305      0      0  65535 
     0      0      0      0      0      0      0      0      0      0      0      0      0      0      0      0      0      0      0 
     0      0      0      0      0      0      0      0      0      0      0      0      0      0      0      0      0      0      0 
     0      0      0      0      0      0      0      0      0      0      0      0      0      0      0      0      0      0      0 
0 -1 -1
    27     47     57     22     51     62     52     15     39     51     60     50     26     36     46     32      0     28     22 
  5934   6371   6949   5746   5728   5821   6036   5437   5660   5720   5809   5577   5485   5704   5595   5847   9413   6222   5954 
 17236  13361     51    149   6949   5821   6371   5728   5934   5746   5720   5660   5437   5485   9413   5704   6222   5595   5954   5847   5577   5809   6036  13535  26303      0      0  65535 
     0      0      0      0      0      0      0      0      0      0      0      0      0      0      0      0      0      0      0 
     0      0      0      0      0      0      0      0      0      0      0      0      0      0      0      0      0      0      0 
     0      0      0      0      0      0      0      0      0      0      0      0      0      0      0      0      0      0      0 
0 -1 -1
    19     32     40     15     32     40     35     11     27     34     40     37     21     25     32     24      0     22     18 
  5387   5688   6149   5367   5256   5233   5326   5214   5337   5319   5279   5124   5260   5444   5246   5435   9346   5975   5680 
 17236  13361     51    150   6149   5233   5688   5256   5387   5367   5319   5337   5214   5260   9346   5444   5975   5246   5680   5435   5124   5279   5326  13532  26304      0      0  65535 
     0      0      0      0      0      0      0      0      0      0      0      0      0      0      0      0      0      0      0 
     0      0      0      0      0      0      0      0      0      0      0      0      0      0      0      0      0      0      0 
     0      0      0      0      0      0      0      0      0      0      0      0      0      0      0      0      0      0      0 
0 -1 -1
    14     22     30     11     20     25     25      9     18     22     27     27     16     17     21     18      0     18     14 
  5049   5271   5644   5116   4949   4850   4878   5051   5105   5040   4913   4814   5080   5254   4984   5118   9383   5767   5447 
 17236  13361     51    151   5644   4850   5271   4949   5049   5116   5040   5105   5051   5080   9383   5254   5767   4984   5447   5118   4814   4913   4878  13534  26304      0      0  65535 
     0      0      0      0      0      0      0      0      0      0      0      0      0      0      0      0      0      0      0 
     0      0      0      0      0      0      0      0      0      0      0      0      0      0      0      0      0      0      0 
     0      0      0      0      0      0      0      0      0      0      0      0      0      0      0      0      0      0      0 
0 -1 -1
     9     14     21      7     10     14     15      7     10     11     14     18     12      9     11     11      0     13     10 
  4763   4933   5220   4890   4695   4532   4463   4892   4884   4787   4560   4499   4890   5065   4718   4786   9519   5525   5182 
 17236  13361     51    151   5220   4532   4933   4695   4763   4890   4787   4884   4892   4890   9519   5065   5525   4718   5182   4786   4499   4560   4463  13536  26304      0      0  65535 
     0      0      0      0      0      0      0      0      0      0      0      0      0      0      0      0      0      0      0 
     0      0      0      0      0      0      0      0      0      0      0      0      0      0      0      0      0      0      0 
     0      0      0      0      0      0      0      0      0      0      0      0      0      0      0      0      0      0      0 
0 -1 -1
     6      8     14      4      3      5      9      5      4      3      6     12      8      4      4      7      0      8      7 
  4552   4681   4899   4719   4528   4314   4208   4753   4725   4616   4348   4302   4732   4927   4542   4558   9480   5333   4979 
 17236  13361     51    152   4899   4314   4681   4528   4552   4719   4616   4725   4753   4732   9480   4927   5333   4542   4979   4558   4302   4348   4208  13538  26305      0      0  65535 
     0      0      0      0      0      0      0      0      0      0      0      0      0      0      0      0      0      0      0 
     0      0      0      0      0      0      0      0      0      0      0      0      0      0      0      0      0      0      0 
     0      0      0      0      0      0      0      0      0      0      0      0      0      0      0      0      0      0      0 
0 -1 -1
     3      5      9      1      0      1      5      3      0      0      1      8      5      0      0      4      0      5      5 
  4398   4519   4670   4591   4433   4196   4038   4632   4623   4518   4217   4169   4603   4838   4430   4392   9467   5179   4812 
 17236  13361     51    152   4670   4196   4519   4433   4398   4591   4518   4623   4632   4603   9467   4838   5179   4430   4812   4392   4169   4217   4038  13538  26304      0      0  65535 
     0      0      0      0      0      0      0      0      0      0      0      0      0      0      0      0      0      0      0 
     0      0      0      0      0      0      0      0      0      0      0      0      0      0      0      0      0      0      0 
     0      0      0      0      0      0      0      0      0      0      0      0      0      0      0      0      0      0      0 
0 -1 -1
     1      2      5      0      0      0      3      1      0      0      0      5      2      0      0      1      0      3      3 
  4273   4402   4500   4499   4373   4123   3921   4530   4560   4467   4141   4065   4495   4783   4368   4266   9491   5063   4678 
 17236  13361     51    153   4500   4123   4402   4373   4273   4499   4467   4560   4530   4495   9491   4783   5063   4368   4678   4266   4065   4141   3921  13540  26304      0      0  65535 
     0      0      0      0      0      0      0      0      0      0      0      0      0      0      0      0      0      0      0 
     0      0      0      0      0      0      0      0      0      0      0      0      0      0      0      0      0      0      0 
     0      0      0      0      0      0      0      0      0      0      0      0      0      0      0      0      0      0      0 
0 -1 -1
     0      0      3      0      0      0      1      0      0      0      0      3      1      0      0      0      0      1      1 
  4192   4331   4396   4447   4343   4087   3847   4468   4530   4444   4106   3998   4434   4759   4340   4204   9488   4998   4597 
 17236  13361     51    153   4396   4087   4331   4343   4192   4447   4444   4530   4468   4434   9488   4759   4998   4340   4597   4204   3998   4106   3847  13539  26305      0      1  65535 
     0      0      0      0      0      0      0      0      0      0      0      0      0      0      0      0      0      0      0 
     0      0      0      0      0      0      0      0      0      0      0      0      0      0      0      0      0      0      0 
     0      0      0      0      0      0      0      0      0      0      0      0      0      0      0      0      0      0      0 
0 -1 -1
     0      0      1      0      0      0      0      0      0      0      0      2      0      0      0      0      0      0      1 
  4143   4284   4322   4420   4330   4066   3811   4432   4520   4436   4090   3959   4404   4749   4335   4174   9463   4963   4558 
 17236  13361     51    153   4322   4066   4284   4330   4143   4420   4436   4520   4432   4404   9463   4749   4963   4335   4558   4174   3959   4090   3811  13538  26304      0      1  65535 
     0      0      0      0      0      0      0      0      0      0      0      0      0      0      0      0      0      0      0 
     0      0      0      0      0      0      0      0      0      0      0      0      0      0      0      0      0      0      0 
     0      0      0      0      0      0      0      0      0      0      0      0      0      0      0      0      0      0      0 
0 -1 -1
     0      0      1      0      0      0      0      0      0      0      0      2      0      0      0      0      0      1      1 
  4148   4289   4322   4425   4337   4073   3819   4440   4528   4446   4099   3964   4412   4757   4344   4184   9387   4973   4569 
 17236  13361     51    153   4322   4073   4289   4337   4148   4425   4446   4528   4440   4412   9387   4757   4973   4344   4569   4184   3964   4099   3819  13541  26304      0      0  65535 
     0      0      0      0      0      0      0      0      0      0      0      0      0      0      0      0      0      0      0 
     0      0      0      0      0      0      0      0      0      0      0      0      0      0      0      0      0      0      0 
     0      0      0      0      0      0      0      0      0      0      0      0      0      0      0      0      0      0      0 
0 -1 -1
     0      0      1      0      0      0      0      0      0      0      0      2      0      0      0      0      0      0      1 
  4141   4282   4314   4420   4334   4069   3810   4432   4523   4441   4091   3953   4404   4752   4338   4175   9405   4964   4555 
 17236  13361     51    153   4314   4069   4282   4334   4141   4420   4441   4523   4432   4404   9405   4752   4964   4338   4555   4175   3953   4091   3810  13541  26303      0      0  65535 
     0      0      0      0      0      0      0      0      0      0      0      0      0      0      0      0      0      0      0 
     0      0      0      0      0      0      0      0      0      0      0      0      0      0      0      0      0      0      0 
     0      0      0      0      0      0      0      0      0      0      0      0      0      0      0      0      0      0      0 
0 -1 -1
     0      0      1      0      0      0      0      0      0      0      0      2      0      0      0      0      0      0      1 
  4138   4276   4308   4418   4332   4068   3810   4430   4524   4441   4093   3951   4403   4752   4340   4175   9401   4962   4556 
 17236  13361     51    153   4308   4068   4276   4332   4138   4418   4441   4524   4430   4403   9401   4752   4962   4340   4556   4175   3951   4093   3810  13541  26303      0      0  65535 
     0      0      0      0      0      0      0      0      0      0      0      0      0      0      0      0      0      0      0 
     0      0      0      0      0      0      0      0      0      0      0      0      0      0      0      0      0      0      0 
     0      0      0      0      0      0      0      0      0      0      0      0      0      0      0      0      0      0      0 
0 -1 -1
     0      0      1      0      0      0      0      0      0      0      0      2      0      0      0      0      0      1      1 
  4148   4287   4320   4427   4339   4075   3822   4441   4533   4448   4102   3963   4415   4761   4347   4185   9368   4973   4567 
 17236  13361     51    153   4320   4075   4287   4339   4148   4427   4448   4533   4441   4415   9368   4761   4973   4347   4567   4185   3963   4102   3822  13541  26304      0      0  65535 
     0      0      0      0      0      0      0      0      0      0      0      0      0      0      0      0      0      0      0 
     0      0      0      0      0      0      0      0      0      0      0      0      0      0      0      0      0      0      0 
     0      0      0      0      0      0      0      0      0      0      0      0      0      0      0      0      0      0      0 
0 -1 -1
     0      0      1      0      0      0      0      0      0      0      0      2      0      0      0      0      0      0      1 
  4145   4284   4318   4425   4337   4073   3814   4436   4529   4447   4096   3955   4409   4757   4344   4180   9374   4968   4561 
 17236  13361     51    153   4318   4073   4284   4337   4145   4425   4447   4529   4436   4409   9374   4757   4968   4344   4561   4180   3955   4096   3814  13541  26304      0      0  65535 
     0      0      0      0      0      0      0      0      0      0      0      0      0      0      0      0      0      0      0 
     0      0      0      0      0      0      0      0      0      0      0      0      0      0      0      0      0      0      0 
     0      0      0      0      0      0      0      0      0      0      0      0      0      0      0      0      0      0      0 
0 -1 -1
     0      0      1      0      0      0      0      0      0      0      0      1      0      0      0      0      0      0      0 
  4122   4263   4290   4406   4325   4059   3792   4415   4517   4436   4084   3934   4390   4745   4332   4161   9407   4948   4538 
 17236  13361     51    153   4290   4059   4263   4325   4122   4406   4436   4517   4415   4390   9407   4745   4948   4332   4538   4161   3934   4084   3792  13542  26304      0      0  65535 
     0      0      0      0      0      0      0      0      0      0      0      0      0      0      0      0      0      0      0 
     0      0      0      0      0      0      0      0      0      0      0      0      0      0      0      0      0      0      0 
     0      0      0      0      0      0      0      0      0      0      0      0      0      0      0      0      0      0      0 
0 -1 -1
     0      0      0      0      0      0      0      0      0      0      0      1      0      0      0      0      0      0      0 
  4108   4247   4266   4399   4320   4051   3781   4407   4511   4430   4077   3922   4381   4742   4329   4152   9440   4940   4526 
 17236  13361     51    153   4266   4051   4247   4320   4108   4399   4430   4511   4407   4381   9440   4742   4940   4329   4526   4152   3922   4077   3781  13542  26304      0      0  65535 
     0      0      0      0      0      0      0      0      0      0      0      0      0      0      0      0      0      0      0 
     0      0      0      0      0      0      0      0      0      0      0      0      0      0      0      0      0      0      0 
     0      0      0      0      0      0      0      0      0      0      0      0      0      0      0      0      0      0      0 
0 -1 -1
     0      0      0      0      0      0      0      0      0      0      0      1      0      0      0      0      0      0      0 
  4115   4254   4271   4405   4327   4058   3790   4416   4521   4438   4083   3933   4392   4749   4337   4163   9414   4951   4541 
 17236  13361     51    153   4271   4058   4254   4327   4115   4405   4438   4521   4416   4392   9414   4749   4951   4337   4541   4163   3933   4083   3790  13543  26304      0      0  65535 
     0      0      0      0      0      0      0      0      0      0      0      0      0      0      0      0      0      0      0 
     0      0      0      0      0      0      0      0      0      0      0      0      0      0      0      0      0      0      0 
     0      0      0      0      0      0      0      0      0      0      0      0      0      0      0      0      0      0      0 
0 -1 -1
     0      0      0      0      0      0      0      0      0      0      0      1      0      0      0      0      0      0      0 
  4116   4256   4274   4407   4328   4057   3787   4416   4520   4437   4084   3932   4393   4748   4335   4161   9407   4952   4541 
 17236  13361     51    153   4274   4057   4256   4328   4116   4407   4437   4520   4416   4393   9407   4748   4952   4335   4541   4161   3932   4084   3787  13544  26304      0      0  65535 
     0      0      0      0      0      0      0      0      0      0      0      0      0      0      0      0      0      0      0 
     0      0      0      0      0      0      0      0      0      0      0      0      0      0      0      0      0      0      0 
     0      0      0      0      0      0      0      0      0      0      0      0      0      0      0      0      0      0      0 
0 -1 -1
     0      0      0      0      0      0      0      0      0      0      0      2      0      0      0      0      0      0      1 
  4116   4257   4274   4407   4328   4058   3793   4417   4521   4437   4088   3937   4396   4750   4339   4168   9406   4955   4547 
 17236  13361     51    153   4274   4058   4257   4328   4116   4407   4437   4521   4417   4396   9406   4750   4955   4339   4547   4168   3937   4088   3793  13545  26305      0      0  65535 
     0      0      0      0      0      0      0      0      0      0      0      0      0      0      0      0      0      0      0 
     0      0      0      0      0      0      0      0      0      0      0      0      0      0      0      0      0      0      0 
     0      0      0      0      0      0      0      0      0      0      0      0      0      0      0      0      0      0      0 
0 -1 -1
     0      0      1      0      0      0      0      0      0      0      0      2      0      0      0      0      0      1      1 
  4135   4275   4297   4423   4340   4073   3814   4437   4536   4451   4103   3958   4416   4764   4354   4190   9368   4981   4572 
 17236  13361     51    153   4297   4073   4275   4340   4135   4423   4451   4536   4437   4416   9368   4764   4981   4354   4572   4190   3958   4103   3814  13545  26304      0      0  65535 
     0      0      0      0      0      0      0      0      0      0      0      0      0      0      0      0      0      0      0 
     0      0      0      0      0      0      0      0      0      0      0      0      0      0      0      0      0      0      0 
     0      0      0      0      0      0      0      0      0      0      0      0      0      0      0      0      0      0      0 
0 -1 -1
     0      0      1      0      0      0      1      0      0      0      0      3      1      0      0      0      0      1      1 
  4154   4291   4319   4438   4350   4087   3831   4452   4549   4461   4117   3975   4433   4773   4365   4206   9334   4999   4594 
 17236  13361     51    153   4319   4087   4291   4350   4154   4438   4461   4549   4452   4433   9334   4773   4999   4365   4594   4206   3975   4117   3831  13540  26304      0      0  65535 
     0      0      0      0      0      0      0      0      0      0      0      0      0      0      0      0      0      0      0 
     0      0      0      0      0      0      0      0      0      0      0      0      0      0      0      0      0      0      0 
     0      0      0      0      0      0      0      0      0      0      0      0      0      0      0      0      0      0      0 
0 -1 -1
     0      0      2      0      0      0      1      0      0      0      0      3      1      0      0      0      0      1      1 
  4167   4302   4334   4448   4358   4092   3845   4463   4556   4467   4123   3987   4444   4779   4372   4218   9324   5009   4605 
 17236  13361     51    153   4334   4092   4302   4358   4167   4448   4467   4556   4463   4444   9324   4779   5009   4372   4605   4218   3987   4123   3845  13537  26304      0      0  65535 
     0      0      0      0      0      0      0      0      0      0      0      0      0      0      0      0      0      0      0 
     0      0      0      0      0      0      0      0      0      0      0      0      0      0      0      0      0      0      0 
     0      0      0      0      0      0      0      0      0      0      0      0      0      0      0      0      0      0      0 
0 -1 -1
     0      0      2      0      0      0      1      0      0      0      0      3      1      0      0      1      0      2      2 
  4183   4317   4354   4461   4363   4103   3858   4475   4565   4473   4135   3999   4457   4785   4378   4229   9310   5023   4619 
 17236  13361     51    153   4354   4103   4317   4363   4183   4461   4473   4565   4475   4457   9310   4785   5023   4378   4619   4229   3999   4135   3858  13535  26305      0      0  65535 
     0      0      0      0      0      0      0      0      0      0      0      0      0      0      0      0      0      0      0 
     0      0      0      0      0      0      0      0      0      0      0      0      0      0      0      0      0      0      0 
     0      0      0      0      0      0      0      0      0      0      0      0      0      0      0      0      0      0      0 
0 -1 -1
     0      0      2      0      0      0      1      0      0      0      0      3      1      0      0      1      0      2      2 
  4185   4319   4358   4462   4363   4104   3857   4476   4565   4473   4133   3999   4458   4786   4376   4230   9307   5024   4620 
 17236  13361     51    153   4358   4104   4319   4363   4185   4462   4473   4565   4476   4458   9307   4786   5024   4376   4620   4230   3999   4133   3857  13535  26305      0      0  65535 
     0      0      0      0      0      0      0      0      0      0      0      0      0      0      0      0      0      0      0 
     0      0      0      0      0      0      0      0      0      0      0      0      0      0      0      0      0      0      0 
     0      0      0      0      0      0      0      0      0      0      0      0      0      0      0      0      0      0      0 
0 -1 -1
