     5      5      7      3      4      3      5      4      4      4      5      8      5      4      5      6      5      8      6 
  4283   4317   4316   4459   4283   3954   3770   4568   4457   4392   4006   3901   4466   4659   4281   4261  10623   5134   4786 
 17236  13361     51    152   4316   3954   4317   4283   4283   4459   4392   4457   4568   4466  10623   4659   5134   4281   4786   4261   3901   4006   3770  13547  26303      0      0  65535 
     0      0      0      0      0      0      0      0      0      0      0      0      0      0      0      0      0      0      0 
     0      0      0      0      0      0      0      0      0      0      0      0      0      0      0      0      0      0      0 
     0      0      0      0      0      0      0      0      0      0      0      0      0      0      0      0      0      0      0 
0 -1 -1
     5      6      8      4      4      4      6      4      4      5      6      9      6      5      6      7      5      9      7 
  4318   4345   4360   4487   4301   3973   3804   4597   4479   4418   4033   3938   4498   4680   4309   4303  10638   5183   4845 
 17236  13361     51    152   4360   3973   4345   4301   4318   4487   4418   4479   4597   4498  10638   4680   5183   4309   4845   4303   3938   4033   3804  13547  26303      1      0  65535 
     0      0      0      0      0      0      0      0      0      0      0      0      0      0      0      0      0      0      0 
     0      0      0      0      0      0      0      0      0      0      0      0      0      0      0      0      0      0      0 
     0      0      0      0      0      0      0      0      0      0      0      0      0      0      0      0      0      0      0 
0 -1 -1
     6      7      9      4      6      5      7      4      5      6      7     10      6      6      8      8      6     10      8 
  4357   4377   4412   4519   4330   4001   3844   4630   4506   4447   4065   3982   4534   4709   4346   4356  10674   5236   4909 
 17236  13361     51    152   4412   4001   4377   4330   4357   4519   4447   4506   4630   4534  10674   4709   5236   4346   4909   4356   3982   4065   3844  13548  26304      0      0  65535 
     0      0      0      0      0      0      0      0      0      0      0      0      0      0      0      0      0      0      0 
     0      0      0      0      0      0      0      0      0      0      0      0      0      0      0      0      0      0      0 
     0      0      0      0      0      0      0      0      0      0      0      0      0      0      0      0      0      0      0 
0 -1 -1
     7      8     10      5      7      7      9      5      7      8      9     12      8      8     10      9      8     12     10 
  4414   4424   4484   4572   4374   4045   3913   4690   4553   4502   4123   4054   4599   4760   4409   4441  10735   5328   5017 
 17236  13361     51    152   4484   4045   4424   4374   4414   4572   4502   4553   4690   4599  10735   4760   5328   4409   5017   4441   4054   4123   3913  13549  26304      0      0  65535 
     0      0      0      0      0      0      0      0      0      0      0      0      0      0      0      0      0      0      0 
     0      0      0      0      0      0      0      0      0      0      0      0      0      0      0      0      0      0      0 
     0      0      0      0      0      0      0      0      0      0      0      0      0      0      0      0      0      0      0 
0 -1 -1
     7      8     11      6      8      7      9      6      8      9      9     12      8      9     10     10      6     13     10 
  4433   4439   4509   4589   4386   4059   3918   4702   4560   4514   4124   4060   4617   4771   4415   4456  10645   5354   5039 
 17236  13361     51    152   4509   4059   4439   4386   4433   4589   4514   4560   4702   4617  10645   4771   5354   4415   5039   4456   4060   4124   3918  13548  26304      0      0  65535 
     0      0      0      0      0      0      0      0      0      0      0      0      0      0      0      0      0      0      0 
     0      0      0      0      0      0      0      0      0      0      0      0      0      0      0      0      0      0      0 
     0      0      0      0      0      0      0      0      0      0      0      0      0      0      0      0      0      0      0 
0 -1 -1
     7      8     11      6      8      7      9      5      7      9      9     12      9      9     10     10      5     13     10 
  4430   4433   4499   4589   4384   4057   3917   4698   4557   4515   4122   4057   4619   4771   4414   4456  10614   5354   5040 
 17236  13361     51    152   4499   4057   4433   4384   4430   4589   4515   4557   4698   4619  10614   4771   5354   4414   5040   4456   4057   4122   3917  13547  26304      0      0  65535 
     0      0      0      0      0      0      0      0      0      0      0      0      0      0      0      0      0      0      0 
     0      0      0      0      0      0      0      0      0      0      0      0      0      0      0      0      0      0      0 
     0      0      0      0      0      0      0      0      0      0      0      0      0      0      0      0      0      0      0 
0 -1 -1
     7      8     11      5      8      7      9      5      7      9      9     12      8      8     10     10      4     12     10 
  4422   4428   4491   4585   4380   4055   3914   4692   4554   4509   4120   4053   4615   4767   4409   4451  10582   5351   5035 
 17236  13361     51    152   4491   4055   4428   4380   4422   4585   4509   4554   4692   4615  10582   4767   5351   4409   5035   4451   4053   4120   3914  13548  26304      0      0  65535 
     0      0      0      0      0      0      0      0      0      0      0      0      0      0      0      0      0      0      0 
     0      0      0      0      0      0      0      0      0      0      0      0      0      0      0      0      0      0      0 
     0      0      0      0      0      0      0      0      0      0      0      0      0      0      0      0      0      0      0 
0 -1 -1
     7      8     11      6      8      7      9      6      8      9      9     13      9      9     11     10      4     13     11 
  4429   4434   4496   4595   4390   4063   3924   4699   4562   4521   4131   4061   4625   4777   4421   4467  10587   5363   5052 
 17236  13361     51    152   4496   4063   4434   4390   4429   4595   4521   4562   4699   4625  10587   4777   5363   4421   5052   4467   4061   4131   3924  13549  26305      0      0  65535 
     0      0      0      0      0      0      0      0      0      0      0      0      0      0      0      0      0      0      0 
     0      0      0      0      0      0      0      0      0      0      0      0      0      0      0      0      0      0      0 
     0      0      0      0      0      0      0      0      0      0      0      0      0      0      0      0      0      0      0 
0 -1 -1
     8      8     11      6      9      8     10      6      9     10     11     14      9     10     12     11      5     14     11 
  4452   4453   4524   4621   4417   4087   3959   4724   4586   4548   4165   4095   4655   4803   4455   4510  10632   5405   5098 
 17236  13361     51    152   4524   4087   4453   4417   4452   4621   4548   4586   4724   4655  10632   4803   5405   4455   5098   4510   4095   4165   3959  13549  26303      0      0  65535 
     0      0      0      0      0      0      0      0      0      0      0      0      0      0      0      0      0      0      0 
     0      0      0      0      0      0      0      0      0      0      0      0      0      0      0      0      0      0      0 
     0      0      0      0      0      0      0      0      0      0      0      0      0      0      0      0      0      0      0 
0 -1 -1
     8      8     11      6      9      8     10      6      9     10     11     14      9     10     12     11      5     14     11 
  4452   4453   4524   4621   4417   4087   3959   4724   4586   4548   4165   4095   4655   4803   4455   4510  10632   5405   5098 
 17236  13361     51    152   4524   4087   4453   4417   4452   4621   4548   4586   4724   4655  10632   4803   5405   4455   5098   4510   4095   4165   3959  13549  26303      0      0  65535 
     0      0      0      0      0      0      0      0      0      0      0      0      0      0      0      0      0      0      0 
     0      0      0      0      0      0      0      0      0      0      0      0      0      0      0      0      0      0      0 
     0      0      0      0      0      0      0      0      0      0      0      0      0      0      0      0      0      0      0 
0 -1 -1
     8     10     13      7     11     10     11      7     10     12     13     15     11     12     14     12      1     15     13 
  4505   4500   4583   4668   4463   4133   4014   4769   4628   4600   4222   4151   4706   4849   4512   4587  10451   5479   5183 
 17236  13361     51    152   4583   4133   4500   4463   4505   4668   4600   4628   4769   4706  10451   4849   5479   4512   5183   4587   4151   4222   4014  13572  26304      0      0  65535 
     0      0      0      0      0      0      0      0      0      0      0      0      0      0      0      0      0      0      0 
     0      0      0      0      0      0      0      0      0      0      0      0      0      0      0      0      0      0      0 
     0      0      0      0      0      0      0      0      0      0      0      0      0      0      0      0      0      0      0 
0 -1 -1
     9     11     14      8     13     12     13      7     12     15     16     17     12     14     17     14      0     17     14 
  4563   4560   4657   4726   4525   4197   4092   4821   4683   4666   4303   4228   4772   4908   4590   4695  10221   5578   5302 
 17236  13361     51    152   4657   4197   4560   4525   4563   4726   4666   4683   4821   4772  10221   4908   5578   4590   5302   4695   4228   4303   4092  13577  26306      0      0  65535 
     0      0      0      0      0      0      0      0      0      0      0      0      0      0      0      0      0      0      0 
     0      0      0      0      0      0      0      0      0      0      0      0      0      0      0      0      0      0      0 
     0      0      0      0      0      0      0      0      0      0      0      0      0      0      0      0      0      0      0 
0 -1 -1
    10     11     15      8     14     13     13      7     13     16     16     18     13     15     18     15      0     18     15 
  4578   4573   4681   4737   4537   4211   4098   4832   4696   4680   4310   4236   4788   4919   4602   4712  10044   5602   5329 
 17236  13361     51    152   4681   4211   4573   4537   4578   4737   4680   4696   4832   4788  10044   4919   5602   4602   5329   4712   4236   4310   4098  13551  26306      0      0  65535 
     0      0      0      0      0      0      0      0      0      0      0      0      0      0      0      0      0      0      0 
     0      0      0      0      0      0      0      0      0      0      0      0      0      0      0      0      0      0      0 
     0      0      0      0      0      0      0      0      0      0      0      0      0      0      0      0      0      0      0 
0 -1 -1
    10     12     15      9     15     13     14      8     14     17     17     18     13     16     19     15      0     19     16 
  4594   4589   4697   4760   4559   4226   4129   4854   4720   4705   4345   4264   4820   4945   4639   4758  10007   5653   5386 
 17236  13361     51    152   4697   4226   4589   4559   4594   4760   4705   4720   4854   4820  10007   4945   5653   4639   5386   4758   4264   4345   4129  13551  26305      0      0  65535 
     0      0      0      0      0      0      0      0      0      0      0      0      0      0      0      0      0      0      0 
     0      0      0      0      0      0      0      0      0      0      0      0      0      0      0      0      0      0      0 
     0      0      0      0      0      0      0      0      0      0      0      0      0      0      0      0      0      0      0 
0 -1 -1
    11     13     16     10     17     16     16      9     16     20     21     21     15     19     23     18      0     22     18 
  4649   4645   4766   4821   4623   4287   4213   4913   4783   4777   4437   4352   4894   5018   4739   4883   9848   5771   5520 
 17236  13361     51    152   4766   4287   4645   4623   4649   4821   4777   4783   4913   4894   9848   5018   5771   4739   5520   4883   4352   4437   4213  13552  26304      0      0  65535 
     0      0      0      0      0      0      0      0      0      0      0      0      0      0      0      0      0      0      0 
     0      0      0      0      0      0      0      0      0      0      0      0      0      0      0      0      0      0      0 
     0      0      0      0      0      0      0      0      0      0      0      0      0      0      0      0      0      0      0 
0 -1 -1
    12     15     19     11     21     20     19     10     20     25     26     25     18     24     30     22      0     26     21 
  4738   4745   4891   4916   4732   4401   4350   5000   4884   4902   4583   4491   5005   5135   4907   5086   9684   5955   5739 
 17236  13361     51    151   4891   4401   4745   4732   4738   4916   4902   4884   5000   5005   9684   5135   5955   4907   5739   5086   4491   4583   4350  13552  26304      0      0  65535 
     0      0      0      0      0      0      0      0      0      0      0      0      0      0      0      0      0      0      0 
     0      0      0      0      0      0      0      0      0      0      0      0      0      0      0      0      0      0      0 
     0      0      0      0      0      0      0      0      0      0      0      0      0      0      0      0      0      0      0 
0 -1 -1
    13     17     21     13     25     24     22     11     22     30     31     28     19     28     35     25      0     29     24 
  4802   4828   4998   4982   4816   4500   4465   5054   4953   5000   4707   4597   5078   5223   5038   5256   9611   6093   5920 
 17236  13361     51    151   4998   4500   4828   4816   4802   4982   5000   4953   5054   5078   9611   5223   6093   5038   5920   5256   4597   4707   4465  13552  26304      1      0  65535 
     0      0      0      0      0      0      0      0      0      0      0      0      0      0      0      0      0      0      0 
     0      0      0      0      0      0      0      0      0      0      0      0      0      0      0      0      0      0      0 
     0      0      0      0      0      0      0      0      0      0      0      0      0      0      0      0      0      0      0 
0 -1 -1
    14     18     23     13     27     26     23     11     24     32     33     29     21     30     39     27      0     31     26 
  4837   4879   5059   5026   4867   4562   4512   5094   5000   5063   4764   4635   5130   5283   5117   5340   9538   6186   6027 
 17236  13361     51    151   5059   4562   4879   4867   4837   5026   5063   5000   5094   5130   9538   5283   6186   5117   6027   5340   4635   4764   4512  13552  26305      0      0  65535 
     0      0      0      0      0      0      0      0      0      0      0      0      0      0      0      0      0      0      0 
     0      0      0      0      0      0      0      0      0      0      0      0      0      0      0      0      0      0      0 
     0      0      0      0      0      0      0      0      0      0      0      0      0      0      0      0      0      0      0 
0 -1 -1
    14     19     23     14     28     27     24     12     26     35     36     31     22     33     42     29      0     33     27 
  4862   4907   5083   5063   4905   4598   4573   5140   5049   5116   4840   4685   5192   5354   5208   5440   9566   6296   6146 
 17236  13361     51    151   5083   4598   4907   4905   4862   5063   5116   5049   5140   5192   9566   5354   6296   5208   6146   5440   4685   4840   4573  13551  26305      0      1  65535 
     0      0      0      0      0      0      0      0      0      0      0      0      0      0      0      0      0      0      0 
     0      0      0      0      0      0      0      0      0      0      0      0      0      0      0      0      0      0      0 
     0      0      0      0      0      0      0      0      0      0      0      0      0      0      0      0      0      0      0 
0 -1 -1
    15     20     24     15     30     29     25     13     28     37     37     32     24     36     45     30      0     35     29 
  4901   4953   5129   5114   4959   4655   4607   5192   5100   5180   4888   4713   5255   5418   5280   5507   9543   6393   6241 
 17236  13361     51    151   5129   4655   4953   4959   4901   5114   5180   5100   5192   5255   9543   5418   6393   5280   6241   5507   4713   4888   4607  13550  26304      0      1  65535 
     0      0      0      0      0      0      0      0      0      0      0      0      0      0      0      0      0      0      0 
     0      0      0      0      0      0      0      0      0      0      0      0      0      0      0      0      0      0      0 
     0      0      0      0      0      0      0      0      0      0      0      0      0      0      0      0      0      0      0 
0 -1 -1
    14     19     23     14     28     27     22     12     26     34     33     28     22     33     40     27      0     33     26 
  4862   4905   5059   5072   4904   4596   4486   5154   5050   5108   4765   4599   5203   5343   5163   5351   9426   6278   6088 
 17236  13361     51    151   5059   4596   4905   4904   4862   5072   5108   5050   5154   5203   9426   5343   6278   5163   6088   5351   4599   4765   4486  13550  26304      0      0  65535 
     0      0      0      0      0      0      0      0      0      0      0      0      0      0      0      0      0      0      0 
     0      0      0      0      0      0      0      0      0      0      0      0      0      0      0      0      0      0      0 
     0      0      0      0      0      0      0      0      0      0      0      0      0      0      0      0      0      0      0 
0 -1 -1
    11     14     17     10     18     17     14      9     16     20     18     18     15     19     22     17      0     21     17 
  4671   4681   4786   4844   4640   4320   4134   4921   4789   4784   4365   4254   4907   5010   4708   4815   9244   5764   5497 
 17236  13361     51    152   4786   4320   4681   4640   4671   4844   4784   4789   4921   4907   9244   5010   5764   4708   5497   4815   4254   4365   4134  13550  26305      0      0  65535 
     0      0      0      0      0      0      0      0      0      0      0      0      0      0      0      0      0      0      0 
     0      0      0      0      0      0      0      0      0      0      0      0      0      0      0      0      0      0      0 
     0      0      0      0      0      0      0      0      0      0      0      0      0      0      0      0      0      0      0 
0 -1 -1
     8      8     11      6      7      7      8      5      7      8      7     10      8      7      8      9      0     12     10 
  4450   4444   4499   4599   4375   4051   3862   4677   4540   4487   4067   3981   4607   4738   4363   4406   9299   5331   5033 
 17236  13361     51    152   4499   4051   4444   4375   4450   4599   4487   4540   4677   4607   9299   4738   5331   4363   5033   4406   3981   4067   3862  13551  26304      0      0  65535 
     0      0      0      0      0      0      0      0      0      0      0      0      0      0      0      0      0      0      0 
     0      0      0      0      0      0      0      0      0      0      0      0      0      0      0      0      0      0      0 
     0      0      0      0      0      0      0      0      0      0      0      0      0      0      0      0      0      0      0 
0 -1 -1
     5      4      6      2      1      1      3      2      1      0      1      5      3      1      1      4      0      6      6 
  4258   4270   4282   4419   4215   3893   3678   4489   4386   4314   3894   3797   4401   4584   4178   4163   9533   5065   4735 
 17236  13361     51    152   4282   3893   4270   4215   4258   4419   4314   4386   4489   4401   9533   4584   5065   4178   4735   4163   3797   3894   3678  13551  26303      0      0  65535 
     0      0      0      0      0      0      0      0      0      0      0      0      0      0      0      0      0      0      0 
     0      0      0      0      0      0      0      0      0      0      0      0      0      0      0      0      0      0      0 
     0      0      0      0      0      0      0      0      0      0      0      0      0      0      0      0      0      0      0 
0 -1 -1
     2      1      3      1      0      0      1      1      0      0      0      2      0      0      0      1      0      3      3 
  4111   4148   4124   4312   4136   3814   3575   4367   4311   4240   3816   3692   4278   4514   4095   4032   9704   4907   4550 
 17236  13361     51    153   4124   3814   4148   4136   4111   4312   4240   4311   4367   4278   9704   4514   4907   4095   4550   4032   3692   3816   3575  13549  26303      0      0  65535 
     0      0      0      0      0      0      0      0      0      0      0      0      0      0      0      0      0      0      0 
     0      0      0      0      0      0      0      0      0      0      0      0      0      0      0      0      0      0      0 
     0      0      0      0      0      0      0      0      0      0      0      0      0      0      0      0      0      0      0 
0 -1 -1
     1      0      1      0      0      0      0      0      0      0      0      0      0      0      0      0      0      1      1 
  4032   4086   4040   4258   4106   3781   3523   4303   4281   4214   3781   3641   4221   4486   4065   3965   9761   4828   4450 
 17236  13361     51    153   4040   3781   4086   4106   4032   4258   4214   4281   4303   4221   9761   4486   4828   4065   4450   3965   3641   3781   3523  13549  26304      0      0  65535 
     0      0      0      0      0      0      0      0      0      0      0      0      0      0      0      0      0      0      0 
     0      0      0      0      0      0      0      0      0      0      0      0      0      0      0      0      0      0      0 
     0      0      0      0      0      0      0      0      0      0      0      0      0      0      0      0      0      0      0 
0 -1 -1
     0      0      0      0      0      0      0      0      0      0      0      0      0      0      0      0      0      0      0 
  3950   4035   3973   4213   4081   3758   3470   4245   4259   4195   3754   3589   4168   4460   4041   3897   9958   4745   4343 
 17236  13361     51    153   3973   3758   4035   4081   3950   4213   4195   4259   4245   4168   9958   4460   4745   4041   4343   3897   3589   3754   3470  13550  26304      0      0  65535 
     0      0      0      0      0      0      0      0      0      0      0      0      0      0      0      0      0      0      0 
     0      0      0      0      0      0      0      0      0      0      0      0      0      0      0      0      0      0      0 
     0      0      0      0      0      0      0      0      0      0      0      0      0      0      0      0      0      0      0 
0 -1 -1
     0      0      0      0      0      0      0      0      0      0      0      0      0      0      0      0      0      0      0 
  3794   3925   3834   4122   4036   3720   3374   4129   4210   4149   3709   3494   4066   4423   3994   3766  10278   4591   4148 
 17236  13361     51    153   3834   3720   3925   4036   3794   4122   4149   4210   4129   4066  10278   4423   4591   3994   4148   3766   3494   3709   3374  13543  26304      0      0  65535 
     0      0      0      0      0      0      0      0      0      0      0      0      0      0      0      0      0      0      0 
     0      0      0      0      0      0      0      0      0      0      0      0      0      0      0      0      0      0      0 
     0      0      0      0      0      0      0      0      0      0      0      0      0      0      0      0      0      0      0 
0 -1 -1
     0      0      0      0      0      0      0      0      0      0      0      0      0      0      0      0      0      0      0 
  3695   3829   3752   4040   3966   3674   3311   4051   4156   4091   3666   3447   3998   4379   3953   3713  10349   4526   4082 
 17236  13361     51    153   3752   3674   3829   3966   3695   4040   4091   4156   4051   3998  10349   4379   4526   3953   4082   3713   3447   3666   3311  13543  26303      0      1  65535 
     0      0      0      0      0      0      0      0      0      0      0      0      0      0      0      0      0      0      0 
     0      0      0      0      0      0      0      0      0      0      0      0      0      0      0      0      0      0      0 
     0      0      0      0      0      0      0      0      0      0      0      0      0      0      0      0      0      0      0 
0 -1 -1
     0      0      0      0      0      0      0      0      0      0      0      0      0      0      0      0      0      0      0 
  3687   3820   3745   4029   3957   3662   3302   4043   4148   4077   3666   3441   3991   4373   3945   3705  10313   4517   4076 
 17236  13361     51    153   3745   3662   3820   3957   3687   4029   4077   4148   4043   3991  10313   4373   4517   3945   4076   3705   3441   3666   3302  13543  26303      0      0  65535 
     0      0      0      0      0      0      0      0      0      0      0      0      0      0      0      0      0      0      0 
     0      0      0      0      0      0      0      0      0      0      0      0      0      0      0      0      0      0      0 
     0      0      0      0      0      0      0      0      0      0      0      0      0      0      0      0      0      0      0 
0 -1 -1
     0      0      0      0      0      0      0      0      0      0      0      0      0      0      0      0      0      0      0 
  3688   3823   3745   4029   3957   3663   3303   4042   4149   4078   3664   3437   3990   4372   3942   3705  10304   4516   4078 
 17236  13361     51    153   3745   3663   3823   3957   3688   4029   4078   4149   4042   3990  10304   4372   4516   3942   4078   3705   3437   3664   3303  13543  26304      0      0  65535 
     0      0      0      0      0      0      0      0      0      0      0      0      0      0      0      0      0      0      0 
     0      0      0      0      0      0      0      0      0      0      0      0      0      0      0      0      0      0      0 
     0      0      0      0      0      0      0      0      0      0      0      0      0      0      0      0      0      0      0 
0 -1 -1
     0      0      0      0      0      0      0      0      0      0      0      0      0      0      0      0      0      0      0 
  3689   3822   3744   4029   3957   3663   3305   4041   4149   4077   3663   3439   3991   4372   3942   3705  10387   4516   4076 
 17236  13361     51    153   3744   3663   3822   3957   3689   4029   4077   4149   4041   3991  10387   4372   4516   3942   4076   3705   3439   3663   3305  13546  26304      0      0  65535 
     0      0      0      0      0      0      0      0      0      0      0      0      0      0      0      0      0      0      0 
     0      0      0      0      0      0      0      0      0      0      0      0      0      0      0      0      0      0      0 
     0      0      0      0      0      0      0      0      0      0      0      0      0      0      0      0      0      0      0 
0 -1 -1
     0      0      0      0      0      0      0      0      0      0      0      0      0      0      0      0      0      0      0 
  3687   3821   3744   4028   3957   3662   3303   4042   4149   4076   3662   3438   3989   4370   3942   3704  10380   4516   4076 
 17236  13361     51    153   3744   3662   3821   3957   3687   4028   4076   4149   4042   3989  10380   4370   4516   3942   4076   3704   3438   3662   3303  13545  26304      0      0  65535 
     0      0      0      0      0      0      0      0      0      0      0      0      0      0      0      0      0      0      0 
     0      0      0      0      0      0      0      0      0      0      0      0      0      0      0      0      0      0      0 
     0      0      0      0      0      0      0      0      0      0      0      0      0      0      0      0      0      0      0 
0 -1 -1
     0      0      0      0      0      0      0      0      0      0      0      0      0      0      0      0      1      0      0 
  3689   3821   3743   4029   3955   3661   3303   4042   4148   4076   3662   3437   3988   4371   3941   3703  10424   4515   4077 
 17236  13361     51    153   3743   3661   3821   3955   3689   4029   4076   4148   4042   3988  10424   4371   4515   3941   4077   3703   3437   3662   3303  13551  26303      0      0  65535 
     0      0      0      0      0      0      0      0      0      0      0      0      0      0      0      0      0      0      0 
     0      0      0      0      0      0      0      0      0      0      0      0      0      0      0      0      0      0      0 
     0      0      0      0      0      0      0      0      0      0      0      0      0      0      0      0      0      0      0 
0 -1 -1
     0      0      0      0      0      0      0      0      0      0      0      0      0      0      0      0      2      0      0 
  3688   3821   3743   4027   3956   3661   3302   4040   4148   4076   3661   3437   3987   4371   3941   3703  10470   4515   4075 
 17236  13361     51    153   3743   3661   3821   3956   3688   4027   4076   4148   4040   3987  10470   4371   4515   3941   4075   3703   3437   3661   3302  13551  26303      0      0  65535 
     0      0      0      0      0      0      0      0      0      0      0      0      0      0      0      0      0      0      0 
     0      0      0      0      0      0      0      0      0      0      0      0      0      0      0      0      0      0      0 
     0      0      0      0      0      0      0      0      0      0      0      0      0      0      0      0      0      0      0 
0 -1 -1
     0      0      0      0      0      0      0      0      0      0      0      0      0      0      0      0      2      0      0 
  3687   3820   3743   4027   3955   3661   3301   4041   4146   4077   3662   3436   3988   4371   3940   3703  10470   4513   4077 
 17236  13361     51    153   3743   3661   3820   3955   3687   4027   4077   4146   4041   3988  10470   4371   4513   3940   4077   3703   3436   3662   3301  13546  26304      0      0  65535 
     0      0      0      0      0      0      0      0      0      0      0      0      0      0      0      0      0      0      0 
     0      0      0      0      0      0      0      0      0      0      0      0      0      0      0      0      0      0      0 
     0      0      0      0      0      0      0      0      0      0      0      0      0      0      0      0      0      0      0 
0 -1 -1
     0      0      0      0      0      0      0      0      0      0      0      0      0      0      0      0      1      0      0 
  3686   3820   3744   4026   3954   3659   3301   4039   4146   4075   3661   3438   3988   4370   3939   3702  10429   4514   4074 
 17236  13361     51    153   3744   3659   3820   3954   3686   4026   4075   4146   4039   3988  10429   4370   4514   3939   4074   3702   3438   3661   3301  13550  26304      0      0  65535 
     0      0      0      0      0      0      0      0      0      0      0      0      0      0      0      0      0      0      0 
     0      0      0      0      0      0      0      0      0      0      0      0      0      0      0      0      0      0      0 
     0      0      0      0      0      0      0      0      0      0      0      0      0      0      0      0      0      0      0 
0 -1 -1
     0      0      0      0      0      0      0      0      0      0      0      0      0      0      0      0      0      0      0 
  3686   3820   3741   4028   3953   3659   3301   4040   4145   4073   3660   3436   3986   4369   3938   3702  10389   4514   4075 
 17236  13361     51    153   3741   3659   3820   3953   3686   4028   4073   4145   4040   3986  10389   4369   4514   3938   4075   3702   3436   3660   3301  13550  26303      0      0  65535 
     0      0      0      0      0      0      0      0      0      0      0      0      0      0      0      0      0      0      0 
     0      0      0      0      0      0      0      0      0      0      0      0      0      0      0      0      0      0      0 
     0      0      0      0      0      0      0      0      0      0      0      0      0      0      0      0      0      0      0 
0 -1 -1
     0      0      0      0      0      0      0      0      0      0      0      0      0      0      0      0      0      0      0 
  3686   3818   3740   4025   3953   3660   3300   4038   4144   4073   3659   3436   3986   4368   3939   3701  10367   4512   4072 
 17236  13361     51    153   3740   3660   3818   3953   3686   4025   4073   4144   4038   3986  10367   4368   4512   3939   4072   3701   3436   3659   3300  13550  26303      0      1  65535 
     0      0      0      0      0      0      0      0      0      0      0      0      0      0      0      0      0      0      0 
     0      0      0      0      0      0      0      0      0      0      0      0      0      0      0      0      0      0      0 
     0      0      0      0      0      0      0      0      0      0      0      0      0      0      0      0      0      0      0 
0 -1 -1
     0      0      0      0      0      0      0      0      0      0      0      0      0      0      0      0      0      0      0 
  3685   3819   3742   4024   3952   3658   3300   4038   4144   4074   3659   3437   3987   4368   3938   3701  10392   4512   4072 
 17236  13361     51    153   3742   3658   3819   3952   3685   4024   4074   4144   4038   3987  10392   4368   4512   3938   4072   3701   3437   3659   3300  13550  26304      1      0  65535 
     0      0      0      0      0      0      0      0      0      0      0      0      0      0      0      0      0      0      0 
     0      0      0      0      0      0      0      0      0      0      0      0      0      0      0      0      0      0      0 
     0      0      0      0      0      0      0      0      0      0      0      0      0      0      0      0      0      0      0 
0 -1 -1
     0      0      0      0      0      0      0      0      0      0      0      0      0      0      0      0      1      0      0 
  3683   3818   3741   4026   3952   3658   3299   4037   4144   4073   3659   3434   3985   4368   3936   3701  10417   4513   4074 
 17236  13361     51    153   3741   3658   3818   3952   3683   4026   4073   4144   4037   3985  10417   4368   4513   3936   4074   3701   3434   3659   3299  13551  26304      0      0  65535 
     0      0      0      0      0      0      0      0      0      0      0      0      0      0      0      0      0      0      0 
     0      0      0      0      0      0      0      0      0      0      0      0      0      0      0      0      0      0      0 
     0      0      0      0      0      0      0      0      0      0      0      0      0      0      0      0      0      0      0 
0 -1 -1
     0      0      0      0      0      0      0      0      0      0      0      0      0      0      0      0      0      0      0 
  3684   3818   3738   4026   3952   3658   3300   4036   4144   4073   3657   3434   3984   4367   3937   3700  10403   4511   4073 
 17236  13361     51    153   3738   3658   3818   3952   3684   4026   4073   4144   4036   3984  10403   4367   4511   3937   4073   3700   3434   3657   3300  13552  26304      0      1  65535 
     0      0      0      0      0      0      0      0      0      0      0      0      0      0      0      0      0      0      0 
     0      0      0      0      0      0      0      0      0      0      0      0      0      0      0      0      0      0      0 
     0      0      0      0      0      0      0      0      0      0      0      0      0      0      0      0      0      0      0 
0 -1 -1
