     6      8     12      6      7      9     11      6      7      7      9     16      9      8      8     10      0      7      9 
  4707   4731   4962   4974   4618   4452   4409   5106   4836   4791   4448   4698   5041   5138   4694   4978   9391   5491   5394 
 17236  13361     51    151   4962   4452   4731   4618   4707   4974   4791   4836   5106   5041   9391   5138   5491   4694   5394   4978   4698   4448   4409  13542  26304      0      0  65535 
     0      0      0      0      0      0      0      0      0      0      0      0      0      0      0      0      0      0      0 
     0      0      0      0      0      0      0      0      0      0      0      0      0      0      0      0      0      0      0 
     0      0      0      0      0      0      0      0      0      0      0      0      0      0      0      0      0      0      0 
0 -1 -1
     7      8     13      6      8     10     12      6      8      8     10     17     10      9      9     11      0      8     10 
  4752   4757   5012   5003   4645   4483   4442   5139   4859   4820   4473   4723   5081   5159   4726   5020   9367   5519   5432 
 17236  13361     51    151   5012   4483   4757   4645   4752   5003   4820   4859   5139   5081   9367   5159   5519   4726   5432   5020   4723   4473   4442  13542  26304      1      0  65535 
     0      0      0      0      0      0      0      0      0      0      0      0      0      0      0      0      0      0      0 
     0      0      0      0      0      0      0      0      0      0      0      0      0      0      0      0      0      0      0 
     0      0      0      0      0      0      0      0      0      0      0      0      0      0      0      0      0      0      0 
0 -1 -1
     8      9     14      7      9     12     12      7      9     10     11     17     11     10     10     11      0      8     10 
  4798   4785   5063   5040   4670   4515   4476   5168   4879   4848   4503   4747   5112   5180   4758   5057   9370   5545   5466 
 17236  13361     51    151   5063   4515   4785   4670   4798   5040   4848   4879   5168   5112   9370   5180   5545   4758   5466   5057   4747   4503   4476  13542  26304      0      0  65535 
     0      0      0      0      0      0      0      0      0      0      0      0      0      0      0      0      0      0      0 
     0      0      0      0      0      0      0      0      0      0      0      0      0      0      0      0      0      0      0 
     0      0      0      0      0      0      0      0      0      0      0      0      0      0      0      0      0      0      0 
0 -1 -1
     8      9     14      7      9     12     13      7      9     10     12     18     11     10     11     12      0      9     11 
  4821   4800   5087   5056   4679   4527   4490   5181   4886   4859   4521   4754   5125   5192   4769   5071   9371   5553   5479 
 17236  13361     51    151   5087   4527   4800   4679   4821   5056   4859   4886   5181   5125   9371   5192   5553   4769   5479   5071   4754   4521   4490  13542  26304      0      0  65535 
     0      0      0      0      0      0      0      0      0      0      0      0      0      0      0      0      0      0      0 
     0      0      0      0      0      0      0      0      0      0      0      0      0      0      0      0      0      0      0 
     0      0      0      0      0      0      0      0      0      0      0      0      0      0      0      0      0      0      0 
0 -1 -1
     9     10     16      8     11     13     14      8     11     12     14     19     12     12     13     13      0     10     11 
  4873   4842   5149   5099   4717   4568   4544   5224   4919   4898   4569   4793   5166   5225   4815   5116   9393   5593   5527 
 17236  13361     51    151   5149   4568   4842   4717   4873   5099   4898   4919   5224   5166   9393   5225   5593   4815   5527   5116   4793   4569   4544  13542  26304      0      0  65535 
     0      0      0      0      0      0      0      0      0      0      0      0      0      0      0      0      0      0      0 
     0      0      0      0      0      0      0      0      0      0      0      0      0      0      0      0      0      0      0 
     0      0      0      0      0      0      0      0      0      0      0      0      0      0      0      0      0      0      0 
0 -1 -1
    10     11     17      8     12     15     15      8     12     13     15     20     13     12     14     13      0     10     12 
  4914   4878   5205   5130   4749   4602   4582   5253   4945   4922   4601   4818   5196   5246   4842   5145   9400   5618   5558 
 17236  13361     51    151   5205   4602   4878   4749   4914   5130   4922   4945   5253   5196   9400   5246   5618   4842   5558   5145   4818   4601   4582  13540  26305      0      0  65535 
     0      0      0      0      0      0      0      0      0      0      0      0      0      0      0      0      0      0      0 
     0      0      0      0      0      0      0      0      0      0      0      0      0      0      0      0      0      0      0 
     0      0      0      0      0      0      0      0      0      0      0      0      0      0      0      0      0      0      0 
0 -1 -1
    10     12     18      9     13     16     16      9     13     14     16     20     14     14     15     14      0     11     12 
  4954   4919   5262   5166   4785   4639   4626   5287   4974   4953   4637   4844   5230   5271   4877   5176   9411   5648   5589 
 17236  13361     51    151   5262   4639   4919   4785   4954   5166   4953   4974   5287   5230   9411   5271   5648   4877   5589   5176   4844   4637   4626  13536  26305      0      0  65535 
     0      0      0      0      0      0      0      0      0      0      0      0      0      0      0      0      0      0      0 
     0      0      0      0      0      0      0      0      0      0      0      0      0      0      0      0      0      0      0 
     0      0      0      0      0      0      0      0      0      0      0      0      0      0      0      0      0      0      0 
0 -1 -1
    10     12     18      9     14     16     16      9     13     14     16     20     14     13     15     14      0     11     12 
  4963   4929   5276   5171   4792   4646   4622   5288   4976   4957   4636   4840   5235   5270   4876   5174   9403   5644   5587 
 17236  13361     51    151   5276   4646   4929   4792   4963   5171   4957   4976   5288   5235   9403   5270   5644   4876   5587   5174   4840   4636   4622  13534  26305      0      0  65535 
     0      0      0      0      0      0      0      0      0      0      0      0      0      0      0      0      0      0      0 
     0      0      0      0      0      0      0      0      0      0      0      0      0      0      0      0      0      0      0 
     0      0      0      0      0      0      0      0      0      0      0      0      0      0      0      0      0      0      0 
0 -1 -1
    10     12     18      9     13     15     15      8     12     13     15     19     13     12     14     13      0     10     12 
  4930   4897   5238   5141   4764   4616   4585   5257   4951   4927   4603   4807   5206   5242   4844   5138   9375   5614   5553 
 17236  13361     51    151   5238   4616   4897   4764   4930   5141   4927   4951   5257   5206   9375   5242   5614   4844   5553   5138   4807   4603   4585  13532  26305      0      0  65535 
     0      0      0      0      0      0      0      0      0      0      0      0      0      0      0      0      0      0      0 
     0      0      0      0      0      0      0      0      0      0      0      0      0      0      0      0      0      0      0 
     0      0      0      0      0      0      0      0      0      0      0      0      0      0      0      0      0      0      0 
0 -1 -1
     8     10     15      7     10     12     12      7      9     10     12     17     11     10     11     11      0      8     10 
  4843   4813   5136   5069   4692   4537   4483   5185   4888   4860   4520   4726   5134   5180   4765   5051   9337   5541   5472 
 17236  13361     51    151   5136   4537   4813   4692   4843   5069   4860   4888   5185   5134   9337   5180   5541   4765   5472   5051   4726   4520   4483  13531  26304      0      0  65535 
     0      0      0      0      0      0      0      0      0      0      0      0      0      0      0      0      0      0      0 
     0      0      0      0      0      0      0      0      0      0      0      0      0      0      0      0      0      0      0 
     0      0      0      0      0      0      0      0      0      0      0      0      0      0      0      0      0      0      0 
0 -1 -1
     6      7     12      5      6      8      9      5      6      6      8     13      9      6      6      9      0      6      8 
  4715   4694   4981   4963   4594   4427   4348   5083   4800   4760   4405   4608   5028   5089   4654   4921   9297   5436   5343 
 17236  13361     51    152   4981   4427   4694   4594   4715   4963   4760   4800   5083   5028   9297   5089   5436   4654   5343   4921   4608   4405   4348  13533  26303      1      0  65535 
     0      0      0      0      0      0      0      0      0      0      0      0      0      0      0      0      0      0      0 
     0      0      0      0      0      0      0      0      0      0      0      0      0      0      0      0      0      0      0 
     0      0      0      0      0      0      0      0      0      0      0      0      0      0      0      0      0      0      0 
0 -1 -1
     4      4      9      3      2      5      7      4      3      2      5     10      6      3      3      7      0      4      7 
  4591   4586   4838   4859   4510   4327   4237   4981   4721   4675   4322   4505   4925   5007   4566   4804   9264   5339   5221 
 17236  13361     51    152   4838   4327   4586   4510   4591   4859   4675   4721   4981   4925   9264   5007   5339   4566   5221   4804   4505   4322   4237  13534  26303      1      0  65535 
     0      0      0      0      0      0      0      0      0      0      0      0      0      0      0      0      0      0      0 
     0      0      0      0      0      0      0      0      0      0      0      0      0      0      0      0      0      0      0 
     0      0      0      0      0      0      0      0      0      0      0      0      0      0      0      0      0      0      0 
0 -1 -1
     3      3      7      2      1      2      5      3      1      0      3      8      5      1      1      5      0      3      5 
  4512   4522   4752   4791   4462   4273   4164   4911   4672   4626   4267   4436   4857   4960   4514   4728   9259   5279   5139 
 17236  13361     51    152   4752   4273   4522   4462   4512   4791   4626   4672   4911   4857   9259   4960   5279   4514   5139   4728   4436   4267   4164  13534  26304      0      0  65535 
     0      0      0      0      0      0      0      0      0      0      0      0      0      0      0      0      0      0      0 
     0      0      0      0      0      0      0      0      0      0      0      0      0      0      0      0      0      0      0 
     0      0      0      0      0      0      0      0      0      0      0      0      0      0      0      0      0      0      0 
0 -1 -1
     2      1      5      1      0      0      3      2      0      0      1      6      3      0      0      4      0      1      4 
  4427   4453   4655   4721   4413   4219   4089   4838   4621   4580   4218   4362   4789   4914   4461   4644   9254   5213   5048 
 17236  13361     51    152   4655   4219   4453   4413   4427   4721   4580   4621   4838   4789   9254   4914   5213   4461   5048   4644   4362   4218   4089  13534  26304      0      0  65535 
     0      0      0      0      0      0      0      0      0      0      0      0      0      0      0      0      0      0      0 
     0      0      0      0      0      0      0      0      0      0      0      0      0      0      0      0      0      0      0 
     0      0      0      0      0      0      0      0      0      0      0      0      0      0      0      0      0      0      0 
0 -1 -1
     1      0      4      0      0      0      2      1      0      0      0      4      2      0      0      2      0      0      3 
  4364   4404   4587   4670   4384   4181   4027   4787   4590   4548   4177   4293   4736   4878   4426   4577   9253   5162   4972 
 17236  13361     51    152   4587   4181   4404   4384   4364   4670   4548   4590   4787   4736   9253   4878   5162   4426   4972   4577   4293   4177   4027  13533  26304      0      0  65535 
     0      0      0      0      0      0      0      0      0      0      0      0      0      0      0      0      0      0      0 
     0      0      0      0      0      0      0      0      0      0      0      0      0      0      0      0      0      0      0 
     0      0      0      0      0      0      0      0      0      0      0      0      0      0      0      0      0      0      0 
0 -1 -1
     0      0      2      0      0      0      1      0      0      0      0      2      1      0      0      1      0      0      2 
  4305   4357   4515   4622   4356   4150   3973   4734   4562   4519   4141   4230   4684   4846   4394   4512   9254   5119   4897 
 17236  13361     51    152   4515   4150   4357   4356   4305   4622   4519   4562   4734   4684   9254   4846   5119   4394   4897   4512   4230   4141   3973  13533  26304      1      1  65535 
     0      0      0      0      0      0      0      0      0      0      0      0      0      0      0      0      0      0      0 
     0      0      0      0      0      0      0      0      0      0      0      0      0      0      0      0      0      0      0 
     0      0      0      0      0      0      0      0      0      0      0      0      0      0      0      0      0      0      0 
0 -1 -1
     0      0      1      0      0      0      0      0      0      0      0      1      0      0      0      0      0      0      1 
  4270   4327   4469   4595   4340   4127   3934   4700   4546   4501   4120   4188   4650   4827   4375   4469   9256   5087   4846 
 17236  13361     51    152   4469   4127   4327   4340   4270   4595   4501   4546   4700   4650   9256   4827   5087   4375   4846   4469   4188   4120   3934  13535  26304      0      1  65535 
     0      0      0      0      0      0      0      0      0      0      0      0      0      0      0      0      0      0      0 
     0      0      0      0      0      0      0      0      0      0      0      0      0      0      0      0      0      0      0 
     0      0      0      0      0      0      0      0      0      0      0      0      0      0      0      0      0      0      0 
0 -1 -1
     0      0      0      0      0      0      0      0      0      0      0      0      0      0      0      0      0      0      0 
  4236   4299   4424   4567   4327   4109   3898   4671   4531   4485   4099   4146   4613   4809   4357   4426   9258   5054   4795 
 17236  13361     51    153   4424   4109   4299   4327   4236   4567   4485   4531   4671   4613   9258   4809   5054   4357   4795   4426   4146   4099   3898  13539  26304      0      1  65535 
     0      0      0      0      0      0      0      0      0      0      0      0      0      0      0      0      0      0      0 
     0      0      0      0      0      0      0      0      0      0      0      0      0      0      0      0      0      0      0 
     0      0      0      0      0      0      0      0      0      0      0      0      0      0      0      0      0      0      0 
0 -1 -1
     0      0      0      0      0      0      0      0      0      0      0      0      0      0      0      0      0      0      0 
  4212   4282   4391   4550   4317   4095   3872   4647   4521   4476   4083   4115   4587   4799   4345   4397   9267   5033   4759 
 17236  13361     51    152   4391   4095   4282   4317   4212   4550   4476   4521   4647   4587   9267   4799   5033   4345   4759   4397   4115   4083   3872  13540  26304      0      1  65535 
     0      0      0      0      0      0      0      0      0      0      0      0      0      0      0      0      0      0      0 
     0      0      0      0      0      0      0      0      0      0      0      0      0      0      0      0      0      0      0 
     0      0      0      0      0      0      0      0      0      0      0      0      0      0      0      0      0      0      0 
0 -1 -1
     0      0      0      0      0      0      0      0      0      0      0      0      0      0      0      0      0      0      0 
  4193   4266   4363   4534   4312   4083   3849   4629   4513   4468   4073   4088   4568   4788   4336   4372   9286   5016   4730 
 17236  13361     51    152   4363   4083   4266   4312   4193   4534   4468   4513   4629   4568   9286   4788   5016   4336   4730   4372   4088   4073   3849  13540  26305      0      0  65535 
     0      0      0      0      0      0      0      0      0      0      0      0      0      0      0      0      0      0      0 
     0      0      0      0      0      0      0      0      0      0      0      0      0      0      0      0      0      0      0 
     0      0      0      0      0      0      0      0      0      0      0      0      0      0      0      0      0      0      0 
0 -1 -1
     0      0      0      0      0      0      0      0      0      0      0      0      0      0      0      0      0      0      0 
  4187   4259   4352   4529   4310   4082   3849   4622   4513   4468   4074   4084   4561   4789   4337   4368   9263   5013   4723 
 17236  13361     51    152   4352   4082   4259   4310   4187   4529   4468   4513   4622   4561   9263   4789   5013   4337   4723   4368   4084   4074   3849  13540  26305      0      0  65535 
     0      0      0      0      0      0      0      0      0      0      0      0      0      0      0      0      0      0      0 
     0      0      0      0      0      0      0      0      0      0      0      0      0      0      0      0      0      0      0 
     0      0      0      0      0      0      0      0      0      0      0      0      0      0      0      0      0      0      0 
0 -1 -1
     0      0      0      0      0      0      0      0      0      0      0      0      0      0      0      0      0      0      0 
  4212   4281   4378   4548   4324   4095   3871   4641   4526   4483   4092   4105   4583   4805   4352   4393   9258   5037   4754 
 17236  13361     51    152   4378   4095   4281   4324   4212   4548   4483   4526   4641   4583   9258   4805   5037   4352   4754   4393   4105   4092   3871  13541  26305      0      0  65535 
     0      0      0      0      0      0      0      0      0      0      0      0      0      0      0      0      0      0      0 
     0      0      0      0      0      0      0      0      0      0      0      0      0      0      0      0      0      0      0 
     0      0      0      0      0      0      0      0      0      0      0      0      0      0      0      0      0      0      0 
0 -1 -1
     0      0      0      0      0      0      0      0      0      0      0      0      0      0      0      0      0      0      0 
  4243   4304   4414   4574   4339   4115   3898   4669   4542   4501   4113   4136   4609   4822   4368   4425   9254   5060   4790 
 17236  13361     51    152   4414   4115   4304   4339   4243   4574   4501   4542   4669   4609   9254   4822   5060   4368   4790   4425   4136   4113   3898  13542  26305      0      0  65535 
     0      0      0      0      0      0      0      0      0      0      0      0      0      0      0      0      0      0      0 
     0      0      0      0      0      0      0      0      0      0      0      0      0      0      0      0      0      0      0 
     0      0      0      0      0      0      0      0      0      0      0      0      0      0      0      0      0      0      0 
0 -1 -1
     0      0      1      0      0      0      0      0      0      0      0      1      0      0      0      0      0      0      1 
  4281   4333   4458   4606   4357   4138   3934   4701   4561   4521   4136   4172   4644   4843   4390   4461   9269   5090   4833 
 17236  13361     51    152   4458   4138   4333   4357   4281   4606   4521   4561   4701   4644   9269   4843   5090   4390   4833   4461   4172   4136   3934  13542  26304      0      0  65535 
     0      0      0      0      0      0      0      0      0      0      0      0      0      0      0      0      0      0      0 
     0      0      0      0      0      0      0      0      0      0      0      0      0      0      0      0      0      0      0 
     0      0      0      0      0      0      0      0      0      0      0      0      0      0      0      0      0      0      0 
0 -1 -1
     0      0      2      0      0      0      1      0      0      0      0      2      0      0      0      1      0      0      1 
  4318   4365   4501   4635   4374   4160   3968   4733   4579   4539   4159   4209   4674   4863   4409   4500   9261   5119   4878 
 17236  13361     51    152   4501   4160   4365   4374   4318   4635   4539   4579   4733   4674   9261   4863   5119   4409   4878   4500   4209   4159   3968  13541  26304      0      1  65535 
     0      0      0      0      0      0      0      0      0      0      0      0      0      0      0      0      0      0      0 
     0      0      0      0      0      0      0      0      0      0      0      0      0      0      0      0      0      0      0 
     0      0      0      0      0      0      0      0      0      0      0      0      0      0      0      0      0      0      0 
0 -1 -1
     1      0      3      0      0      0      1      1      0      0      0      3      1      0      0      2      0      0      2 
  4363   4397   4550   4670   4395   4184   4006   4770   4604   4563   4186   4251   4712   4886   4432   4543   9259   5154   4930 
 17236  13361     51    152   4550   4184   4397   4395   4363   4670   4563   4604   4770   4712   9259   4886   5154   4432   4930   4543   4251   4186   4006  13541  26304      0      1  65535 
     0      0      0      0      0      0      0      0      0      0      0      0      0      0      0      0      0      0      0 
     0      0      0      0      0      0      0      0      0      0      0      0      0      0      0      0      0      0      0 
     0      0      0      0      0      0      0      0      0      0      0      0      0      0      0      0      0      0      0 
0 -1 -1
     2      1      4      1      0      0      2      1      0      0      0      4      2      0      0      2      0      1      3 
  4404   4431   4595   4705   4415   4206   4041   4806   4626   4584   4207   4286   4747   4910   4455   4581   9270   5185   4974 
 17236  13361     51    152   4595   4206   4431   4415   4404   4705   4584   4626   4806   4747   9270   4910   5185   4455   4974   4581   4286   4207   4041  13543  26304      0      0  65535 
     0      0      0      0      0      0      0      0      0      0      0      0      0      0      0      0      0      0      0 
     0      0      0      0      0      0      0      0      0      0      0      0      0      0      0      0      0      0      0 
     0      0      0      0      0      0      0      0      0      0      0      0      0      0      0      0      0      0      0 
0 -1 -1
     2      1      5      1      0      1      3      2      0      0      1      5      3      0      0      3      0      1      3 
  4442   4459   4631   4735   4433   4229   4071   4838   4648   4604   4229   4318   4781   4931   4475   4617   9266   5212   5013 
 17236  13361     51    152   4631   4229   4459   4433   4442   4735   4604   4648   4838   4781   9266   4931   5212   4475   5013   4617   4318   4229   4071  13543  26304      0      0  65535 
     0      0      0      0      0      0      0      0      0      0      0      0      0      0      0      0      0      0      0 
     0      0      0      0      0      0      0      0      0      0      0      0      0      0      0      0      0      0      0 
     0      0      0      0      0      0      0      0      0      0      0      0      0      0      0      0      0      0      0 
0 -1 -1
     3      2      6      2      0      2      4      2      1      0      2      6      4      0      0      4      0      2      4 
  4485   4494   4677   4772   4458   4257   4110   4875   4674   4627   4255   4354   4817   4955   4501   4656   9271   5243   5056 
 17236  13361     51    152   4677   4257   4494   4458   4485   4772   4627   4674   4875   4817   9271   4955   5243   4501   5056   4656   4354   4255   4110  13542  26304      0      0  65535 
     0      0      0      0      0      0      0      0      0      0      0      0      0      0      0      0      0      0      0 
     0      0      0      0      0      0      0      0      0      0      0      0      0      0      0      0      0      0      0 
     0      0      0      0      0      0      0      0      0      0      0      0      0      0      0      0      0      0      0 
0 -1 -1
     3      3      6      2      1      3      5      3      2      1      3      7      5      1      1      4      0      2      5 
  4519   4523   4717   4799   4478   4279   4139   4902   4692   4646   4275   4380   4844   4974   4521   4688   9273   5265   5090 
 17236  13361     51    152   4717   4279   4523   4478   4519   4799   4646   4692   4902   4844   9273   4974   5265   4521   5090   4688   4380   4275   4139  13542  26304      0      0  65535 
     0      0      0      0      0      0      0      0      0      0      0      0      0      0      0      0      0      0      0 
     0      0      0      0      0      0      0      0      0      0      0      0      0      0      0      0      0      0      0 
     0      0      0      0      0      0      0      0      0      0      0      0      0      0      0      0      0      0      0 
0 -1 -1
     4      4      7      3      2      4      5      3      3      2      4      8      5      2      2      5      0      3      5 
  4561   4554   4761   4832   4503   4307   4182   4937   4717   4672   4305   4418   4879   4999   4549   4731   9282   5299   5136 
 17236  13361     51    152   4761   4307   4554   4503   4561   4832   4672   4717   4937   4879   9282   4999   5299   4549   5136   4731   4418   4305   4182  13544  26304      0      0  65535 
     0      0      0      0      0      0      0      0      0      0      0      0      0      0      0      0      0      0      0 
     0      0      0      0      0      0      0      0      0      0      0      0      0      0      0      0      0      0      0 
     0      0      0      0      0      0      0      0      0      0      0      0      0      0      0      0      0      0      0 
0 -1 -1
     5      5      9      4      4      6      7      4      4      4      6      9      7      4      4      6      0      4      6 
  4626   4610   4838   4887   4544   4356   4242   4993   4757   4711   4348   4472   4936   5042   4593   4794   9287   5350   5200 
 17236  13361     51    152   4838   4356   4610   4544   4626   4887   4711   4757   4993   4936   9287   5042   5350   4593   5200   4794   4472   4348   4242  13544  26305      0      0  65535 
     0      0      0      0      0      0      0      0      0      0      0      0      0      0      0      0      0      0      0 
     0      0      0      0      0      0      0      0      0      0      0      0      0      0      0      0      0      0      0 
     0      0      0      0      0      0      0      0      0      0      0      0      0      0      0      0      0      0      0 
0 -1 -1
     6      6     11      5      6      7      8      5      6      6      7     11      8      6      6      8      0      5      7 
  4693   4664   4915   4944   4588   4406   4308   5054   4797   4755   4398   4530   4994   5086   4644   4860   9303   5402   5270 
 17236  13361     51    152   4915   4406   4664   4588   4693   4944   4755   4797   5054   4994   9303   5086   5402   4644   5270   4860   4530   4398   4308  13545  26305      0      0  65535 
     0      0      0      0      0      0      0      0      0      0      0      0      0      0      0      0      0      0      0 
     0      0      0      0      0      0      0      0      0      0      0      0      0      0      0      0      0      0      0 
     0      0      0      0      0      0      0      0      0      0      0      0      0      0      0      0      0      0      0 
0 -1 -1
     7      7     12      6      7      9     10      6      7      7      9     13      9      7      8      9      0      6      8 
  4755   4717   4988   4998   4630   4453   4364   5111   4835   4796   4440   4580   5049   5126   4688   4915   9321   5449   5331 
 17236  13361     51    152   4988   4453   4717   4630   4755   4998   4796   4835   5111   5049   9321   5126   5449   4688   5331   4915   4580   4440   4364  13544  26304      0      0  65535 
     0      0      0      0      0      0      0      0      0      0      0      0      0      0      0      0      0      0      0 
     0      0      0      0      0      0      0      0      0      0      0      0      0      0      0      0      0      0      0 
     0      0      0      0      0      0      0      0      0      0      0      0      0      0      0      0      0      0      0 
0 -1 -1
     8      9     14      7      9     11     11      7      9      9     11     14     11      9     10     10      0      8      9 
  4823   4777   5069   5056   4678   4505   4432   5169   4879   4841   4495   4638   5107   5169   4742   4979   9324   5501   5398 
 17236  13361     51    151   5069   4505   4777   4678   4823   5056   4841   4879   5169   5107   9324   5169   5501   4742   5398   4979   4638   4495   4432  13540  26303      0      0  65535 
     0      0      0      0      0      0      0      0      0      0      0      0      0      0      0      0      0      0      0 
     0      0      0      0      0      0      0      0      0      0      0      0      0      0      0      0      0      0      0 
     0      0      0      0      0      0      0      0      0      0      0      0      0      0      0      0      0      0      0 
0 -1 -1
     9     10     16      8     11     13     13      8     11     11     13     16     12     11     12     11      0      9     10 
  4885   4836   5148   5108   4725   4559   4499   5220   4921   4889   4550   4695   5157   5209   4792   5043   9322   5550   5462 
 17236  13361     51    151   5148   4559   4836   4725   4885   5108   4889   4921   5220   5157   9322   5209   5550   4792   5462   5043   4695   4550   4499  13534  26305      0      0  65535 
     0      0      0      0      0      0      0      0      0      0      0      0      0      0      0      0      0      0      0 
     0      0      0      0      0      0      0      0      0      0      0      0      0      0      0      0      0      0      0 
     0      0      0      0      0      0      0      0      0      0      0      0      0      0      0      0      0      0      0 
0 -1 -1
    10     12     18      9     13     16     15      8     13     14     16     18     13     13     14     13      0     10     11 
  4961   4913   5248   5172   4786   4627   4591   5281   4975   4947   4620   4768   5213   5261   4858   5119   9357   5607   5536 
 17236  13361     51    151   5248   4627   4913   4786   4961   5172   4947   4975   5281   5213   9357   5261   5607   4858   5536   5119   4768   4620   4591  13534  26305      0      0  65535 
     0      0      0      0      0      0      0      0      0      0      0      0      0      0      0      0      0      0      0 
     0      0      0      0      0      0      0      0      0      0      0      0      0      0      0      0      0      0      0 
     0      0      0      0      0      0      0      0      0      0      0      0      0      0      0      0      0      0      0 
0 -1 -1
    12     14     20     10     16     19     17      9     15     17     18     20     15     16     17     14      0     11     13 
  5048   5004   5370   5244   4857   4707   4687   5344   5034   5013   4694   4845   5274   5318   4928   5197   9405   5665   5611 
 17236  13361     51    151   5370   4707   5004   4857   5048   5244   5013   5034   5344   5274   9405   5318   5665   4928   5611   5197   4845   4694   4687  13535  26304      1      1  65535 
     0      0      0      0      0      0      0      0      0      0      0      0      0      0      0      0      0      0      0 
     0      0      0      0      0      0      0      0      0      0      0      0      0      0      0      0      0      0      0 
     0      0      0      0      0      0      0      0      0      0      0      0      0      0      0      0      0      0      0 
0 -1 -1
    13     16     23     12     19     22     20     10     17     20     22     23     16     18     21     16      0     13     14 
  5138   5104   5507   5321   4935   4801   4810   5405   5098   5090   4783   4941   5337   5376   5014   5292   9511   5732   5700 
 17236  13361     51    151   5507   4801   5104   4935   5138   5321   5090   5098   5405   5337   9511   5376   5732   5014   5700   5292   4941   4783   4810  13535  26304      0      0  65535 
     0      0      0      0      0      0      0      0      0      0      0      0      0      0      0      0      0      0      0 
     0      0      0      0      0      0      0      0      0      0      0      0      0      0      0      0      0      0      0 
     0      0      0      0      0      0      0      0      0      0      0      0      0      0      0      0      0      0      0 
0 -1 -1
    15     19     27     13     23     26     24     11     20     24     26     27     18     21     25     18      0     14     16 
  5242   5225   5684   5406   5031   4913   4960   5469   5173   5184   4894   5062   5409   5449   5119   5413   9573   5809   5807 
 17236  13361     51    150   5684   4913   5225   5031   5242   5406   5184   5173   5469   5409   9573   5449   5809   5119   5807   5413   5062   4894   4960  13535  26305      0      0  65535 
     0      0      0      0      0      0      0      0      0      0      0      0      0      0      0      0      0      0      0 
     0      0      0      0      0      0      0      0      0      0      0      0      0      0      0      0      0      0      0 
     0      0      0      0      0      0      0      0      0      0      0      0      0      0      0      0      0      0      0 
0 -1 -1
    16     22     30     15     27     30     27     12     23     28     30     31     20     24     29     21      1     16     17 
  5334   5334   5840   5484   5124   5018   5120   5528   5247   5282   5020   5196   5479   5523   5235   5540   9642   5899   5920 
 17236  13361     51    150   5840   5018   5334   5124   5334   5484   5282   5247   5528   5479   9642   5523   5899   5235   5920   5540   5196   5020   5120  13535  26303      0      0  65535 
     0      0      0      0      0      0      0      0      0      0      0      0      0      0      0      0      0      0      0 
     0      0      0      0      0      0      0      0      0      0      0      0      0      0      0      0      0      0      0 
     0      0      0      0      0      0      0      0      0      0      0      0      0      0      0      0      0      0      0 
0 -1 -1
    18     24     34     16     31     35     31     13     26     33     35     34     22     27     34     23      1     18     19 
  5441   5457   6017   5574   5228   5147   5271   5593   5328   5395   5138   5323   5558   5600   5349   5659   9659   5984   6025 
 17236  13361     51    150   6017   5147   5457   5228   5441   5574   5395   5328   5593   5558   9659   5600   5984   5349   6025   5659   5323   5138   5271  13534  26303      0      0  65535 
     0      0      0      0      0      0      0      0      0      0      0      0      0      0      0      0      0      0      0 
     0      0      0      0      0      0      0      0      0      0      0      0      0      0      0      0      0      0      0 
     0      0      0      0      0      0      0      0      0      0      0      0      0      0      0      0      0      0      0 
0 -1 -1
    20     28     40     19     37     42     36     15     31     40     41     40     24     32     40     26      2     21     21 
  5600   5634   6268   5707   5379   5338   5487   5695   5454   5558   5301   5502   5669   5713   5506   5825   9680   6107   6174 
 17236  13361     51    150   6268   5338   5634   5379   5600   5707   5558   5454   5695   5669   9680   5713   6107   5506   6174   5825   5502   5301   5487  13534  26303      0      0  65535 
     0      0      0      0      0      0      0      0      0      0      0      0      0      0      0      0      0      0      0 
     0      0      0      0      0      0      0      0      0      0      0      0      0      0      0      0      0      0      0 
     0      0      0      0      0      0      0      0      0      0      0      0      0      0      0      0      0      0      0 
0 -1 -1
    21     30     42     20     39     45     38     15     33     43     44     42     25     34     43     28      2     22     22 
  5673   5719   6392   5763   5445   5422   5597   5732   5507   5624   5378   5581   5711   5757   5569   5895   9679   6150   6228 
 17236  13361     51    149   6392   5422   5719   5445   5673   5763   5624   5507   5732   5711   9679   5757   6150   5569   6228   5895   5581   5378   5597  13535  26305      1      0  65535 
     0      0      0      0      0      0      0      0      0      0      0      0      0      0      0      0      0      0      0 
     0      0      0      0      0      0      0      0      0      0      0      0      0      0      0      0      0      0      0 
     0      0      0      0      0      0      0      0      0      0      0      0      0      0      0      0      0      0      0 
0 -1 -1
    22     32     44     20     41     47     39     15     34     44     44     42     25     34     43     28      1     21     22 
  5721   5781   6478   5793   5482   5474   5628   5741   5527   5649   5392   5596   5713   5759   5576   5898   9636   6144   6221 
 17236  13361     51    149   6478   5474   5781   5482   5721   5793   5649   5527   5741   5713   9636   5759   6144   5576   6221   5898   5596   5392   5628  13535  26303      0      0  65535 
     0      0      0      0      0      0      0      0      0      0      0      0      0      0      0      0      0      0      0 
     0      0      0      0      0      0      0      0      0      0      0      0      0      0      0      0      0      0      0 
     0      0      0      0      0      0      0      0      0      0      0      0      0      0      0      0      0      0      0 
0 -1 -1
    20     29     41     18     36     42     34     14     29     38     37     37     22     29     36     24      0     19     20 
  5589   5646   6314   5671   5354   5342   5409   5630   5404   5503   5209   5418   5595   5633   5401   5719   9500   6007   6060 
 17236  13361     51    149   6314   5342   5646   5354   5589   5671   5503   5404   5630   5595   9500   5633   6007   5401   6060   5719   5418   5209   5409  13536  26304      0      0  65535 
     0      0      0      0      0      0      0      0      0      0      0      0      0      0      0      0      0      0      0 
     0      0      0      0      0      0      0      0      0      0      0      0      0      0      0      0      0      0      0 
     0      0      0      0      0      0      0      0      0      0      0      0      0      0      0      0      0      0      0 
0 -1 -1
    14     19     29     12     22     27     22     10     18     22     22     25     16     17     21     17      0     12     14 
  5202   5218   5754   5350   4995   4929   4872   5377   5104   5131   4798   4999   5323   5359   5017   5327   9341   5710   5719 
 17236  13361     51    150   5754   4929   5218   4995   5202   5350   5131   5104   5377   5323   9341   5359   5710   5017   5719   5327   4999   4798   4872  13537  26304      0      1  65535 
     0      0      0      0      0      0      0      0      0      0      0      0      0      0      0      0      0      0      0 
     0      0      0      0      0      0      0      0      0      0      0      0      0      0      0      0      0      0      0 
     0      0      0      0      0      0      0      0      0      0      0      0      0      0      0      0      0      0      0 
0 -1 -1
     7      8     14      6      6      9      9      5      6      5      7     12      9      5      5      8      0      5      8 
  4752   4732   5078   4985   4602   4445   4345   5080   4796   4744   4394   4575   5014   5066   4634   4901   9258   5396   5325 
 17236  13361     51    151   5078   4445   4732   4602   4752   4985   4744   4796   5080   5014   9258   5066   5396   4634   5325   4901   4575   4394   4345  13538  26304      1      0  65535 
     0      0      0      0      0      0      0      0      0      0      0      0      0      0      0      0      0      0      0 
     0      0      0      0      0      0      0      0      0      0      0      0      0      0      0      0      0      0      0 
     0      0      0      0      0      0      0      0      0      0      0      0      0      0      0      0      0      0      0 
0 -1 -1
     2      2      6      1      0      0      3      2      0      0      0      5      3      0      0      3      0      1      4 
  4455   4463   4700   4745   4403   4201   4059   4852   4611   4549   4180   4320   4782   4886   4431   4615   9252   5180   5023 
 17236  13361     51    152   4700   4201   4463   4403   4455   4745   4549   4611   4852   4782   9252   4886   5180   4431   5023   4615   4320   4180   4059  13538  26305      0      0  65535 
     0      0      0      0      0      0      0      0      0      0      0      0      0      0      0      0      0      0      0 
     0      0      0      0      0      0      0      0      0      0      0      0      0      0      0      0      0      0      0 
     0      0      0      0      0      0      0      0      0      0      0      0      0      0      0      0      0      0      0 
0 -1 -1
     0      0      3      0      0      0      0      0      0      0      0      1      0      0      0      0      0      0      1 
  4313   4353   4538   4626   4333   4118   3941   4731   4537   4480   4103   4198   4665   4812   4356   4482   9307   5074   4869 
 17236  13361     51    152   4538   4118   4353   4333   4313   4626   4480   4537   4731   4665   9307   4812   5074   4356   4869   4482   4198   4103   3941  13539  26304      0      0  65535 
     0      0      0      0      0      0      0      0      0      0      0      0      0      0      0      0      0      0      0 
     0      0      0      0      0      0      0      0      0      0      0      0      0      0      0      0      0      0      0 
     0      0      0      0      0      0      0      0      0      0      0      0      0      0      0      0      0      0      0 
0 -1 -1
     0      0      0      0      0      0      0      0      0      0      0      0      0      0      0      0      0      0      0 
  4204   4270   4405   4538   4294   4065   3842   4635   4493   4439   4048   4086   4566   4761   4308   4367   9396   4994   4736 
 17236  13361     51    153   4405   4065   4270   4294   4204   4538   4439   4493   4635   4566   9396   4761   4994   4308   4736   4367   4086   4048   3842  13539  26304      0      0  65535 
     0      0      0      0      0      0      0      0      0      0      0      0      0      0      0      0      0      0      0 
     0      0      0      0      0      0      0      0      0      0      0      0      0      0      0      0      0      0      0 
     0      0      0      0      0      0      0      0      0      0      0      0      0      0      0      0      0      0      0 
0 -1 -1
     0      0      0      0      0      0      0      0      0      0      0      0      0      0      0      0      0      0      0 
  4112   4202   4280   4462   4263   4021   3750   4539   4461   4407   4005   3976   4472   4722   4273   4260   9377   4924   4609 
 17236  13361     51    153   4280   4021   4202   4263   4112   4462   4407   4461   4539   4472   9377   4722   4924   4273   4609   4260   3976   4005   3750  13539  26304      0      1  65535 
     0      0      0      0      0      0      0      0      0      0      0      0      0      0      0      0      0      0      0 
     0      0      0      0      0      0      0      0      0      0      0      0      0      0      0      0      0      0      0 
     0      0      0      0      0      0      0      0      0      0      0      0      0      0      0      0      0      0      0 
0 -1 -1
     0      0      0      0      0      0      0      0      0      0      0      0      0      0      0      0      0      0      0 
  4036   4146   4160   4393   4240   3984   3672   4441   4433   4385   3968   3872   4379   4693   4243   4159   9394   4863   4495 
 17236  13361     51    153   4160   3984   4146   4240   4036   4393   4385   4433   4441   4379   9394   4693   4863   4243   4495   4159   3872   3968   3672  13539  26304      0      0  65535 
     0      0      0      0      0      0      0      0      0      0      0      0      0      0      0      0      0      0      0 
     0      0      0      0      0      0      0      0      0      0      0      0      0      0      0      0      0      0      0 
     0      0      0      0      0      0      0      0      0      0      0      0      0      0      0      0      0      0      0 
0 -1 -1
     0      0      0      0      0      0      0      0      0      0      0      0      0      0      0      0      0      0      0 
  3983   4108   4075   4337   4227   3959   3616   4365   4415   4367   3942   3795   4308   4670   4228   4081   9401   4816   4413 
 17236  13361     51    153   4075   3959   4108   4227   3983   4337   4367   4415   4365   4308   9401   4670   4816   4228   4413   4081   3795   3942   3616  13539  26304      0      0  65535 
     0      0      0      0      0      0      0      0      0      0      0      0      0      0      0      0      0      0      0 
     0      0      0      0      0      0      0      0      0      0      0      0      0      0      0      0      0      0      0 
     0      0      0      0      0      0      0      0      0      0      0      0      0      0      0      0      0      0      0 
0 -1 -1
     0      0      0      0      0      0      0      0      0      0      0      0      0      0      0      0      0      0      0 
  3950   4084   4027   4299   4218   3943   3585   4316   4403   4356   3928   3743   4267   4655   4217   4026   9455   4783   4355 
 17236  13361     51    153   4027   3943   4084   4218   3950   4299   4356   4403   4316   4267   9455   4655   4783   4217   4355   4026   3743   3928   3585  13541  26303      0      1  65535 
     0      0      0      0      0      0      0      0      0      0      0      0      0      0      0      0      0      0      0 
     0      0      0      0      0      0      0      0      0      0      0      0      0      0      0      0      0      0      0 
     0      0      0      0      0      0      0      0      0      0      0      0      0      0      0      0      0      0      0 
0 -1 -1
     0      0      0      0      0      0      0      0      0      0      0      0      0      0      0      0      3      0      0 
  3916   4052   3983   4252   4194   3915   3544   4253   4371   4332   3902   3695   4208   4607   4179   3960   9725   4732   4282 
 17236  13361     51    153   3983   3915   4052   4194   3916   4252   4332   4371   4253   4208   9725   4607   4732   4179   4282   3960   3695   3902   3544  13541  26304      0      0  65535 
     0      0      0      0      0      0      0      0      0      0      0      0      0      0      0      0      0      0      0 
     0      0      0      0      0      0      0      0      0      0      0      0      0      0      0      0      0      0      0 
     0      0      0      0      0      0      0      0      0      0      0      0      0      0      0      0      0      0      0 
0 -1 -1
     0      0      0      0      0      0      0      0      0      0      0      0      0      0      0      0      2      0      0 
  3861   4003   3927   4207   4146   3852   3482   4211   4324   4270   3853   3629   4160   4555   4131   3892   9711   4702   4256 
 17236  13361     51    153   3927   3852   4003   4146   3861   4207   4270   4324   4211   4160   9711   4555   4702   4131   4256   3892   3629   3853   3482  13542  26304      0      0  65535 
     0      0      0      0      0      0      0      0      0      0      0      0      0      0      0      0      0      0      0 
     0      0      0      0      0      0      0      0      0      0      0      0      0      0      0      0      0      0      0 
     0      0      0      0      0      0      0      0      0      0      0      0      0      0      0      0      0      0      0 
0 -1 -1
     0      0      0      0      0      0      0      0      0      0      0      0      0      0      0      0      0      0      0 
  3860   4001   3916   4205   4147   3850   3477   4211   4325   4263   3852   3619   4161   4553   4132   3893   9590   4701   4257 
 17236  13361     51    153   3916   3850   4001   4147   3860   4205   4263   4325   4211   4161   9590   4553   4701   4132   4257   3893   3619   3852   3477  13542  26304      0      0  65535 
     0      0      0      0      0      0      0      0      0      0      0      0      0      0      0      0      0      0      0 
     0      0      0      0      0      0      0      0      0      0      0      0      0      0      0      0      0      0      0 
     0      0      0      0      0      0      0      0      0      0      0      0      0      0      0      0      0      0      0 
0 -1 -1
     0      0      0      0      0      0      0      0      0      0      0      0      0      0      0      0      1      0      0 
  3860   4002   3917   4206   4146   3849   3478   4210   4324   4264   3854   3619   4162   4554   4132   3890   9633   4702   4255 
 17236  13361     51    153   3917   3849   4002   4146   3860   4206   4264   4324   4210   4162   9633   4554   4702   4132   4255   3890   3619   3854   3478  13543  26305      0      0  65535 
     0      0      0      0      0      0      0      0      0      0      0      0      0      0      0      0      0      0      0 
     0      0      0      0      0      0      0      0      0      0      0      0      0      0      0      0      0      0      0 
     0      0      0      0      0      0      0      0      0      0      0      0      0      0      0      0      0      0      0 
0 -1 -1
     0      0      0      0      0      0      0      0      0      0      0      0      0      0      0      0      1      0      0 
  3859   4002   3917   4205   4145   3849   3476   4212   4324   4263   3852   3618   4160   4553   4131   3890   9623   4701   4254 
 17236  13361     51    153   3917   3849   4002   4145   3859   4205   4263   4324   4212   4160   9623   4553   4701   4131   4254   3890   3618   3852   3476  13543  26303      0      0  65535 
     0      0      0      0      0      0      0      0      0      0      0      0      0      0      0      0      0      0      0 
     0      0      0      0      0      0      0      0      0      0      0      0      0      0      0      0      0      0      0 
     0      0      0      0      0      0      0      0      0      0      0      0      0      0      0      0      0      0      0 
0 -1 -1
     0      0      0      0      0      0      0      0      0      0      0      0      0      0      0      0      2      0      0 
  3860   4002   3917   4204   4144   3849   3478   4209   4323   4262   3852   3617   4161   4553   4130   3890   9672   4699   4255 
 17236  13361     51    153   3917   3849   4002   4144   3860   4204   4262   4323   4209   4161   9672   4553   4699   4130   4255   3890   3617   3852   3478  13539  26303      0      1  65535 
     0      0      0      0      0      0      0      0      0      0      0      0      0      0      0      0      0      0      0 
     0      0      0      0      0      0      0      0      0      0      0      0      0      0      0      0      0      0      0 
     0      0      0      0      0      0      0      0      0      0      0      0      0      0      0      0      0      0      0 
0 -1 -1
     0      0      0      0      0      0      0      0      0      0      0      0      0      0      0      0      0      0      0 
  3860   4002   3915   4204   4144   3846   3476   4210   4322   4262   3851   3617   4160   4553   4129   3890   9615   4700   4254 
 17236  13361     51    153   3915   3846   4002   4144   3860   4204   4262   4322   4210   4160   9615   4553   4700   4129   4254   3890   3617   3851   3476  13537  26303      0      0  65535 
     0      0      0      0      0      0      0      0      0      0      0      0      0      0      0      0      0      0      0 
     0      0      0      0      0      0      0      0      0      0      0      0      0      0      0      0      0      0      0 
     0      0      0      0      0      0      0      0      0      0      0      0      0      0      0      0      0      0      0 
0 -1 -1
     0      0      0      0      0      0      0      0      0      0      0      0      0      0      0      0      1      0      0 
  3858   4000   3915   4205   4144   3847   3475   4208   4322   4261   3851   3616   4161   4551   4130   3889   9662   4700   4254 
 17236  13361     51    153   3915   3847   4000   4144   3858   4205   4261   4322   4208   4161   9662   4551   4700   4130   4254   3889   3616   3851   3475  13538  26305      0      0  65535 
     0      0      0      0      0      0      0      0      0      0      0      0      0      0      0      0      0      0      0 
     0      0      0      0      0      0      0      0      0      0      0      0      0      0      0      0      0      0      0 
     0      0      0      0      0      0      0      0      0      0      0      0      0      0      0      0      0      0      0 
0 -1 -1
     0      0      0      0      0      0      0      0      0      0      0      0      0      0      0      0      5      0      0 
  3859   4000   3914   4204   4143   3847   3477   4209   4323   4261   3851   3616   4159   4551   4128   3889   9803   4699   4254 
 17236  13361     51    153   3914   3847   4000   4143   3859   4204   4261   4323   4209   4159   9803   4551   4699   4128   4254   3889   3616   3851   3477  13536  26304      0      0  65535 
     0      0      0      0      0      0      0      0      0      0      0      0      0      0      0      0      0      0      0 
     0      0      0      0      0      0      0      0      0      0      0      0      0      0      0      0      0      0      0 
     0      0      0      0      0      0      0      0      0      0      0      0      0      0      0      0      0      0      0 
0 -1 -1
     0      0      0      0      0      0      0      0      0      0      0      0      0      0      0      0      5      0      0 
  3859   4000   3914   4205   4143   3846   3475   4207   4321   4261   3851   3616   4160   4551   4127   3889   9810   4697   4253 
 17236  13361     51    153   3914   3846   4000   4143   3859   4205   4261   4321   4207   4160   9810   4551   4697   4127   4253   3889   3616   3851   3475  13539  26304      0      0  65535 
     0      0      0      0      0      0      0      0      0      0      0      0      0      0      0      0      0      0      0 
     0      0      0      0      0      0      0      0      0      0      0      0      0      0      0      0      0      0      0 
     0      0      0      0      0      0      0      0      0      0      0      0      0      0      0      0      0      0      0 
0 -1 -1
     0      0      0      0      0      0      0      0      0      0      0      0      0      0      0      0      0      0      0 
  3857   4000   3912   4203   4141   3845   3474   4207   4321   4259   3849   3616   4158   4550   4128   3887   9602   4698   4253 
 17236  13361     51    153   3912   3845   4000   4141   3857   4203   4259   4321   4207   4158   9602   4550   4698   4128   4253   3887   3616   3849   3474  13538  26304      0      0  65535 
     0      0      0      0      0      0      0      0      0      0      0      0      0      0      0      0      0      0      0 
     0      0      0      0      0      0      0      0      0      0      0      0      0      0      0      0      0      0      0 
     0      0      0      0      0      0      0      0      0      0      0      0      0      0      0      0      0      0      0 
0 -1 -1
     0      0      0      0      0      0      0      0      0      0      0      0      0      0      0      0      0      0      0 
  3857   3998   3913   4200   4141   3845   3473   4208   4319   4258   3848   3616   4156   4550   4128   3887   9534   4695   4252 
 17236  13361     51    153   3913   3845   3998   4141   3857   4200   4258   4319   4208   4156   9534   4550   4695   4128   4252   3887   3616   3848   3473  13537  26304      0      0  65535 
     0      0      0      0      0      0      0      0      0      0      0      0      0      0      0      0      0      0      0 
     0      0      0      0      0      0      0      0      0      0      0      0      0      0      0      0      0      0      0 
     0      0      0      0      0      0      0      0      0      0      0      0      0      0      0      0      0      0      0 
0 -1 -1
     0      0      0      0      0      0      0      0      0      0      0      0      0      0      0      0      0      0      0 
  3855   3998   3912   4203   4140   3845   3473   4209   4320   4260   3848   3615   4157   4549   4127   3886   9503   4695   4252 
 17236  13361     51    153   3912   3845   3998   4140   3855   4203   4260   4320   4209   4157   9503   4549   4695   4127   4252   3886   3615   3848   3473  13537  26304      0      0  65535 
     0      0      0      0      0      0      0      0      0      0      0      0      0      0      0      0      0      0      0 
     0      0      0      0      0      0      0      0      0      0      0      0      0      0      0      0      0      0      0 
     0      0      0      0      0      0      0      0      0      0      0      0      0      0      0      0      0      0      0 
0 -1 -1
     0      0      0      0      0      0      0      0      0      0      0      0      0      0      0      0      0      0      0 
  3857   3999   3913   4200   4140   3845   3472   4207   4319   4257   3847   3615   4157   4549   4126   3885   9532   4696   4251 
 17236  13361     51    153   3913   3845   3999   4140   3857   4200   4257   4319   4207   4157   9532   4549   4696   4126   4251   3885   3615   3847   3472  13537  26304      0      0  65535 
     0      0      0      0      0      0      0      0      0      0      0      0      0      0      0      0      0      0      0 
     0      0      0      0      0      0      0      0      0      0      0      0      0      0      0      0      0      0      0 
     0      0      0      0      0      0      0      0      0      0      0      0      0      0      0      0      0      0      0 
0 -1 -1
     0      0      0      0      0      0      0      0      0      0      0      0      0      0      0      0      0      0      0 
  3855   3999   3912   4200   4140   3845   3472   4206   4319   4259   3847   3614   4157   4548   4126   3885   9543   4695   4251 
 17236  13361     51    153   3912   3845   3999   4140   3855   4200   4259   4319   4206   4157   9543   4548   4695   4126   4251   3885   3614   3847   3472  13537  26304      0      1  65535 
     0      0      0      0      0      0      0      0      0      0      0      0      0      0      0      0      0      0      0 
     0      0      0      0      0      0      0      0      0      0      0      0      0      0      0      0      0      0      0 
     0      0      0      0      0      0      0      0      0      0      0      0      0      0      0      0      0      0      0 
0 -1 -1
     0      0      0      0      0      0      0      0      0      0      0      0      0      0      0      0      0      0      0 
  3855   3995   3911   4200   4139   3843   3472   4205   4319   4258   3846   3613   4155   4548   4126   3883   9548   4695   4250 
 17236  13361     51    153   3911   3843   3995   4139   3855   4200   4258   4319   4205   4155   9548   4548   4695   4126   4250   3883   3613   3846   3472  13536  26304      0      0  65535 
     0      0      0      0      0      0      0      0      0      0      0      0      0      0      0      0      0      0      0 
     0      0      0      0      0      0      0      0      0      0      0      0      0      0      0      0      0      0      0 
     0      0      0      0      0      0      0      0      0      0      0      0      0      0      0      0      0      0      0 
0 -1 -1
     0      0      0      0      0      0      0      0      0      0      0      0      0      0      0      0      0      0      0 
  3855   3998   3911   4199   4139   3843   3472   4205   4319   4257   3846   3613   4156   4546   4126   3885   9555   4694   4249 
 17236  13361     51    153   3911   3843   3998   4139   3855   4199   4257   4319   4205   4156   9555   4546   4694   4126   4249   3885   3613   3846   3472  13536  26304      0      0  65535 
     0      0      0      0      0      0      0      0      0      0      0      0      0      0      0      0      0      0      0 
     0      0      0      0      0      0      0      0      0      0      0      0      0      0      0      0      0      0      0 
     0      0      0      0      0      0      0      0      0      0      0      0      0      0      0      0      0      0      0 
0 -1 -1
     0      0      0      0      0      0      0      0      0      0      0      0      0      0      0      0      0      0      0 
  3856   3995   3910   4200   4140   3841   3472   4206   4318   4255   3845   3613   4154   4547   4124   3883   9555   4693   4250 
 17236  13361     51    153   3910   3841   3995   4140   3856   4200   4255   4318   4206   4154   9555   4547   4693   4124   4250   3883   3613   3845   3472  13541  26304      0      0  65535 
     0      0      0      0      0      0      0      0      0      0      0      0      0      0      0      0      0      0      0 
     0      0      0      0      0      0      0      0      0      0      0      0      0      0      0      0      0      0      0 
     0      0      0      0      0      0      0      0      0      0      0      0      0      0      0      0      0      0      0 
0 -1 -1
     0      0      0      0      0      0      0      0      0      0      0      0      0      0      0      0      0      0      0 
  3855   3995   3911   4200   4138   3843   3472   4205   4317   4256   3846   3613   4154   4547   4121   3882   9552   4693   4249 
 17236  13361     51    153   3911   3843   3995   4138   3855   4200   4256   4317   4205   4154   9552   4547   4693   4121   4249   3882   3613   3846   3472  13541  26304      0      0  65535 
     0      0      0      0      0      0      0      0      0      0      0      0      0      0      0      0      0      0      0 
     0      0      0      0      0      0      0      0      0      0      0      0      0      0      0      0      0      0      0 
     0      0      0      0      0      0      0      0      0      0      0      0      0      0      0      0      0      0      0 
0 -1 -1
     0      0      0      0      0      0      0      0      0      0      0      0      0      0      0      0      0      0      0 
  3853   3995   3910   4199   4138   3841   3471   4205   4318   4254   3844   3612   4155   4546   4123   3885   9513   4692   4249 
 17236  13361     51    153   3910   3841   3995   4138   3853   4199   4254   4318   4205   4155   9513   4546   4692   4123   4249   3885   3612   3844   3471  13540  26304      1      0  65535 
     0      0      0      0      0      0      0      0      0      0      0      0      0      0      0      0      0      0      0 
     0      0      0      0      0      0      0      0      0      0      0      0      0      0      0      0      0      0      0 
     0      0      0      0      0      0      0      0      0      0      0      0      0      0      0      0      0      0      0 
0 -1 -1
     0      0      0      0      0      0      0      0      0      0      0      0      0      0      0      0      0      0      0 
  3854   3995   3910   4198   4137   3839   3470   4204   4316   4255   3845   3612   4153   4545   4123   3882   9509   4691   4248 
 17236  13361     51    153   3910   3839   3995   4137   3854   4198   4255   4316   4204   4153   9509   4545   4691   4123   4248   3882   3612   3845   3470  13540  26304      1      0  65535 
     0      0      0      0      0      0      0      0      0      0      0      0      0      0      0      0      0      0      0 
     0      0      0      0      0      0      0      0      0      0      0      0      0      0      0      0      0      0      0 
     0      0      0      0      0      0      0      0      0      0      0      0      0      0      0      0      0      0      0 
0 -1 -1
