    86    117    126     85    171    148    139     82    150    188    178    194    119    206    206    138     22    136    121 
 13821  12871  13805  13055  11673  11231  13310  13743  11683  11920  12304  14034  12974  12817  12597  15340  11306  14876  16512 
 17236  13361     51    143  13805  11231  12871  11673  13821  13055  11920  11683  13743  12974  11306  12817  14876  12597  16512  15340  14034  12304  13310  13533  26306      0      0  65535 
     0      0      0      0      0      0      0      0      0      0      0      0      0      0      0      0      0      0      0 
     0      0      0      0      0      0      0      0      0      0      0      0      0      0      0      0      0      0      0 
     0      0      0      0      0      0      0      0      0      0      0      0      0      0      0      0      0      0      0 
0 -1 -1
    92    125    135     90    180    158    145     84    156    195    185    200    123    212    211    141     24    139    124 
 14178  13227  14197  13332  11907  11482  13577  13938  11846  12092  12479  14227  13129  12957  12741  15510  11401  15026  16695 
 17236  13361     51    142  14197  11482  13227  11907  14178  13332  12092  11846  13938  13129  11401  12957  15026  12741  16695  15510  14227  12479  13577  13533  26305      0      0  65535 
     0      0      0      0      0      0      0      0      0      0      0      0      0      0      0      0      0      0      0 
     0      0      0      0      0      0      0      0      0      0      0      0      0      0      0      0      0      0      0 
     0      0      0      0      0      0      0      0      0      0      0      0      0      0      0      0      0      0      0 
0 -1 -1
    97    131    139     95    186    163    146     87    161    198    185    198    126    214    211    140     25    139    122 
 14484  13466  14393  13588  12068  11616  13639  14136  11963  12163  12486  14180  13256  13003  12729  15425  11441  15001  16575 
 17236  13361     51    142  14393  11616  13466  12068  14484  13588  12163  11963  14136  13256  11441  13003  15001  12729  16575  15425  14180  12486  13639  13533  26304      0      0  65535 
     0      0      0      0      0      0      0      0      0      0      0      0      0      0      0      0      0      0      0 
     0      0      0      0      0      0      0      0      0      0      0      0      0      0      0      0      0      0      0 
     0      0      0      0      0      0      0      0      0      0      0      0      0      0      0      0      0      0      0 
0 -1 -1
    97    130    138     94    183    159    141     86    157    191    175    189    122    206    200    132     21    132    115 
 14478  13440  14348  13552  11994  11534  13409  14057  11858  12000  12229  13872  13121  12798  12445  15045  11265  14668  16113 
 17236  13361     51    142  14348  11534  13440  11994  14478  13552  12000  11858  14057  13121  11265  12798  14668  12445  16113  15045  13872  12229  13409  13533  26304      0      0  65535 
     0      0      0      0      0      0      0      0      0      0      0      0      0      0      0      0      0      0      0 
     0      0      0      0      0      0      0      0      0      0      0      0      0      0      0      0      0      0      0 
     0      0      0      0      0      0      0      0      0      0      0      0      0      0      0      0      0      0      0 
0 -1 -1
    84    114    122     80    156    135    119     74    131    158    143    160    103    170    162    111     14    109     96 
 13701  12714  13627  12792  11302  10872  12481  13269  11184  11241  11349  12888  12327  11950  11510  13952  10945  13621  14872 
 17236  13361     51    143  13627  10872  12714  11302  13701  12792  11241  11184  13269  12327  10945  11950  13621  11510  14872  13952  12888  11349  12481  13533  26306      0      0  65535 
     0      0      0      0      0      0      0      0      0      0      0      0      0      0      0      0      0      0      0 
     0      0      0      0      0      0      0      0      0      0      0      0      0      0      0      0      0      0      0 
     0      0      0      0      0      0      0      0      0      0      0      0      0      0      0      0      0      0      0 
0 -1 -1
    62     83     93     56    110     94     86     54     90    109     97    117     73    117    110     81      6     76     68 
 12256  11376  12253  11454  10134   9769  11044  11883  10089  10079  10106  11420  11068  10677  10200  12365  10608  12104  13103 
 17236  13361     51    146  12253   9769  11376  10134  12256  11454  10079  10089  11883  11068  10608  10677  12104  10200  13103  12365  11420  10106  11044  13533  26306      0      0  65535 
     0      0      0      0      0      0      0      0      0      0      0      0      0      0      0      0      0      0      0 
     0      0      0      0      0      0      0      0      0      0      0      0      0      0      0      0      0      0      0 
     0      0      0      0      0      0      0      0      0      0      0      0      0      0      0      0      0      0      0 
0 -1 -1
    36     48     57     30     60     50     49     30     46     57     51     69     42     62     58     48      0     42     39 
 10585   9845  10559  10004   8862   8593   9459  10296   8930   8882   8855   9791   9733   9357   8895  10651  10306  10532  11211 
 17236  13361     51    149  10559   8593   9845   8862  10585  10004   8882   8930  10296   9733  10306   9357  10532   8895  11211  10651   9791   8855   9459  13535  26304      0      0  65535 
     0      0      0      0      0      0      0      0      0      0      0      0      0      0      0      0      0      0      0 
     0      0      0      0      0      0      0      0      0      0      0      0      0      0      0      0      0      0      0 
     0      0      0      0      0      0      0      0      0      0      0      0      0      0      0      0      0      0      0 
0 -1 -1
    15     20     24     12     22     19     18     11     16     20     17     27     17     21     20     19      0     15     15 
  9230   8620   9032   8964   7914   7775   8094   9040   8132   8005   7929   8354   8707   8367   7949   9131  10073   9310   9621 
 17236  13361     51    151   9032   7775   8620   7914   9230   8964   8005   8132   9040   8707  10073   8367   9310   7949   9621   9131   8354   7929   8094  13535  26304      1      1  65535 
     0      0      0      0      0      0      0      0      0      0      0      0      0      0      0      0      0      0      0 
     0      0      0      0      0      0      0      0      0      0      0      0      0      0      0      0      0      0      0 
     0      0      0      0      0      0      0      0      0      0      0      0      0      0      0      0      0      0      0 
0 -1 -1
     0      1      1      0      0      0      0      0      0      0      0      0      0      0      0      0      0      0      0 
  8272   7808   7942   8289   7333   7255   7199   8229   7657   7509   7385   7392   8002   7773   7390   8082   9917   8492   8570 
 17236  13361     51    153   7942   7255   7808   7333   8272   8289   7509   7657   8229   8002   9917   7773   8492   7390   8570   8082   7392   7385   7199  13534  26305      0      0  65535 
     0      0      0      0      0      0      0      0      0      0      0      0      0      0      0      0      0      0      0 
     0      0      0      0      0      0      0      0      0      0      0      0      0      0      0      0      0      0      0 
     0      0      0      0      0      0      0      0      0      0      0      0      0      0      0      0      0      0      0 
0 -1 -1
     0      0      0      0      0      0      0      0      0      0      0      0      0      0      0      0      0      0      0 
  7561   7271   7187   7773   6976   6860   6588   7617   7302   7193   6974   6711   7460   7377   6992   7283   9818   7885   7756 
 17236  13361     51    154   7187   6860   7271   6976   7561   7773   7193   7302   7617   7460   9818   7377   7885   6992   7756   7283   6711   6974   6588  13534  26306      0      0  65535 
     0      0      0      0      0      0      0      0      0      0      0      0      0      0      0      0      0      0      0 
     0      0      0      0      0      0      0      0      0      0      0      0      0      0      0      0      0      0      0 
     0      0      0      0      0      0      0      0      0      0      0      0      0      0      0      0      0      0      0 
0 -1 -1
     0      0      0      0      0      0      0      0      0      0      0      0      0      0      0      0      0      0      0 
  7176   7018   6815   7493   6829   6661   6260   7293   7116   7037   6740   6363   7167   7196   6795   6862   9760   7581   7311 
 17236  13361     51    155   6815   6661   7018   6829   7176   7493   7037   7116   7293   7167   9760   7196   7581   6795   7311   6862   6363   6740   6260  13534  26305      1      1  65535 
     0      0      0      0      0      0      0      0      0      0      0      0      0      0      0      0      0      0      0 
     0      0      0      0      0      0      0      0      0      0      0      0      0      0      0      0      0      0      0 
     0      0      0      0      0      0      0      0      0      0      0      0      0      0      0      0      0      0      0 
0 -1 -1
     0      0      0      0      0      0      0      0      0      0      0      0      0      0      0      0      0      0      0 
  6754   6748   6466   7171   6733   6472   5992   6991   6948   6915   6533   6098   6914   7114   6683   6563   9706   7364   6926 
 17236  13361     51    155   6466   6472   6748   6733   6754   7171   6915   6948   6991   6914   9706   7114   7364   6683   6926   6563   6098   6533   5992  13544  26304      0      0  65535 
     0      0      0      0      0      0      0      0      0      0      0      0      0      0      0      0      0      0      0 
     0      0      0      0      0      0      0      0      0      0      0      0      0      0      0      0      0      0      0 
     0      0      0      0      0      0      0      0      0      0      0      0      0      0      0      0      0      0      0 
0 -1 -1
     0      0      0      0      0      0      0      0      0      0      0      0      0      0      0      0      0      0      0 
  6233   6408   6112   6739   6680   6268   5666   6605   6807   6807   6303   5841   6633   7096   6648   6280   9644   7256   6648 
 17236  13361     51    156   6112   6268   6408   6680   6233   6739   6807   6807   6605   6633   9644   7096   7256   6648   6648   6280   5841   6303   5666  13543  26304      0      1  65535 
     0      0      0      0      0      0      0      0      0      0      0      0      0      0      0      0      0      0      0 
     0      0      0      0      0      0      0      0      0      0      0      0      0      0      0      0      0      0      0 
     0      0      0      0      0      0      0      0      0      0      0      0      0      0      0      0      0      0      0 
0 -1 -1
     0      0      0      0      0      0      0      0      0      0      0      0      0      0      0      0      0      0      0 
  6166   6349   6072   6649   6680   6249   5639   6592   6797   6806   6298   5842   6629   7096   6647   6283   9650   7254   6646 
 17236  13361     51    156   6072   6249   6349   6680   6166   6649   6806   6797   6592   6629   9650   7096   7254   6647   6646   6283   5842   6298   5639  13538  26304      0      0  65535 
     0      0      0      0      0      0      0      0      0      0      0      0      0      0      0      0      0      0      0 
     0      0      0      0      0      0      0      0      0      0      0      0      0      0      0      0      0      0      0 
     0      0      0      0      0      0      0      0      0      0      0      0      0      0      0      0      0      0      0 
0 -1 -1
     0      0      0      0      0      0      0      0      0      0      0      0      0      0      0      0      0      0      0 
  6166   6347   6072   6651   6679   6248   5638   6591   6797   6805   6298   5841   6628   7095   6647   6280   9650   7254   6646 
 17236  13361     51    156   6072   6248   6347   6679   6166   6651   6805   6797   6591   6628   9650   7095   7254   6647   6646   6280   5841   6298   5638  13538  26306      0      0  65535 
     0      0      0      0      0      0      0      0      0      0      0      0      0      0      0      0      0      0      0 
     0      0      0      0      0      0      0      0      0      0      0      0      0      0      0      0      0      0      0 
     0      0      0      0      0      0      0      0      0      0      0      0      0      0      0      0      0      0      0 
0 -1 -1
     0      0      0      0      0      0      0      0      0      0      0      0      0      0      0      0      0      0      0 
  6166   6346   6071   6650   6680   6247   5638   6590   6796   6804   6297   5842   6627   7094   6645   6279   9640   7253   6646 
 17236  13361     51    156   6071   6247   6346   6680   6166   6650   6804   6796   6590   6627   9640   7094   7253   6645   6646   6279   5842   6297   5638  13538  26306      0      0  65535 
     0      0      0      0      0      0      0      0      0      0      0      0      0      0      0      0      0      0      0 
     0      0      0      0      0      0      0      0      0      0      0      0      0      0      0      0      0      0      0 
     0      0      0      0      0      0      0      0      0      0      0      0      0      0      0      0      0      0      0 
0 -1 -1
     0      0      0      0      0      0      0      0      0      0      0      0      0      0      0      0      0      0      0 
  6168   6346   6072   6650   6678   6246   5638   6591   6796   6804   6297   5842   6626   7092   6646   6280   9642   7252   6645 
 17236  13361     51    156   6072   6246   6346   6678   6168   6650   6804   6796   6591   6626   9642   7092   7252   6646   6645   6280   5842   6297   5638  13538  26305      0      0  65535 
     0      0      0      0      0      0      0      0      0      0      0      0      0      0      0      0      0      0      0 
     0      0      0      0      0      0      0      0      0      0      0      0      0      0      0      0      0      0      0 
     0      0      0      0      0      0      0      0      0      0      0      0      0      0      0      0      0      0      0 
0 -1 -1
     0      0      0      0      0      0      0      0      0      0      0      0      0      0      0      0      0      0      0 
  6166   6346   6071   6648   6678   6247   5640   6592   6795   6803   6296   5842   6627   7093   6644   6280   9648   7251   6644 
 17236  13361     51    156   6071   6247   6346   6678   6166   6648   6803   6795   6592   6627   9648   7093   7251   6644   6644   6280   5842   6296   5640  13538  26305      0      0  65535 
     0      0      0      0      0      0      0      0      0      0      0      0      0      0      0      0      0      0      0 
     0      0      0      0      0      0      0      0      0      0      0      0      0      0      0      0      0      0      0 
     0      0      0      0      0      0      0      0      0      0      0      0      0      0      0      0      0      0      0 
0 -1 -1
     0      0      0      0      0      0      0      0      0      0      0      0      0      0      0      0      0      0      0 
  6169   6347   6073   6648   6678   6246   5639   6591   6795   6803   6296   5842   6625   7092   6644   6280   9645   7252   6646 
 17236  13361     51    156   6073   6246   6347   6678   6169   6648   6803   6795   6591   6625   9645   7092   7252   6644   6646   6280   5842   6296   5639  13538  26304      0      0  65535 
     0      0      0      0      0      0      0      0      0      0      0      0      0      0      0      0      0      0      0 
     0      0      0      0      0      0      0      0      0      0      0      0      0      0      0      0      0      0      0 
     0      0      0      0      0      0      0      0      0      0      0      0      0      0      0      0      0      0      0 
0 -1 -1
     0      0      0      0      0      0      0      0      0      0      0      0      0      0      0      0      0      0      0 
  6168   6345   6073   6648   6678   6245   5639   6591   6794   6802   6295   5843   6626   7093   6643   6281   9651   7254   6646 
 17236  13361     51    156   6073   6245   6345   6678   6168   6648   6802   6794   6591   6626   9651   7093   7254   6643   6646   6281   5843   6295   5639  13539  26304      0      0  65535 
     0      0      0      0      0      0      0      0      0      0      0      0      0      0      0      0      0      0      0 
     0      0      0      0      0      0      0      0      0      0      0      0      0      0      0      0      0      0      0 
     0      0      0      0      0      0      0      0      0      0      0      0      0      0      0      0      0      0      0 
0 -1 -1
     0      0      0      0      0      0      0      0      0      0      0      0      0      0      0      0      0      0      0 
  6169   6347   6072   6649   6678   6245   5641   6593   6796   6800   6297   5844   6627   7090   6643   6280   9642   7253   6647 
 17236  13361     51    156   6072   6245   6347   6678   6169   6649   6800   6796   6593   6627   9642   7090   7253   6643   6647   6280   5844   6297   5641  13539  26304      0      0  65535 
     0      0      0      0      0      0      0      0      0      0      0      0      0      0      0      0      0      0      0 
     0      0      0      0      0      0      0      0      0      0      0      0      0      0      0      0      0      0      0 
     0      0      0      0      0      0      0      0      0      0      0      0      0      0      0      0      0      0      0 
0 -1 -1
     0      0      0      0      0      0      0      0      0      0      0      0      0      0      0      0      0      0      0 
  6168   6347   6075   6649   6678   6245   5639   6592   6794   6799   6296   5845   6626   7092   6643   6281   9643   7250   6647 
 17236  13361     51    156   6075   6245   6347   6678   6168   6649   6799   6794   6592   6626   9643   7092   7250   6643   6647   6281   5845   6296   5639  13538  26304      0      1  65535 
     0      0      0      0      0      0      0      0      0      0      0      0      0      0      0      0      0      0      0 
     0      0      0      0      0      0      0      0      0      0      0      0      0      0      0      0      0      0      0 
     0      0      0      0      0      0      0      0      0      0      0      0      0      0      0      0      0      0      0 
0 -1 -1
     0      0      0      0      0      0      0      0      0      0      0      0      0      0      0      0      0      0      0 
  6171   6347   6075   6650   6678   6245   5639   6592   6794   6801   6295   5844   6626   7092   6643   6282   9658   7252   6645 
 17236  13361     51    156   6075   6245   6347   6678   6171   6650   6801   6794   6592   6626   9658   7092   7252   6643   6645   6282   5844   6295   5639  13543  26304      0      1  65535 
     0      0      0      0      0      0      0      0      0      0      0      0      0      0      0      0      0      0      0 
     0      0      0      0      0      0      0      0      0      0      0      0      0      0      0      0      0      0      0 
     0      0      0      0      0      0      0      0      0      0      0      0      0      0      0      0      0      0      0 
0 -1 -1
     0      0      0      0      0      0      0      0      0      0      0      0      0      0      0      0      0      0      0 
  6170   6348   6074   6650   6676   6244   5639   6593   6793   6801   6296   5844   6626   7090   6643   6281   9654   7254   6647 
 17236  13361     51    156   6074   6244   6348   6676   6170   6650   6801   6793   6593   6626   9654   7090   7254   6643   6647   6281   5844   6296   5639  13553  26304      0      0  65535 
     0      0      0      0      0      0      0      0      0      0      0      0      0      0      0      0      0      0      0 
     0      0      0      0      0      0      0      0      0      0      0      0      0      0      0      0      0      0      0 
     0      0      0      0      0      0      0      0      0      0      0      0      0      0      0      0      0      0      0 
0 -1 -1
     0      0      0      0      0      0      0      0      0      0      0      0      0      0      0      0      0      0      0 
  6172   6349   6077   6650   6677   6245   5642   6593   6794   6800   6296   5845   6626   7092   6642   6282   9642   7253   6648 
 17236  13361     51    156   6077   6245   6349   6677   6172   6650   6800   6794   6593   6626   9642   7092   7253   6642   6648   6282   5845   6296   5642  13539  26304      0      0  65535 
     0      0      0      0      0      0      0      0      0      0      0      0      0      0      0      0      0      0      0 
     0      0      0      0      0      0      0      0      0      0      0      0      0      0      0      0      0      0      0 
     0      0      0      0      0      0      0      0      0      0      0      0      0      0      0      0      0      0      0 
0 -1 -1
     0      0      0      0      0      0      0      0      0      0      0      0      0      0      0      0      0      0      0 
  6171   6348   6077   6651   6678   6245   5641   6594   6793   6800   6296   5845   6627   7090   6643   6282   9645   7252   6648 
 17236  13361     51    156   6077   6245   6348   6678   6171   6651   6800   6793   6594   6627   9645   7090   7252   6643   6648   6282   5845   6296   5641  13539  26304      0      0  65535 
     0      0      0      0      0      0      0      0      0      0      0      0      0      0      0      0      0      0      0 
     0      0      0      0      0      0      0      0      0      0      0      0      0      0      0      0      0      0      0 
     0      0      0      0      0      0      0      0      0      0      0      0      0      0      0      0      0      0      0 
0 -1 -1
     0      0      0      0      0      0      0      0      0      0      0      0      0      0      0      0      0      0      0 
  6172   6349   6076   6650   6676   6245   5642   6594   6793   6800   6296   5845   6626   7091   6642   6283   9645   7253   6648 
 17236  13361     51    156   6076   6245   6349   6676   6172   6650   6800   6793   6594   6626   9645   7091   7253   6642   6648   6283   5845   6296   5642  13539  26304      0      0  65535 
     0      0      0      0      0      0      0      0      0      0      0      0      0      0      0      0      0      0      0 
     0      0      0      0      0      0      0      0      0      0      0      0      0      0      0      0      0      0      0 
     0      0      0      0      0      0      0      0      0      0      0      0      0      0      0      0      0      0      0 
0 -1 -1
     0      0      0      0      0      0      0      0      0      0      0      0      0      0      0      0      0      0      0 
  6172   6349   6078   6650   6677   6245   5642   6594   6793   6799   6295   5846   6626   7091   6643   6282   9650   7254   6647 
 17236  13361     51    156   6078   6245   6349   6677   6172   6650   6799   6793   6594   6626   9650   7091   7254   6643   6647   6282   5846   6295   5642  13537  26304      0      0  65535 
     0      0      0      0      0      0      0      0      0      0      0      0      0      0      0      0      0      0      0 
     0      0      0      0      0      0      0      0      0      0      0      0      0      0      0      0      0      0      0 
     0      0      0      0      0      0      0      0      0      0      0      0      0      0      0      0      0      0      0 
0 -1 -1
     0      0      0      0      0      0      0      0      0      0      0      0      0      0      0      0      0      0      0 
  6173   6348   6077   6652   6676   6246   5642   6594   6791   6799   6296   5847   6625   7090   6641   6283   9655   7254   6649 
 17236  13361     51    156   6077   6246   6348   6676   6173   6652   6799   6791   6594   6625   9655   7090   7254   6641   6649   6283   5847   6296   5642  13531  26304      0      0  65535 
     0      0      0      0      0      0      0      0      0      0      0      0      0      0      0      0      0      0      0 
     0      0      0      0      0      0      0      0      0      0      0      0      0      0      0      0      0      0      0 
     0      0      0      0      0      0      0      0      0      0      0      0      0      0      0      0      0      0      0 
0 -1 -1
     0      0      0      0      0      0      0      0      0      0      0      0      0      0      0      0      0      0      0 
  6173   6349   6078   6652   6675   6246   5643   6596   6793   6799   6295   5847   6626   7090   6642   6284   9642   7253   6647 
 17236  13361     51    156   6078   6246   6349   6675   6173   6652   6799   6793   6596   6626   9642   7090   7253   6642   6647   6284   5847   6295   5643  13532  26304      0      0  65535 
     0      0      0      0      0      0      0      0      0      0      0      0      0      0      0      0      0      0      0 
     0      0      0      0      0      0      0      0      0      0      0      0      0      0      0      0      0      0      0 
     0      0      0      0      0      0      0      0      0      0      0      0      0      0      0      0      0      0      0 
0 -1 -1
     0      0      0      0      0      0      0      0      0      0      0      0      0      0      0      0      0      0      0 
  6174   6350   6077   6653   6677   6245   5643   6596   6793   6799   6295   5847   6627   7091   6642   6283   9647   7253   6649 
 17236  13361     51    156   6077   6245   6350   6677   6174   6653   6799   6793   6596   6627   9647   7091   7253   6642   6649   6283   5847   6295   5643  13531  26303      0      0  65535 
     0      0      0      0      0      0      0      0      0      0      0      0      0      0      0      0      0      0      0 
     0      0      0      0      0      0      0      0      0      0      0      0      0      0      0      0      0      0      0 
     0      0      0      0      0      0      0      0      0      0      0      0      0      0      0      0      0      0      0 
0 -1 -1
     0      0      0      0      0      0      0      0      0      0      0      0      0      0      0      0      0      0      0 
  6175   6350   6079   6651   6678   6245   5643   6595   6792   6798   6294   5849   6628   7089   6643   6284   9641   7254   6650 
 17236  13361     51    156   6079   6245   6350   6678   6175   6651   6798   6792   6595   6628   9641   7089   7254   6643   6650   6284   5849   6294   5643  13541  26303      0      0  65535 
     0      0      0      0      0      0      0      0      0      0      0      0      0      0      0      0      0      0      0 
     0      0      0      0      0      0      0      0      0      0      0      0      0      0      0      0      0      0      0 
     0      0      0      0      0      0      0      0      0      0      0      0      0      0      0      0      0      0      0 
0 -1 -1
