    12     15     16     12     17     18     18     12     19     19     21     24     22     24     21     20      0     23     19 
  4841   4791   4828   5071   4640   4411   4382   5278   4954   4793   4458   4531   5357   5282   4710   5054   9586   6006   5716 
 17236  13361     51    151   4828   4411   4791   4640   4841   5071   4793   4954   5278   5357   9586   5282   6006   4710   5716   5054   4531   4458   4382  13545  26304      0      0  65535 
     0      0      0      0      0      0      0      0      0      0      0      0      0      0      0      0      0      0      0 
     0      0      0      0      0      0      0      0      0      0      0      0      0      0      0      0      0      0      0 
     0      0      0      0      0      0      0      0      0      0      0      0      0      0      0      0      0      0      0 
0 -1 -1
    14     17     18     14     21     21     21     14     23     24     25     28     25     29     25     23      0     27     22 
  4947   4894   4933   5182   4737   4500   4508   5412   5056   4902   4576   4654   5508   5404   4819   5241   9725   6217   5928 
 17236  13361     51    150   4933   4500   4894   4737   4947   5182   4902   5056   5412   5508   9725   5404   6217   4819   5928   5241   4654   4576   4508  13545  26304      0      0  65535 
     0      0      0      0      0      0      0      0      0      0      0      0      0      0      0      0      0      0      0 
     0      0      0      0      0      0      0      0      0      0      0      0      0      0      0      0      0      0      0 
     0      0      0      0      0      0      0      0      0      0      0      0      0      0      0      0      0      0      0 
0 -1 -1
    14     18     19     15     23     23     23     15     25     27     28     30     27     33     28     25      0     31     24 
  4993   4946   4984   5238   4790   4553   4586   5485   5114   4971   4652   4724   5593   5483   4893   5356   9890   6361   6067 
 17236  13361     51    150   4984   4553   4946   4790   4993   5238   4971   5114   5485   5593   9890   5483   6361   4893   6067   5356   4724   4652   4586  13545  26305      0      0  65535 
     0      0      0      0      0      0      0      0      0      0      0      0      0      0      0      0      0      0      0 
     0      0      0      0      0      0      0      0      0      0      0      0      0      0      0      0      0      0      0 
     0      0      0      0      0      0      0      0      0      0      0      0      0      0      0      0      0      0      0 
0 -1 -1
    15     19     20     16     24     24     23     15     26     28     28     30     28     34     29     26      0     32     24 
  5021   4972   5012   5267   4818   4586   4593   5520   5144   5006   4665   4734   5630   5511   4914   5382   9823   6408   6103 
 17236  13361     51    150   5012   4586   4972   4818   5021   5267   5006   5144   5520   5630   9823   5511   6408   4914   6103   5382   4734   4665   4593  13546  26305      0      0  65535 
     0      0      0      0      0      0      0      0      0      0      0      0      0      0      0      0      0      0      0 
     0      0      0      0      0      0      0      0      0      0      0      0      0      0      0      0      0      0      0 
     0      0      0      0      0      0      0      0      0      0      0      0      0      0      0      0      0      0      0 
0 -1 -1
    13     17     18     14     20     21     20     14     22     23     24     26     24     28     24     23      0     27     21 
  4929   4887   4919   5171   4725   4494   4472   5409   5039   4892   4541   4616   5480   5373   4786   5211   9531   6199   5899 
 17236  13361     51    150   4919   4494   4887   4725   4929   5171   4892   5039   5409   5480   9531   5373   6199   4786   5899   5211   4616   4541   4472  13547  26304      0      0  65535 
     0      0      0      0      0      0      0      0      0      0      0      0      0      0      0      0      0      0      0 
     0      0      0      0      0      0      0      0      0      0      0      0      0      0      0      0      0      0      0 
     0      0      0      0      0      0      0      0      0      0      0      0      0      0      0      0      0      0      0 
0 -1 -1
    11     14     15     11     15     16     16     11     16     16     18     22     19     20     17     18      0     21     17 
  4782   4754   4781   5019   4589   4361   4297   5230   4886   4729   4379   4452   5262   5184   4619   4980   9336   5912   5630 
 17236  13361     51    150   4781   4361   4754   4589   4782   5019   4729   4886   5230   5262   9336   5184   5912   4619   5630   4980   4452   4379   4297  13547  26304      0      0  65535 
     0      0      0      0      0      0      0      0      0      0      0      0      0      0      0      0      0      0      0 
     0      0      0      0      0      0      0      0      0      0      0      0      0      0      0      0      0      0      0 
     0      0      0      0      0      0      0      0      0      0      0      0      0      0      0      0      0      0      0 
0 -1 -1
     9     11     12      9     10     11     12      8     11     10     13     17     14     13     11     14      0     15     14 
  4622   4615   4635   4862   4466   4237   4133   5053   4749   4592   4237   4298   5059   5023   4482   4774   9297   5668   5390 
 17236  13361     51    151   4635   4237   4615   4466   4622   4862   4592   4749   5053   5059   9297   5023   5668   4482   5390   4774   4298   4237   4133  13548  26304      0      0  65535 
     0      0      0      0      0      0      0      0      0      0      0      0      0      0      0      0      0      0      0 
     0      0      0      0      0      0      0      0      0      0      0      0      0      0      0      0      0      0      0 
     0      0      0      0      0      0      0      0      0      0      0      0      0      0      0      0      0      0      0 
0 -1 -1
     6      8      9      6      6      7      9      6      7      7      9     13     11      9      8     11      0     12     11 
  4486   4500   4510   4733   4374   4142   4008   4904   4650   4499   4140   4177   4901   4913   4389   4619   9354   5489   5210 
 17236  13361     51    151   4510   4142   4500   4374   4486   4733   4499   4650   4904   4901   9354   4913   5489   4389   5210   4619   4177   4140   4008  13547  26304      0      0  65535 
     0      0      0      0      0      0      0      0      0      0      0      0      0      0      0      0      0      0      0 
     0      0      0      0      0      0      0      0      0      0      0      0      0      0      0      0      0      0      0 
     0      0      0      0      0      0      0      0      0      0      0      0      0      0      0      0      0      0      0 
0 -1 -1
     4      5      6      4      3      4      6      4      4      3      5     10      7      5      4      8      0      8      8 
  4344   4379   4379   4602   4293   4052   3878   4745   4557   4415   4044   4053   4737   4811   4302   4458   9454   5309   5015 
 17236  13361     51    151   4379   4052   4379   4293   4344   4602   4415   4557   4745   4737   9454   4811   5309   4302   5015   4458   4053   4044   3878  13547  26304      0      0  65535 
     0      0      0      0      0      0      0      0      0      0      0      0      0      0      0      0      0      0      0 
     0      0      0      0      0      0      0      0      0      0      0      0      0      0      0      0      0      0      0 
     0      0      0      0      0      0      0      0      0      0      0      0      0      0      0      0      0      0      0 
0 -1 -1
     3      3      4      2      1      1      4      2      1      0      3      7      4      1      2      6      0      5      5 
  4237   4287   4274   4505   4235   3981   3782   4629   4491   4358   3975   3952   4614   4736   4238   4336   9536   5177   4865 
 17236  13361     51    152   4274   3981   4287   4235   4237   4505   4358   4491   4629   4614   9536   4736   5177   4238   4865   4336   3952   3975   3782  13547  26305      0      0  65535 
     0      0      0      0      0      0      0      0      0      0      0      0      0      0      0      0      0      0      0 
     0      0      0      0      0      0      0      0      0      0      0      0      0      0      0      0      0      0      0 
     0      0      0      0      0      0      0      0      0      0      0      0      0      0      0      0      0      0      0 
0 -1 -1
     1      1      2      1      0      0      2      0      0      0      1      4      1      0      0      4      0      2      3 
  4136   4199   4179   4415   4185   3921   3692   4521   4430   4306   3913   3860   4503   4670   4182   4220   9611   5057   4725 
 17236  13361     51    152   4179   3921   4199   4185   4136   4415   4306   4430   4521   4503   9611   4670   5057   4182   4725   4220   3860   3913   3692  13550  26304      0      0  65535 
     0      0      0      0      0      0      0      0      0      0      0      0      0      0      0      0      0      0      0 
     0      0      0      0      0      0      0      0      0      0      0      0      0      0      0      0      0      0      0 
     0      0      0      0      0      0      0      0      0      0      0      0      0      0      0      0      0      0      0 
0 -1 -1
     0      0      0      0      0      0      0      0      0      0      0      2      0      0      0      2      0      0      1 
  4052   4129   4096   4335   4141   3869   3612   4432   4379   4263   3859   3776   4406   4614   4133   4115   9686   4950   4603 
 17236  13361     51    152   4096   3869   4129   4141   4052   4335   4263   4379   4432   4406   9686   4614   4950   4133   4603   4115   3776   3859   3612  13550  26304      0      0  65535 
     0      0      0      0      0      0      0      0      0      0      0      0      0      0      0      0      0      0      0 
     0      0      0      0      0      0      0      0      0      0      0      0      0      0      0      0      0      0      0 
     0      0      0      0      0      0      0      0      0      0      0      0      0      0      0      0      0      0      0 
0 -1 -1
     0      0      0      0      0      0      0      0      0      0      0      0      0      0      0      0      0      0      0 
  3949   4042   3991   4242   4091   3809   3513   4329   4316   4211   3792   3669   4291   4544   4073   3985   9773   4820   4441 
 17236  13361     51    152   3991   3809   4042   4091   3949   4242   4211   4316   4329   4291   9773   4544   4820   4073   4441   3985   3669   3792   3513  13550  26304      0      0  65535 
     0      0      0      0      0      0      0      0      0      0      0      0      0      0      0      0      0      0      0 
     0      0      0      0      0      0      0      0      0      0      0      0      0      0      0      0      0      0      0 
     0      0      0      0      0      0      0      0      0      0      0      0      0      0      0      0      0      0      0 
0 -1 -1
     0      0      0      0      0      0      0      0      0      0      0      0      0      0      0      0      0      0      0 
  3844   3957   3885   4156   4044   3752   3416   4229   4258   4161   3731   3560   4180   4479   4016   3858  10002   4694   4276 
 17236  13361     51    152   3885   3752   3957   4044   3844   4156   4161   4258   4229   4180  10002   4479   4694   4016   4276   3858   3560   3731   3416  13550  26305      0      1  65535 
     0      0      0      0      0      0      0      0      0      0      0      0      0      0      0      0      0      0      0 
     0      0      0      0      0      0      0      0      0      0      0      0      0      0      0      0      0      0      0 
     0      0      0      0      0      0      0      0      0      0      0      0      0      0      0      0      0      0      0 
0 -1 -1
     0      0      0      0      0      0      0      0      0      0      0      0      0      0      0      0      0      0      0 
  3750   3888   3799   4084   4003   3706   3350   4136   4208   4116   3687   3482   4089   4429   3974   3772  10127   4603   4164 
 17236  13361     51    152   3799   3706   3888   4003   3750   4084   4116   4208   4136   4089  10127   4429   4603   3974   4164   3772   3482   3687   3350  13550  26305      0      1  65535 
     0      0      0      0      0      0      0      0      0      0      0      0      0      0      0      0      0      0      0 
     0      0      0      0      0      0      0      0      0      0      0      0      0      0      0      0      0      0      0 
     0      0      0      0      0      0      0      0      0      0      0      0      0      0      0      0      0      0      0 
0 -1 -1
     0      0      0      0      0      0      0      0      0      0      0      0      0      0      0      0      4      0      0 
  3669   3812   3727   4014   3954   3650   3289   4042   4154   4068   3644   3421   4002   4379   3933   3702  10749   4524   4071 
 17236  13361     51    153   3727   3650   3812   3954   3669   4014   4068   4154   4042   4002  10749   4379   4524   3933   4071   3702   3421   3644   3289  13551  26304      0      1  65535 
     0      0      0      0      0      0      0      0      0      0      0      0      0      0      0      0      0      0      0 
     0      0      0      0      0      0      0      0      0      0      0      0      0      0      0      0      0      0      0 
     0      0      0      0      0      0      0      0      0      0      0      0      0      0      0      0      0      0      0 
0 -1 -1
     0      0      0      0      0      0      0      0      0      0      0      0      0      0      0      0     10      0      0 
  3621   3754   3682   3958   3884   3592   3241   3973   4075   4006   3588   3374   3917   4301   3869   3636  11036   4444   4008 
 17236  13361     51    153   3682   3592   3754   3884   3621   3958   4006   4075   3973   3917  11036   4301   4444   3869   4008   3636   3374   3588   3241  13551  26304      0      0  65535 
     0      0      0      0      0      0      0      0      0      0      0      0      0      0      0      0      0      0      0 
     0      0      0      0      0      0      0      0      0      0      0      0      0      0      0      0      0      0      0 
     0      0      0      0      0      0      0      0      0      0      0      0      0      0      0      0      0      0      0 
0 -1 -1
     0      0      0      0      0      0      0      0      0      0      0      0      0      0      0      0     11      0      0 
  3622   3752   3682   3957   3881   3590   3241   3972   4076   4001   3590   3375   3916   4297   3869   3638  11094   4442   4010 
 17236  13361     51    153   3682   3590   3752   3881   3622   3957   4001   4076   3972   3916  11094   4297   4442   3869   4010   3638   3375   3590   3241  13551  26304      0      0  65535 
     0      0      0      0      0      0      0      0      0      0      0      0      0      0      0      0      0      0      0 
     0      0      0      0      0      0      0      0      0      0      0      0      0      0      0      0      0      0      0 
     0      0      0      0      0      0      0      0      0      0      0      0      0      0      0      0      0      0      0 
0 -1 -1
     0      0      0      0      0      0      0      0      0      0      0      0      0      0      0      0      5      0      0 
  3621   3753   3681   3959   3880   3592   3242   3969   4076   4003   3591   3376   3917   4296   3867   3635  10821   4441   4008 
 17236  13361     51    153   3681   3592   3753   3880   3621   3959   4003   4076   3969   3917  10821   4296   4441   3867   4008   3635   3376   3591   3242  13551  26305      0      0  65535 
     0      0      0      0      0      0      0      0      0      0      0      0      0      0      0      0      0      0      0 
     0      0      0      0      0      0      0      0      0      0      0      0      0      0      0      0      0      0      0 
     0      0      0      0      0      0      0      0      0      0      0      0      0      0      0      0      0      0      0 
0 -1 -1
     0      0      0      0      0      0      0      0      0      0      0      0      0      0      0      0      6      0      0 
  3621   3753   3681   3956   3880   3592   3241   3970   4074   4002   3590   3375   3916   4297   3867   3635  10883   4441   4008 
 17236  13361     51    153   3681   3592   3753   3880   3621   3956   4002   4074   3970   3916  10883   4297   4441   3867   4008   3635   3375   3590   3241  13588  26305      0      0  65535 
     0      0      0      0      0      0      0      0      0      0      0      0      0      0      0      0      0      0      0 
     0      0      0      0      0      0      0      0      0      0      0      0      0      0      0      0      0      0      0 
     0      0      0      0      0      0      0      0      0      0      0      0      0      0      0      0      0      0      0 
0 -1 -1
     0      0      0      0      0      0      0      0      0      0      0      0      0      0      0      0      6      0      0 
  3620   3751   3680   3956   3879   3591   3240   3969   4073   4001   3589   3374   3916   4295   3865   3636  10874   4440   4007 
 17236  13361     51    153   3680   3591   3751   3879   3620   3956   4001   4073   3969   3916  10874   4295   4440   3865   4007   3636   3374   3589   3240  13563  26305      0      0  65535 
     0      0      0      0      0      0      0      0      0      0      0      0      0      0      0      0      0      0      0 
     0      0      0      0      0      0      0      0      0      0      0      0      0      0      0      0      0      0      0 
     0      0      0      0      0      0      0      0      0      0      0      0      0      0      0      0      0      0      0 
0 -1 -1
     0      0      0      0      0      0      0      0      0      0      0      0      0      0      0      0      4      0      0 
  3620   3753   3680   3955   3879   3591   3240   3968   4073   4000   3588   3373   3914   4295   3866   3636  10768   4439   4008 
 17236  13361     51    153   3680   3591   3753   3879   3620   3955   4000   4073   3968   3914  10768   4295   4439   3866   4008   3636   3373   3588   3240  13550  26304      0      0  65535 
     0      0      0      0      0      0      0      0      0      0      0      0      0      0      0      0      0      0      0 
     0      0      0      0      0      0      0      0      0      0      0      0      0      0      0      0      0      0      0 
     0      0      0      0      0      0      0      0      0      0      0      0      0      0      0      0      0      0      0 
0 -1 -1
     0      0      0      0      0      0      0      0      0      0      0      0      0      0      0      0      5      0      0 
  3619   3750   3679   3955   3879   3589   3240   3969   4074   4001   3588   3374   3916   4294   3866   3636  10819   4441   4006 
 17236  13361     51    153   3679   3589   3750   3879   3619   3955   4001   4074   3969   3916  10819   4294   4441   3866   4006   3636   3374   3588   3240  13550  26304      0      0  65535 
     0      0      0      0      0      0      0      0      0      0      0      0      0      0      0      0      0      0      0 
     0      0      0      0      0      0      0      0      0      0      0      0      0      0      0      0      0      0      0 
     0      0      0      0      0      0      0      0      0      0      0      0      0      0      0      0      0      0      0 
0 -1 -1
     0      0      0      0      0      0      0      0      0      0      0      0      0      0      0      0      5      0      0 
  3620   3750   3679   3954   3879   3589   3240   3967   4071   3999   3588   3373   3914   4294   3866   3633  10823   4440   4007 
 17236  13361     51    153   3679   3589   3750   3879   3620   3954   3999   4071   3967   3914  10823   4294   4440   3866   4007   3633   3373   3588   3240  13552  26303      0      0  65535 
     0      0      0      0      0      0      0      0      0      0      0      0      0      0      0      0      0      0      0 
     0      0      0      0      0      0      0      0      0      0      0      0      0      0      0      0      0      0      0 
     0      0      0      0      0      0      0      0      0      0      0      0      0      0      0      0      0      0      0 
0 -1 -1
     0      0      0      0      0      0      0      0      0      0      0      0      0      0      0      0      6      0      0 
  3619   3751   3680   3954   3879   3587   3238   3968   4072   3999   3586   3374   3914   4292   3864   3634  10871   4439   4005 
 17236  13361     51    153   3680   3587   3751   3879   3619   3954   3999   4072   3968   3914  10871   4292   4439   3864   4005   3634   3374   3586   3238  13551  26304      0      0  65535 
     0      0      0      0      0      0      0      0      0      0      0      0      0      0      0      0      0      0      0 
     0      0      0      0      0      0      0      0      0      0      0      0      0      0      0      0      0      0      0 
     0      0      0      0      0      0      0      0      0      0      0      0      0      0      0      0      0      0      0 
0 -1 -1
     0      0      0      0      0      0      0      0      0      0      0      0      0      0      0      0      4      0      0 
  3618   3749   3679   3953   3878   3588   3238   3968   4071   3999   3586   3371   3913   4292   3864   3633  10788   4437   4006 
 17236  13361     51    153   3679   3588   3749   3878   3618   3953   3999   4071   3968   3913  10788   4292   4437   3864   4006   3633   3371   3586   3238  13550  26304      0      0  65535 
     0      0      0      0      0      0      0      0      0      0      0      0      0      0      0      0      0      0      0 
     0      0      0      0      0      0      0      0      0      0      0      0      0      0      0      0      0      0      0 
     0      0      0      0      0      0      0      0      0      0      0      0      0      0      0      0      0      0      0 
0 -1 -1
     0      0      0      0      0      0      0      0      0      0      0      0      0      0      0      0      5      0      0 
  3616   3749   3678   3954   3876   3586   3238   3966   4068   3998   3585   3372   3913   4292   3865   3633  10820   4439   4005 
 17236  13361     51    152   3678   3586   3749   3876   3616   3954   3998   4068   3966   3913  10820   4292   4439   3865   4005   3633   3372   3585   3238  13550  26304      0      0  65535 
     0      0      0      0      0      0      0      0      0      0      0      0      0      0      0      0      0      0      0 
     0      0      0      0      0      0      0      0      0      0      0      0      0      0      0      0      0      0      0 
     0      0      0      0      0      0      0      0      0      0      0      0      0      0      0      0      0      0      0 
0 -1 -1
     0      0      0      0      0      0      0      0      0      0      0      0      0      0      0      0      6      0      0 
  3618   3749   3678   3952   3877   3587   3236   3965   4072   3999   3586   3370   3911   4291   3862   3633  10861   4438   4005 
 17236  13361     51    153   3678   3587   3749   3877   3618   3952   3999   4072   3965   3911  10861   4291   4438   3862   4005   3633   3370   3586   3236  13550  26304      0      0  65535 
     0      0      0      0      0      0      0      0      0      0      0      0      0      0      0      0      0      0      0 
     0      0      0      0      0      0      0      0      0      0      0      0      0      0      0      0      0      0      0 
     0      0      0      0      0      0      0      0      0      0      0      0      0      0      0      0      0      0      0 
0 -1 -1
     0      0      0      0      0      0      0      0      0      0      0      0      0      0      0      0      6      0      0 
  3616   3748   3677   3951   3878   3587   3237   3967   4070   3997   3585   3372   3912   4291   3862   3632  10854   4437   4004 
 17236  13361     51    153   3677   3587   3748   3878   3616   3951   3997   4070   3967   3912  10854   4291   4437   3862   4004   3632   3372   3585   3237  13545  26304      0      0  65535 
     0      0      0      0      0      0      0      0      0      0      0      0      0      0      0      0      0      0      0 
     0      0      0      0      0      0      0      0      0      0      0      0      0      0      0      0      0      0      0 
     0      0      0      0      0      0      0      0      0      0      0      0      0      0      0      0      0      0      0 
0 -1 -1
     0      0      0      0      0      0      0      0      0      0      0      0      0      0      0      0      7      0      0 
  3616   3747   3677   3951   3875   3586   3237   3965   4068   3997   3586   3370   3911   4292   3863   3632  10886   4437   4005 
 17236  13361     51    153   3677   3586   3747   3875   3616   3951   3997   4068   3965   3911  10886   4292   4437   3863   4005   3632   3370   3586   3237  13544  26305      0      0  65535 
     0      0      0      0      0      0      0      0      0      0      0      0      0      0      0      0      0      0      0 
     0      0      0      0      0      0      0      0      0      0      0      0      0      0      0      0      0      0      0 
     0      0      0      0      0      0      0      0      0      0      0      0      0      0      0      0      0      0      0 
0 -1 -1
     0      0      0      0      0      0      0      0      0      0      0      0      0      0      0      0      3      0      0 
  3615   3747   3676   3951   3876   3587   3237   3965   4069   3996   3583   3370   3911   4292   3861   3630  10742   4436   4004 
 17236  13361     51    153   3676   3587   3747   3876   3615   3951   3996   4069   3965   3911  10742   4292   4436   3861   4004   3630   3370   3583   3237  13544  26305      0      0  65535 
     0      0      0      0      0      0      0      0      0      0      0      0      0      0      0      0      0      0      0 
     0      0      0      0      0      0      0      0      0      0      0      0      0      0      0      0      0      0      0 
     0      0      0      0      0      0      0      0      0      0      0      0      0      0      0      0      0      0      0 
0 -1 -1
