    24     23     31     18     22     24     23     24     23     22     23     29     30     21     20     19     26     24     21 
  8490   8234   8473   8442   7662   7513   7620   8618   7925   7844   7615   7474   8471   7992   7576   8112  10947   8839   8660 
 17236  13361     51    151   8473   7513   8234   7662   8490   8442   7844   7925   8618   8471  10947   7992   8839   7576   8660   8112   7474   7615   7620  13545  26305      0      0  65535 
     0      0      0      0      0      0      0      0      0      0      0      0      0      0      0      0      0      0      0 
     0      0      0      0      0      0      0      0      0      0      0      0      0      0      0      0      0      0      0 
     0      0      0      0      0      0      0      0      0      0      0      0      0      0      0      0      0      0      0 
0 -1 -1
    26     25     34     19     24     26     25     26     26     25     25     32     33     23     23     20     27     26     23 
  8638   8331   8616   8528   7730   7572   7721   8739   7985   7904   7674   7575   8569   8054   7638   8212  10991   8929   8785 
 17236  13361     51    150   8616   7572   8331   7730   8638   8528   7904   7985   8739   8569  10991   8054   8929   7638   8785   8212   7575   7674   7721  13549  26305      0      0  65535 
     0      0      0      0      0      0      0      0      0      0      0      0      0      0      0      0      0      0      0 
     0      0      0      0      0      0      0      0      0      0      0      0      0      0      0      0      0      0      0 
     0      0      0      0      0      0      0      0      0      0      0      0      0      0      0      0      0      0      0 
0 -1 -1
    28     27     36     21     26     28     27     27     28     27     26     35     35     25     25     22     26     27     24 
  8764   8415   8732   8603   7788   7620   7804   8841   8038   7952   7718   7658   8652   8103   7692   8293  10977   9004   8886 
 17236  13361     51    150   8732   7620   8415   7788   8764   8603   7952   8038   8841   8652  10977   8103   9004   7692   8886   8293   7658   7718   7804  13543  26306      0      0  65535 
     0      0      0      0      0      0      0      0      0      0      0      0      0      0      0      0      0      0      0 
     0      0      0      0      0      0      0      0      0      0      0      0      0      0      0      0      0      0      0 
     0      0      0      0      0      0      0      0      0      0      0      0      0      0      0      0      0      0      0 
0 -1 -1
    30     29     39     22     29     30     30     29     30     29     28     38     37     27     27     24     27     29     26 
  8894   8505   8860   8686   7853   7674   7900   8953   8095   8005   7767   7752   8740   8157   7745   8378  10996   9088   8996 
 17236  13361     51    150   8860   7674   8505   7853   8894   8686   8005   8095   8953   8740  10996   8157   9088   7745   8996   8378   7752   7767   7900  13543  26306      0      0  65535 
     0      0      0      0      0      0      0      0      0      0      0      0      0      0      0      0      0      0      0 
     0      0      0      0      0      0      0      0      0      0      0      0      0      0      0      0      0      0      0 
     0      0      0      0      0      0      0      0      0      0      0      0      0      0      0      0      0      0      0 
0 -1 -1
    32     32     42     24     32     32     32     31     32     32     30     40     39     30     29     25     26     31     28 
  9028   8605   8995   8765   7919   7729   7997   9061   8152   8063   7818   7851   8825   8212   7804   8462  10978   9172   9097 
 17236  13361     51    150   8995   7729   8605   7919   9028   8765   8063   8152   9061   8825  10978   8212   9172   7804   9097   8462   7851   7818   7997  13543  26305      0      0  65535 
     0      0      0      0      0      0      0      0      0      0      0      0      0      0      0      0      0      0      0 
     0      0      0      0      0      0      0      0      0      0      0      0      0      0      0      0      0      0      0 
     0      0      0      0      0      0      0      0      0      0      0      0      0      0      0      0      0      0      0 
0 -1 -1
    34     33     44     25     34     33     33     32     34     33     31     42     40     32     31     26     25     32     29 
  9130   8679   9091   8823   7970   7770   8062   9142   8197   8104   7854   7919   8889   8254   7849   8522  10937   9235   9169 
 17236  13361     51    150   9091   7770   8679   7970   9130   8823   8104   8197   9142   8889  10937   8254   9235   7849   9169   8522   7919   7854   8062  13544  26304      0      0  65535 
     0      0      0      0      0      0      0      0      0      0      0      0      0      0      0      0      0      0      0 
     0      0      0      0      0      0      0      0      0      0      0      0      0      0      0      0      0      0      0 
     0      0      0      0      0      0      0      0      0      0      0      0      0      0      0      0      0      0      0 
0 -1 -1
    35     35     45     26     35     34     34     33     35     35     32     44     42     33     32     27     24     33     29 
  9208   8736   9163   8874   8006   7802   8106   9212   8230   8135   7879   7964   8942   8287   7880   8560  10860   9279   9222 
 17236  13361     51    150   9163   7802   8736   8006   9208   8874   8135   8230   9212   8942  10860   8287   9279   7880   9222   8560   7964   7879   8106  13544  26304      0      0  65535 
     0      0      0      0      0      0      0      0      0      0      0      0      0      0      0      0      0      0      0 
     0      0      0      0      0      0      0      0      0      0      0      0      0      0      0      0      0      0      0 
     0      0      0      0      0      0      0      0      0      0      0      0      0      0      0      0      0      0      0 
0 -1 -1
    35     35     46     26     35     35     34     33     35     35     32     44     42     33     33     27     22     33     29 
  9221   8748   9170   8881   8014   7808   8110   9222   8234   8139   7880   7966   8946   8292   7887   8561  10767   9284   9222 
 17236  13361     51    150   9170   7808   8748   8014   9221   8881   8139   8234   9222   8946  10767   8292   9284   7887   9222   8561   7966   7880   8110  13544  26305      0      0  65535 
     0      0      0      0      0      0      0      0      0      0      0      0      0      0      0      0      0      0      0 
     0      0      0      0      0      0      0      0      0      0      0      0      0      0      0      0      0      0      0 
     0      0      0      0      0      0      0      0      0      0      0      0      0      0      0      0      0      0      0 
0 -1 -1
    35     35     46     26     36     35     35     33     35     35     32     44     42     33     33     27     21     33     30 
  9232   8755   9183   8888   8022   7811   8118   9227   8240   8147   7884   7977   8954   8299   7893   8568  10751   9293   9230 
 17236  13361     51    150   9183   7811   8755   8022   9232   8888   8147   8240   9227   8954  10751   8299   9293   7893   9230   8568   7977   7884   8118  13543  26304      0      0  65535 
     0      0      0      0      0      0      0      0      0      0      0      0      0      0      0      0      0      0      0 
     0      0      0      0      0      0      0      0      0      0      0      0      0      0      0      0      0      0      0 
     0      0      0      0      0      0      0      0      0      0      0      0      0      0      0      0      0      0      0 
0 -1 -1
    35     35     46     26     36     35     35     33     35     35     33     44     42     34     33     27     21     34     30 
  9236   8762   9194   8890   8027   7817   8126   9229   8242   8152   7889   7986   8957   8304   7899   8576  10738   9300   9240 
 17236  13361     51    150   9194   7817   8762   8027   9236   8890   8152   8242   9229   8957  10738   8304   9300   7899   9240   8576   7986   7889   8126  13543  26304      0      0  65535 
     0      0      0      0      0      0      0      0      0      0      0      0      0      0      0      0      0      0      0 
     0      0      0      0      0      0      0      0      0      0      0      0      0      0      0      0      0      0      0 
     0      0      0      0      0      0      0      0      0      0      0      0      0      0      0      0      0      0      0 
0 -1 -1
    34     34     45     25     34     34     33     32     34     34     31     43     41     32     31     26     17     32     29 
  9178   8718   9142   8849   7989   7789   8064   9168   8210   8119   7853   7920   8912   8264   7856   8517  10579   9244   9173 
 17236  13361     51    150   9142   7789   8718   7989   9178   8849   8119   8210   9168   8912  10579   8264   9244   7856   9173   8517   7920   7853   8064  13543  26304      0      0  65535 
     0      0      0      0      0      0      0      0      0      0      0      0      0      0      0      0      0      0      0 
     0      0      0      0      0      0      0      0      0      0      0      0      0      0      0      0      0      0      0 
     0      0      0      0      0      0      0      0      0      0      0      0      0      0      0      0      0      0      0 
0 -1 -1
    31     30     40     22     29     30     29     29     30     29     27     36     37     26     26     23     11     28     25 
  8952   8542   8928   8695   7849   7682   7855   8946   8090   8001   7737   7704   8741   8128   7712   8319  10269   9040   8943 
 17236  13361     51    150   8928   7682   8542   7849   8952   8695   8001   8090   8946   8741  10269   8128   9040   7712   8943   8319   7704   7737   7855  13544  26305      0      0  65535 
     0      0      0      0      0      0      0      0      0      0      0      0      0      0      0      0      0      0      0 
     0      0      0      0      0      0      0      0      0      0      0      0      0      0      0      0      0      0      0 
     0      0      0      0      0      0      0      0      0      0      0      0      0      0      0      0      0      0      0 
0 -1 -1
    24     23     31     17     20     23     20     23     22     20     20     25     29     17     17     16      5     20     19 
  8507   8227   8506   8413   7615   7486   7506   8533   7879   7799   7543   7339   8404   7902   7494   7974  10031   8696   8526 
 17236  13361     51    151   8506   7486   8227   7615   8507   8413   7799   7879   8533   8404  10031   7902   8696   7494   8526   7974   7339   7543   7506  13538  26304      0      0  65535 
     0      0      0      0      0      0      0      0      0      0      0      0      0      0      0      0      0      0      0 
     0      0      0      0      0      0      0      0      0      0      0      0      0      0      0      0      0      0      0 
     0      0      0      0      0      0      0      0      0      0      0      0      0      0      0      0      0      0      0 
0 -1 -1
    17     17     23     13     13     16     15     18     15     14     14     18     22     11     11     11      3     15     14 
  8090   7964   8123   8158   7437   7316   7250   8187   7709   7655   7390   7085   8112   7751   7352   7724   9943   8457   8226 
 17236  13361     51    151   8123   7316   7964   7437   8090   8158   7655   7709   8187   8112   9943   7751   8457   7352   8226   7724   7085   7390   7250  13537  26304      0      1  65535 
     0      0      0      0      0      0      0      0      0      0      0      0      0      0      0      0      0      0      0 
     0      0      0      0      0      0      0      0      0      0      0      0      0      0      0      0      0      0      0 
     0      0      0      0      0      0      0      0      0      0      0      0      0      0      0      0      0      0      0 
0 -1 -1
    13     13     17     10      8     12     11     14     11     10     10     13     17      7      8      8      3     12     11 
  7801   7792   7848   7981   7330   7199   7077   7956   7601   7560   7278   6910   7911   7663   7261   7548   9904   8292   8002 
 17236  13361     51    152   7848   7199   7792   7330   7801   7981   7560   7601   7956   7911   9904   7663   8292   7261   8002   7548   6910   7278   7077  13538  26305      0      0  65535 
     0      0      0      0      0      0      0      0      0      0      0      0      0      0      0      0      0      0      0 
     0      0      0      0      0      0      0      0      0      0      0      0      0      0      0      0      0      0      0 
     0      0      0      0      0      0      0      0      0      0      0      0      0      0      0      0      0      0      0 
0 -1 -1
    10     10     13      7      6      9      8     12      8      7      7      9     14      5      5      5      2      9      8 
  7586   7656   7632   7853   7258   7110   6955   7790   7525   7496   7196   6787   7767   7607   7202   7430   9873   8178   7844 
 17236  13361     51    152   7632   7110   7656   7258   7586   7853   7496   7525   7790   7767   9873   7607   8178   7202   7844   7430   6787   7196   6955  13540  26305      0      0  65535 
     0      0      0      0      0      0      0      0      0      0      0      0      0      0      0      0      0      0      0 
     0      0      0      0      0      0      0      0      0      0      0      0      0      0      0      0      0      0      0 
     0      0      0      0      0      0      0      0      0      0      0      0      0      0      0      0      0      0      0 
0 -1 -1
     8      8     10      6      4      7      6     10      7      6      6      7     12      3      4      4      2      8      7 
  7454   7568   7494   7774   7217   7057   6885   7692   7484   7460   7151   6721   7684   7582   7171   7365   9862   8108   7754 
 17236  13361     51    152   7494   7057   7568   7217   7454   7774   7460   7484   7692   7684   9862   7582   8108   7171   7754   7365   6721   7151   6885  13540  26305      0      0  65535 
     0      0      0      0      0      0      0      0      0      0      0      0      0      0      0      0      0      0      0 
     0      0      0      0      0      0      0      0      0      0      0      0      0      0      0      0      0      0      0 
     0      0      0      0      0      0      0      0      0      0      0      0      0      0      0      0      0      0      0 
0 -1 -1
     7      7      9      6      4      6      6     10      7      6      6      8     12      4      5      4      2      8      7 
  7448   7557   7465   7768   7221   7054   6894   7695   7488   7464   7160   6744   7683   7593   7184   7378   9865   8122   7772 
 17236  13361     51    152   7465   7054   7557   7221   7448   7768   7464   7488   7695   7683   9865   7593   8122   7184   7772   7378   6744   7160   6894  13538  26305      0      0  65535 
     0      0      0      0      0      0      0      0      0      0      0      0      0      0      0      0      0      0      0 
     0      0      0      0      0      0      0      0      0      0      0      0      0      0      0      0      0      0      0 
     0      0      0      0      0      0      0      0      0      0      0      0      0      0      0      0      0      0      0 
0 -1 -1
     9      9     11      7      6      8      8     11      8      7      7     10     13      5      6      6      2      9      8 
  7532   7610   7535   7815   7260   7093   6951   7769   7525   7500   7203   6813   7737   7630   7223   7442   9885   8187   7857 
 17236  13361     51    152   7535   7093   7610   7260   7532   7815   7500   7525   7769   7737   9885   7630   8187   7223   7857   7442   6813   7203   6951  13538  26304      0      0  65535 
     0      0      0      0      0      0      0      0      0      0      0      0      0      0      0      0      0      0      0 
     0      0      0      0      0      0      0      0      0      0      0      0      0      0      0      0      0      0      0 
     0      0      0      0      0      0      0      0      0      0      0      0      0      0      0      0      0      0      0 
0 -1 -1
    10     10     13      8      7     10      9     13     10      9      9     12     15      7      8      7      2     11     10 
  7643   7675   7625   7878   7305   7139   7017   7868   7571   7542   7252   6886   7812   7674   7263   7513   9886   8261   7949 
 17236  13361     51    152   7625   7139   7675   7305   7643   7878   7542   7571   7868   7812   9886   7674   8261   7263   7949   7513   6886   7252   7017  13538  26305      1      0  65535 
     0      0      0      0      0      0      0      0      0      0      0      0      0      0      0      0      0      0      0 
     0      0      0      0      0      0      0      0      0      0      0      0      0      0      0      0      0      0      0 
     0      0      0      0      0      0      0      0      0      0      0      0      0      0      0      0      0      0      0 
0 -1 -1
    12     12     14      9      9     11     10     14     12     11     11     14     16      9      9      8      3     12     11 
  7749   7736   7710   7939   7343   7181   7075   7957   7613   7576   7291   6949   7883   7712   7299   7576   9911   8321   8030 
 17236  13361     51    152   7710   7181   7736   7343   7749   7939   7576   7613   7957   7883   9911   7712   8321   7299   8030   7576   6949   7291   7075  13538  26305      0      0  65535 
     0      0      0      0      0      0      0      0      0      0      0      0      0      0      0      0      0      0      0 
     0      0      0      0      0      0      0      0      0      0      0      0      0      0      0      0      0      0      0 
     0      0      0      0      0      0      0      0      0      0      0      0      0      0      0      0      0      0      0 
0 -1 -1
    15     14     18     11     12     14     13     16     14     13     14     17     19     12     12     11      3     15     13 
  7932   7844   7859   8043   7412   7246   7199   8106   7681   7635   7368   7069   8007   7777   7362   7699   9944   8434   8179 
 17236  13361     51    152   7859   7246   7844   7412   7932   8043   7635   7681   8106   8007   9944   7777   8434   7362   8179   7699   7069   7368   7199  13562  26305      0      0  65535 
     0      0      0      0      0      0      0      0      0      0      0      0      0      0      0      0      0      0      0 
     0      0      0      0      0      0      0      0      0      0      0      0      0      0      0      0      0      0      0 
     0      0      0      0      0      0      0      0      0      0      0      0      0      0      0      0      0      0      0 
0 -1 -1
    20     19     24     14     16     18     18     20     19     18     18     23     24     16     16     14      4     19     17 
  8239   8039   8143   8226   7533   7371   7398   8354   7799   7740   7483   7257   8212   7882   7466   7886   9987   8608   8401 
 17236  13361     51    151   8143   7371   8039   7533   8239   8226   7740   7799   8354   8212   9987   7882   8608   7466   8401   7886   7257   7483   7398  13544  26305      0      0  65535 
     0      0      0      0      0      0      0      0      0      0      0      0      0      0      0      0      0      0      0 
     0      0      0      0      0      0      0      0      0      0      0      0      0      0      0      0      0      0      0 
     0      0      0      0      0      0      0      0      0      0      0      0      0      0      0      0      0      0      0 
0 -1 -1
    23     22     28     16     20     21     22     23     22     21     21     27     27     19     19     17      5     21     19 
  8444   8181   8343   8353   7619   7457   7556   8522   7881   7815   7571   7404   8350   7956   7544   8028  10027   8734   8561 
 17236  13361     51    151   8343   7457   8181   7619   8444   8353   7815   7881   8522   8350  10027   7956   8734   7544   8561   8028   7404   7571   7556  13540  26304      1      0  65535 
     0      0      0      0      0      0      0      0      0      0      0      0      0      0      0      0      0      0      0 
     0      0      0      0      0      0      0      0      0      0      0      0      0      0      0      0      0      0      0 
     0      0      0      0      0      0      0      0      0      0      0      0      0      0      0      0      0      0      0 
0 -1 -1
    26     25     33     19     23     25     25     25     25     25     24     32     31     23     22     20      6     24     22 
  8663   8337   8560   8483   7711   7546   7720   8696   7968   7899   7653   7561   8494   8040   7630   8177  10073   8870   8736 
 17236  13361     51    151   8560   7546   8337   7711   8663   8483   7899   7968   8696   8494  10073   8040   8870   7630   8736   8177   7561   7653   7720  13541  26305      0      0  65535 
     0      0      0      0      0      0      0      0      0      0      0      0      0      0      0      0      0      0      0 
     0      0      0      0      0      0      0      0      0      0      0      0      0      0      0      0      0      0      0 
     0      0      0      0      0      0      0      0      0      0      0      0      0      0      0      0      0      0      0 
0 -1 -1
    30     29     37     21     27     28     29     28     28     28     27     36     34     26     26     22      8     27     24 
  8873   8492   8768   8607   7807   7629   7855   8868   8051   7980   7724   7692   8628   8118   7711   8306  10159   8992   8889 
 17236  13361     51    150   8768   7629   8492   7807   8873   8607   7980   8051   8868   8628  10159   8118   8992   7711   8889   8306   7692   7724   7855  13543  26304      0      0  65535 
     0      0      0      0      0      0      0      0      0      0      0      0      0      0      0      0      0      0      0 
     0      0      0      0      0      0      0      0      0      0      0      0      0      0      0      0      0      0      0 
     0      0      0      0      0      0      0      0      0      0      0      0      0      0      0      0      0      0      0 
0 -1 -1
    33     32     41     23     31     31     32     30     31     31     29     40     37     29     29     25     11     30     27 
  9067   8630   8953   8725   7896   7704   7989   9034   8132   8052   7796   7819   8755   8196   7786   8425  10304   9111   9031 
 17236  13361     51    150   8953   7704   8630   7896   9067   8725   8052   8132   9034   8755  10304   8196   9111   7786   9031   8425   7819   7796   7989  13542  26304      0      0  65535 
     0      0      0      0      0      0      0      0      0      0      0      0      0      0      0      0      0      0      0 
     0      0      0      0      0      0      0      0      0      0      0      0      0      0      0      0      0      0      0 
     0      0      0      0      0      0      0      0      0      0      0      0      0      0      0      0      0      0      0 
0 -1 -1
    36     36     46     25     35     34     35     33     35     35     32     44     41     33     33     27     18     33     29 
  9294   8803   9178   8861   8001   7797   8154   9224   8228   8143   7884   7982   8899   8290   7881   8570  10625   9255   9202 
 17236  13361     51    150   9178   7797   8803   8001   9294   8861   8143   8228   9224   8899  10625   8290   9255   7881   9202   8570   7982   7884   8154  13542  26304      0      0  65535 
     0      0      0      0      0      0      0      0      0      0      0      0      0      0      0      0      0      0      0 
     0      0      0      0      0      0      0      0      0      0      0      0      0      0      0      0      0      0      0 
     0      0      0      0      0      0      0      0      0      0      0      0      0      0      0      0      0      0      0 
0 -1 -1
    39     39     50     27     38     37     38     35     38     38     35     48     43     36     36     30     27     35     31 
  9477   8945   9358   8969   8086   7871   8281   9375   8304   8216   7953   8107   9011   8367   7957   8684  11011   9372   9338 
 17236  13361     51    149   9358   7871   8945   8086   9477   8969   8216   8304   9375   9011  11011   8367   9372   7957   9338   8684   8107   7953   8281  13542  26304      0      0  65535 
     0      0      0      0      0      0      0      0      0      0      0      0      0      0      0      0      0      0      0 
     0      0      0      0      0      0      0      0      0      0      0      0      0      0      0      0      0      0      0 
     0      0      0      0      0      0      0      0      0      0      0      0      0      0      0      0      0      0      0 
0 -1 -1
    43     43     54     30     43     40     43     38     42     42     39     53     47     41     40     33     23     39     34 
  9699   9121   9578   9114   8199   7968   8459   9579   8406   8314   8053   8287   9173   8476   8068   8849  10850   9536   9544 
 17236  13361     51    150   9578   7968   9121   8199   9699   9114   8314   8406   9579   9173  10850   8476   9536   8068   9544   8849   8287   8053   8459  13542  26305      0      0  65535 
     0      0      0      0      0      0      0      0      0      0      0      0      0      0      0      0      0      0      0 
     0      0      0      0      0      0      0      0      0      0      0      0      0      0      0      0      0      0      0 
     0      0      0      0      0      0      0      0      0      0      0      0      0      0      0      0      0      0      0 
0 -1 -1
    46     48     59     33     48     45     47     42     46     47     42     59     51     46     45     36     21     43     38 
  9936   9310   9818   9267   8330   8077   8644   9797   8514   8419   8155   8474   9341   8590   8188   9019  10757   9714   9750 
 17236  13361     51    149   9818   8077   9310   8330   9936   9267   8419   8514   9797   9341  10757   8590   9714   8188   9750   9019   8474   8155   8644  13542  26304      0      0  65535 
     0      0      0      0      0      0      0      0      0      0      0      0      0      0      0      0      0      0      0 
     0      0      0      0      0      0      0      0      0      0      0      0      0      0      0      0      0      0      0 
     0      0      0      0      0      0      0      0      0      0      0      0      0      0      0      0      0      0      0 
0 -1 -1
    50     52     65     36     53     49     52     45     50     52     47     65     55     51     50     40     20     47     41 
 10184   9509  10069   9431   8468   8195   8847  10026   8636   8533   8269   8677   9525   8717   8318   9205  10710   9906   9972 
 17236  13361     51    149  10069   8195   9509   8468  10184   9431   8533   8636  10026   9525  10710   8717   9906   8318   9972   9205   8677   8269   8847  13542  26304      0      0  65535 
     0      0      0      0      0      0      0      0      0      0      0      0      0      0      0      0      0      0      0 
     0      0      0      0      0      0      0      0      0      0      0      0      0      0      0      0      0      0      0 
     0      0      0      0      0      0      0      0      0      0      0      0      0      0      0      0      0      0      0 
0 -1 -1
    55     58     71     40     61     54     57     50     56     58     52     72     61     58     57     44     20     52     45 
 10489   9762  10363   9647   8651   8337   9084  10325   8791   8684   8409   8916   9759   8879   8484   9427  10710  10138  10242 
 17236  13361     51    148  10363   8337   9762   8651  10489   9647   8684   8791  10325   9759  10710   8879  10138   8484  10242   9427   8916   8409   9084  13542  26305      0      0  65535 
     0      0      0      0      0      0      0      0      0      0      0      0      0      0      0      0      0      0      0 
     0      0      0      0      0      0      0      0      0      0      0      0      0      0      0      0      0      0      0 
     0      0      0      0      0      0      0      0      0      0      0      0      0      0      0      0      0      0      0 
0 -1 -1
    59     64     77     43     67     59     61     53     61     64     56     77     66     63     62     47     20     56     48 
 10775  10001  10639   9850   8821   8476   9259  10582   8927   8816   8515   9090   9956   9009   8611   9585  10696  10319  10439 
 17236  13361     51    148  10639   8476  10001   8821  10775   9850   8816   8927  10582   9956  10696   9009  10319   8611  10439   9585   9090   8515   9259  13542  26305      0      0  65535 
     0      0      0      0      0      0      0      0      0      0      0      0      0      0      0      0      0      0      0 
     0      0      0      0      0      0      0      0      0      0      0      0      0      0      0      0      0      0      0 
     0      0      0      0      0      0      0      0      0      0      0      0      0      0      0      0      0      0      0 
0 -1 -1
    62     67     81     45     72     63     64     56     64     67     58     81     69     67     65     49     20     58     50 
 10953  10156  10823   9974   8928   8563   9393  10725   9011   8900   8587   9216  10072   9093   8697   9690  10713  10429  10548 
 17236  13361     51    148  10823   8563  10156   8928  10953   9974   8900   9011  10725  10072  10713   9093  10429   8697  10548   9690   9216   8587   9393  13540  26305      0      0  65535 
     0      0      0      0      0      0      0      0      0      0      0      0      0      0      0      0      0      0      0 
     0      0      0      0      0      0      0      0      0      0      0      0      0      0      0      0      0      0      0 
     0      0      0      0      0      0      0      0      0      0      0      0      0      0      0      0      0      0      0 
0 -1 -1
    62     68     81     45     72     63     64     55     64     67     58     80     68     66     65     49     18     58     49 
 10961  10170  10852   9973   8931   8570   9368  10706   9005   8902   8572   9195  10062   9084   8685   9673  10622  10415  10526 
 17236  13361     51    148  10852   8570  10170   8931  10961   9973   8902   9005  10706  10062  10622   9084  10415   8685  10526   9673   9195   8572   9368  13542  26305      0      0  65535 
     0      0      0      0      0      0      0      0      0      0      0      0      0      0      0      0      0      0      0 
     0      0      0      0      0      0      0      0      0      0      0      0      0      0      0      0      0      0      0 
     0      0      0      0      0      0      0      0      0      0      0      0      0      0      0      0      0      0      0 
0 -1 -1
    57     62     75     41     63     57     56     51     58     60     51     71     62     58     56     43     14     52     45 
 10658   9908  10549   9747   8720   8404   9057  10401   8831   8723   8389   8887   9820   8888   8470   9397  10407  10133  10215 
 17236  13361     51    148  10549   8404   9908   8720  10658   9747   8723   8831  10401   9820  10407   8888  10133   8470  10215   9397   8887   8389   9057  13540  26305      0      0  65535 
     0      0      0      0      0      0      0      0      0      0      0      0      0      0      0      0      0      0      0 
     0      0      0      0      0      0      0      0      0      0      0      0      0      0      0      0      0      0      0 
     0      0      0      0      0      0      0      0      0      0      0      0      0      0      0      0      0      0      0 
0 -1 -1
    46     48     61     32     46     44     42     40     44     44     38     53     50     41     39     32      9     39     35 
  9953   9329   9880   9245   8272   8050   8449   9709   8462   8359   8031   8269   9283   8479   8047   8830  10210   9533   9556 
 17236  13361     51    149   9880   8050   9329   8272   9953   9245   8359   8462   9709   9283  10210   8479   9533   8047   9556   8830   8269   8031   8449  13540  26305      0      0  65535 
     0      0      0      0      0      0      0      0      0      0      0      0      0      0      0      0      0      0      0 
     0      0      0      0      0      0      0      0      0      0      0      0      0      0      0      0      0      0      0 
     0      0      0      0      0      0      0      0      0      0      0      0      0      0      0      0      0      0      0 
0 -1 -1
    27     27     36     18     22     24     22     24     23     22     20     27     29     18     18     16      5     20     20 
  8718   8413   8733   8459   7668   7524   7575   8604   7912   7850   7541   7386   8406   7921   7515   8001  10011   8695   8577 
 17236  13361     51    150   8733   7524   8413   7668   8718   8459   7850   7912   8604   8406  10011   7921   8695   7515   8577   8001   7386   7541   7575  13541  26305      0      0  65535 
     0      0      0      0      0      0      0      0      0      0      0      0      0      0      0      0      0      0      0 
     0      0      0      0      0      0      0      0      0      0      0      0      0      0      0      0      0      0      0 
     0      0      0      0      0      0      0      0      0      0      0      0      0      0      0      0      0      0      0 
0 -1 -1
    11     11     15      7      6      9      6     12      8      7      5      7     12      4      4      4      2      7      7 
  7658   7717   7729   7859   7261   7110   6902   7796   7526   7483   7145   6724   7701   7591   7173   7377   9868   8090   7759 
 17236  13361     51    152   7729   7110   7717   7261   7658   7859   7483   7526   7796   7701   9868   7591   8090   7173   7759   7377   6724   7145   6902  13541  26304      0      0  65535 
     0      0      0      0      0      0      0      0      0      0      0      0      0      0      0      0      0      0      0 
     0      0      0      0      0      0      0      0      0      0      0      0      0      0      0      0      0      0      0 
     0      0      0      0      0      0      0      0      0      0      0      0      0      0      0      0      0      0      0 
0 -1 -1
     2      2      2      1      0      0      0      6      1      0      0      0      3      0      0      0      0      1      0 
  7067   7307   7103   7502   7082   6859   6497   7398   7333   7286   6892   6365   7316   7480   7037   6992   9786   7804   7261 
 17236  13361     51    153   7103   6859   7307   7082   7067   7502   7286   7333   7398   7316   9786   7480   7804   7037   7261   6992   6365   6892   6497  13540  26304      0      1  65535 
     0      0      0      0      0      0      0      0      0      0      0      0      0      0      0      0      0      0      0 
     0      0      0      0      0      0      0      0      0      0      0      0      0      0      0      0      0      0      0 
     0      0      0      0      0      0      0      0      0      0      0      0      0      0      0      0      0      0      0 
0 -1 -1
     0      0      0      0      0      0      0      1      0      0      0      0      0      0      0      0      0      0      0 
  6702   6997   6720   7239   7025   6689   6189   7054   7187   7180   6703   6159   7062   7436   6983   6686   9725   7627   6977 
 17236  13361     51    153   6720   6689   6997   7025   6702   7239   7180   7187   7054   7062   9725   7436   7627   6983   6977   6686   6159   6703   6189  13543  26304      0      0  65535 
     0      0      0      0      0      0      0      0      0      0      0      0      0      0      0      0      0      0      0 
     0      0      0      0      0      0      0      0      0      0      0      0      0      0      0      0      0      0      0 
     0      0      0      0      0      0      0      0      0      0      0      0      0      0      0      0      0      0      0 
0 -1 -1
     0      0      0      0      0      0      0      0      0      0      0      0      0      0      0      0      0      0      0 
  6459   6644   6336   6968   7019   6566   5908   6899   7127   7144   6616   6102   6952   7430   6972   6574   9724   7578   6940 
 17236  13361     51    154   6336   6566   6644   7019   6459   6968   7144   7127   6899   6952   9724   7430   7578   6972   6940   6574   6102   6616   5908  13546  26304      0      0  65535 
     0      0      0      0      0      0      0      0      0      0      0      0      0      0      0      0      0      0      0 
     0      0      0      0      0      0      0      0      0      0      0      0      0      0      0      0      0      0      0 
     0      0      0      0      0      0      0      0      0      0      0      0      0      0      0      0      0      0      0 
0 -1 -1
     0      0      0      0      0      0      0      0      0      0      0      0      0      0      0      0      0      0      0 
  6459   6643   6333   6966   7018   6564   5906   6898   7127   7144   6615   6104   6949   7430   6971   6573   9707   7578   6940 
 17236  13361     51    154   6333   6564   6643   7018   6459   6966   7144   7127   6898   6949   9707   7430   7578   6971   6940   6573   6104   6615   5906  13533  26305      0      0  65535 
     0      0      0      0      0      0      0      0      0      0      0      0      0      0      0      0      0      0      0 
     0      0      0      0      0      0      0      0      0      0      0      0      0      0      0      0      0      0      0 
     0      0      0      0      0      0      0      0      0      0      0      0      0      0      0      0      0      0      0 
0 -1 -1
     0      0      0      0      0      0      0      0      0      0      0      0      0      0      0      0      0      0      0 
  6458   6644   6334   6965   7016   6564   5906   6898   7127   7142   6614   6104   6948   7430   6971   6573   9724   7577   6940 
 17236  13361     51    154   6334   6564   6644   7016   6458   6965   7142   7127   6898   6948   9724   7430   7577   6971   6940   6573   6104   6614   5906  13535  26304      0      0  65535 
     0      0      0      0      0      0      0      0      0      0      0      0      0      0      0      0      0      0      0 
     0      0      0      0      0      0      0      0      0      0      0      0      0      0      0      0      0      0      0 
     0      0      0      0      0      0      0      0      0      0      0      0      0      0      0      0      0      0      0 
0 -1 -1
     0      0      0      0      0      0      0      0      0      0      0      0      0      0      0      0      0      0      0 
  6458   6641   6331   6966   7017   6562   5905   6897   7125   7143   6614   6104   6948   7430   6972   6574   9728   7576   6939 
 17236  13361     51    154   6331   6562   6641   7017   6458   6966   7143   7125   6897   6948   9728   7430   7576   6972   6939   6574   6104   6614   5905  13535  26304      0      1  65535 
     0      0      0      0      0      0      0      0      0      0      0      0      0      0      0      0      0      0      0 
     0      0      0      0      0      0      0      0      0      0      0      0      0      0      0      0      0      0      0 
     0      0      0      0      0      0      0      0      0      0      0      0      0      0      0      0      0      0      0 
0 -1 -1
     0      0      0      0      0      0      0      0      0      0      0      0      0      0      0      0      0      0      0 
  6458   6641   6333   6965   7016   6562   5904   6897   7124   7140   6612   6104   6947   7428   6971   6573   9723   7576   6940 
 17236  13361     51    154   6333   6562   6641   7016   6458   6965   7140   7124   6897   6947   9723   7428   7576   6971   6940   6573   6104   6612   5904  13535  26305      0      0  65535 
     0      0      0      0      0      0      0      0      0      0      0      0      0      0      0      0      0      0      0 
     0      0      0      0      0      0      0      0      0      0      0      0      0      0      0      0      0      0      0 
     0      0      0      0      0      0      0      0      0      0      0      0      0      0      0      0      0      0      0 
0 -1 -1
     0      0      0      0      0      0      0      0      0      0      0      0      0      0      0      0      0      0      0 
  6456   6641   6333   6965   7016   6561   5904   6895   7124   7140   6611   6103   6947   7426   6969   6573   9728   7577   6939 
 17236  13361     51    154   6333   6561   6641   7016   6456   6965   7140   7124   6895   6947   9728   7426   7577   6969   6939   6573   6103   6611   5904  13535  26305      0      0  65535 
     0      0      0      0      0      0      0      0      0      0      0      0      0      0      0      0      0      0      0 
     0      0      0      0      0      0      0      0      0      0      0      0      0      0      0      0      0      0      0 
     0      0      0      0      0      0      0      0      0      0      0      0      0      0      0      0      0      0      0 
0 -1 -1
     0      0      0      0      0      0      0      0      0      0      0      0      0      0      0      0      0      0      0 
  6458   6643   6332   6963   7012   6560   5905   6896   7123   7138   6611   6103   6946   7428   6969   6572   9722   7576   6940 
 17236  13361     51    154   6332   6560   6643   7012   6458   6963   7138   7123   6896   6946   9722   7428   7576   6969   6940   6572   6103   6611   5905  13535  26304      0      0  65535 
     0      0      0      0      0      0      0      0      0      0      0      0      0      0      0      0      0      0      0 
     0      0      0      0      0      0      0      0      0      0      0      0      0      0      0      0      0      0      0 
     0      0      0      0      0      0      0      0      0      0      0      0      0      0      0      0      0      0      0 
0 -1 -1
     0      0      0      0      0      0      0      0      0      0      0      0      0      0      0      0      0      0      0 
  6455   6641   6334   6962   7013   6561   5904   6897   7122   7139   6611   6104   6946   7426   6967   6571   9723   7575   6939 
 17236  13361     51    154   6334   6561   6641   7013   6455   6962   7139   7122   6897   6946   9723   7426   7575   6967   6939   6571   6104   6611   5904  13534  26304      0      0  65535 
     0      0      0      0      0      0      0      0      0      0      0      0      0      0      0      0      0      0      0 
     0      0      0      0      0      0      0      0      0      0      0      0      0      0      0      0      0      0      0 
     0      0      0      0      0      0      0      0      0      0      0      0      0      0      0      0      0      0      0 
0 -1 -1
     0      0      0      0      0      0      0      0      0      0      0      0      0      0      0      0      0      0      0 
  6457   6641   6333   6963   7012   6558   5904   6895   7122   7139   6608   6104   6946   7426   6967   6573   9723   7574   6938 
 17236  13361     51    154   6333   6558   6641   7012   6457   6963   7139   7122   6895   6946   9723   7426   7574   6967   6938   6573   6104   6608   5904  13534  26305      0      0  65535 
     0      0      0      0      0      0      0      0      0      0      0      0      0      0      0      0      0      0      0 
     0      0      0      0      0      0      0      0      0      0      0      0      0      0      0      0      0      0      0 
     0      0      0      0      0      0      0      0      0      0      0      0      0      0      0      0      0      0      0 
0 -1 -1
     0      0      0      0      0      0      0      0      0      0      0      0      0      0      0      0      0      0      0 
  6457   6640   6333   6962   7013   6559   5904   6895   7121   7137   6608   6103   6945   7424   6967   6571   9723   7575   6940 
 17236  13361     51    154   6333   6559   6640   7013   6457   6962   7137   7121   6895   6945   9723   7424   7575   6967   6940   6571   6103   6608   5904  13534  26304      0      0  65535 
     0      0      0      0      0      0      0      0      0      0      0      0      0      0      0      0      0      0      0 
     0      0      0      0      0      0      0      0      0      0      0      0      0      0      0      0      0      0      0 
     0      0      0      0      0      0      0      0      0      0      0      0      0      0      0      0      0      0      0 
0 -1 -1
     0      0      0      0      0      0      0      0      0      0      0      0      0      0      0      0      0      0      0 
  6457   6639   6334   6962   7011   6558   5904   6896   7122   7135   6608   6103   6945   7424   6967   6572   9719   7574   6940 
 17236  13361     51    154   6334   6558   6639   7011   6457   6962   7135   7122   6896   6945   9719   7424   7574   6967   6940   6572   6103   6608   5904  13537  26304      0      0  65535 
     0      0      0      0      0      0      0      0      0      0      0      0      0      0      0      0      0      0      0 
     0      0      0      0      0      0      0      0      0      0      0      0      0      0      0      0      0      0      0 
     0      0      0      0      0      0      0      0      0      0      0      0      0      0      0      0      0      0      0 
0 -1 -1
     0      0      0      0      0      0      0      0      0      0      0      0      0      0      0      0      0      0      0 
  6457   6639   6334   6961   7010   6558   5905   6895   7121   7135   6609   6104   6944   7423   6966   6572   9720   7576   6940 
 17236  13361     51    154   6334   6558   6639   7010   6457   6961   7135   7121   6895   6944   9720   7423   7576   6966   6940   6572   6104   6609   5905  13538  26304      0      1  65535 
     0      0      0      0      0      0      0      0      0      0      0      0      0      0      0      0      0      0      0 
     0      0      0      0      0      0      0      0      0      0      0      0      0      0      0      0      0      0      0 
     0      0      0      0      0      0      0      0      0      0      0      0      0      0      0      0      0      0      0 
0 -1 -1
     0      0      0      0      0      0      0      0      0      0      0      0      0      0      0      0      0      0      0 
  6459   6640   6334   6961   7010   6556   5904   6895   7120   7134   6608   6104   6945   7422   6965   6569   9716   7573   6939 
 17236  13361     51    154   6334   6556   6640   7010   6459   6961   7134   7120   6895   6945   9716   7422   7573   6965   6939   6569   6104   6608   5904  13538  26304      0      0  65535 
     0      0      0      0      0      0      0      0      0      0      0      0      0      0      0      0      0      0      0 
     0      0      0      0      0      0      0      0      0      0      0      0      0      0      0      0      0      0      0 
     0      0      0      0      0      0      0      0      0      0      0      0      0      0      0      0      0      0      0 
0 -1 -1
     0      0      0      0      0      0      0      0      0      0      0      0      0      0      0      0      0      0      0 
  6458   6640   6333   6960   7009   6558   5904   6894   7119   7134   6607   6105   6943   7422   6965   6571   9719   7574   6938 
 17236  13361     51    154   6333   6558   6640   7009   6458   6960   7134   7119   6894   6943   9719   7422   7574   6965   6938   6571   6105   6607   5904  13538  26305      0      0  65535 
     0      0      0      0      0      0      0      0      0      0      0      0      0      0      0      0      0      0      0 
     0      0      0      0      0      0      0      0      0      0      0      0      0      0      0      0      0      0      0 
     0      0      0      0      0      0      0      0      0      0      0      0      0      0      0      0      0      0      0 
0 -1 -1
     0      0      0      0      0      0      0      0      0      0      0      0      0      0      0      0      0      0      0 
  6458   6639   6334   6961   7009   6555   5904   6894   7119   7134   6607   6105   6944   7423   6964   6570   9724   7572   6939 
 17236  13361     51    154   6334   6555   6639   7009   6458   6961   7134   7119   6894   6944   9724   7423   7572   6964   6939   6570   6105   6607   5904  13539  26304      0      0  65535 
     0      0      0      0      0      0      0      0      0      0      0      0      0      0      0      0      0      0      0 
     0      0      0      0      0      0      0      0      0      0      0      0      0      0      0      0      0      0      0 
     0      0      0      0      0      0      0      0      0      0      0      0      0      0      0      0      0      0      0 
0 -1 -1
     0      0      0      0      0      0      0      0      0      0      0      0      0      0      0      0      0      0      0 
  6458   6639   6333   6961   7009   6556   5903   6894   7118   7133   6606   6105   6944   7421   6966   6571   9714   7572   6938 
 17236  13361     51    154   6333   6556   6639   7009   6458   6961   7133   7118   6894   6944   9714   7421   7572   6966   6938   6571   6105   6606   5903  13538  26304      0      0  65535 
     0      0      0      0      0      0      0      0      0      0      0      0      0      0      0      0      0      0      0 
     0      0      0      0      0      0      0      0      0      0      0      0      0      0      0      0      0      0      0 
     0      0      0      0      0      0      0      0      0      0      0      0      0      0      0      0      0      0      0 
0 -1 -1
     0      0      0      0      0      0      0      0      0      0      0      0      0      0      0      0      0      0      0 
  6457   6638   6333   6959   7008   6556   5903   6895   7117   7133   6606   6105   6943   7420   6963   6570   9726   7573   6938 
 17236  13361     51    154   6333   6556   6638   7008   6457   6959   7133   7117   6895   6943   9726   7420   7573   6963   6938   6570   6105   6606   5903  13539  26304      0      1  65535 
     0      0      0      0      0      0      0      0      0      0      0      0      0      0      0      0      0      0      0 
     0      0      0      0      0      0      0      0      0      0      0      0      0      0      0      0      0      0      0 
     0      0      0      0      0      0      0      0      0      0      0      0      0      0      0      0      0      0      0 
0 -1 -1
     0      0      0      0      0      0      0      0      0      0      0      0      0      0      0      0      0      0      0 
  6457   6638   6333   6959   7007   6554   5903   6893   7116   7131   6606   6104   6941   7419   6962   6570   9719   7573   6939 
 17236  13361     51    154   6333   6554   6638   7007   6457   6959   7131   7116   6893   6941   9719   7419   7573   6962   6939   6570   6104   6606   5903  13540  26303      0      0  65535 
     0      0      0      0      0      0      0      0      0      0      0      0      0      0      0      0      0      0      0 
     0      0      0      0      0      0      0      0      0      0      0      0      0      0      0      0      0      0      0 
     0      0      0      0      0      0      0      0      0      0      0      0      0      0      0      0      0      0      0 
0 -1 -1
