    18     21     23     13     24     20     18     14     20     22     19     24     19     23     23     15      5     19     16 
  9504   9153   9258   9125   8205   7957   8178   9427   8487   8240   8051   8104   9173   8521   8131   8698  10516   9862   9599 
 17236  13361     51    149   9258   7957   9153   8205   9504   9125   8240   8487   9427   9173  10516   8521   9862   8131   9599   8698   8104   8051   8178  13543  26304      0      1  65535 
     0      0      0      0      0      0      0      0      0      0      0      0      0      0      0      0      0      0      0 
     0      0      0      0      0      0      0      0      0      0      0      0      0      0      0      0      0      0      0 
     0      0      0      0      0      0      0      0      0      0      0      0      0      0      0      0      0      0      0 
0 -1 -1
    16     18     21     11     20     17     15     12     17     18     16     20     16     19     18     12      1     16     13 
  9354   9031   9133   9028   8106   7884   8046   9295   8412   8154   7959   7951   9065   8420   8023   8559  10333   9713   9427 
 17236  13361     51    149   9133   7884   9031   8106   9354   9028   8154   8412   9295   9065  10333   8420   9713   8023   9427   8559   7951   7959   8046  13544  26304      0      0  65535 
     0      0      0      0      0      0      0      0      0      0      0      0      0      0      0      0      0      0      0 
     0      0      0      0      0      0      0      0      0      0      0      0      0      0      0      0      0      0      0 
     0      0      0      0      0      0      0      0      0      0      0      0      0      0      0      0      0      0      0 
0 -1 -1
    11     12     15      8     12     11      9      8     11     11      9     11     11     11     10      7      0     10      8 
  9033   8777   8855   8815   7908   7728   7798   9000   8251   7984   7787   7665   8828   8227   7819   8292  10141   9411   9090 
 17236  13361     51    149   8855   7728   8777   7908   9033   8815   7984   8251   9000   8828  10141   8227   9411   7819   9090   8292   7665   7787   7798  13544  26305      0      0  65535 
     0      0      0      0      0      0      0      0      0      0      0      0      0      0      0      0      0      0      0 
     0      0      0      0      0      0      0      0      0      0      0      0      0      0      0      0      0      0      0 
     0      0      0      0      0      0      0      0      0      0      0      0      0      0      0      0      0      0      0 
0 -1 -1
     2      2      4      1      0      1      0      0      0      1      0      0      0      0      0      0      0      0      0 
  8423   8342   8329   8429   7611   7472   7406   8471   7974   7737   7522   7237   8382   7942   7534   7882  10007   8935   8539 
 17236  13361     51    150   8329   7472   8342   7611   8423   8429   7737   7974   8471   8382  10007   7942   8935   7534   8539   7882   7237   7522   7406  13544  26304      0      0  65535 
     0      0      0      0      0      0      0      0      0      0      0      0      0      0      0      0      0      0      0 
     0      0      0      0      0      0      0      0      0      0      0      0      0      0      0      0      0      0      0 
     0      0      0      0      0      0      0      0      0      0      0      0      0      0      0      0      0      0      0 
0 -1 -1
     0      0      0      0      0      0      0      0      0      0      0      0      0      0      0      0      0      0      0 
  7899   7987   7854   8116   7399   7257   7090   8052   7753   7552   7311   6910   8009   7741   7332   7554   9924   8546   8060 
 17236  13361     51    150   7854   7257   7987   7399   7899   8116   7552   7753   8052   8009   9924   7741   8546   7332   8060   7554   6910   7311   7090  13543  26304      0      0  65535 
     0      0      0      0      0      0      0      0      0      0      0      0      0      0      0      0      0      0      0 
     0      0      0      0      0      0      0      0      0      0      0      0      0      0      0      0      0      0      0 
     0      0      0      0      0      0      0      0      0      0      0      0      0      0      0      0      0      0      0 
0 -1 -1
     0      0      0      0      0      0      0      0      0      0      0      0      0      0      0      0      0      0      0 
  7490   7707   7469   7863   7256   7082   6805   7715   7580   7420   7123   6632   7713   7613   7192   7283   9858   8239   7672 
 17236  13361     51    151   7469   7082   7707   7256   7490   7863   7420   7580   7715   7713   9858   7613   8239   7192   7672   7283   6632   7123   6805  13542  26305      0      0  65535 
     0      0      0      0      0      0      0      0      0      0      0      0      0      0      0      0      0      0      0 
     0      0      0      0      0      0      0      0      0      0      0      0      0      0      0      0      0      0      0 
     0      0      0      0      0      0      0      0      0      0      0      0      0      0      0      0      0      0      0 
0 -1 -1
     0      0      0      0      0      0      0      0      0      0      0      0      0      0      0      0      0      0      0 
  7076   7384   7056   7571   7137   6886   6468   7359   7405   7300   6907   6363   7398   7526   7073   6951   9794   7883   7236 
 17236  13361     51    151   7056   6886   7384   7137   7076   7571   7300   7405   7359   7398   9794   7526   7883   7073   7236   6951   6363   6907   6468  13542  26305      0      0  65535 
     0      0      0      0      0      0      0      0      0      0      0      0      0      0      0      0      0      0      0 
     0      0      0      0      0      0      0      0      0      0      0      0      0      0      0      0      0      0      0 
     0      0      0      0      0      0      0      0      0      0      0      0      0      0      0      0      0      0      0 
0 -1 -1
     0      0      0      0      0      0      0      0      0      0      0      0      0      0      0      0      0      0      0 
  6621   6941   6604   7153   7090   6678   6057   7004   7225   7200   6694   6179   7052   7503   7037   6650   9726   7669   7027 
 17236  13361     51    152   6604   6678   6941   7090   6621   7153   7200   7225   7004   7052   9726   7503   7669   7037   7027   6650   6179   6694   6057  13542  26305      0      0  65535 
     0      0      0      0      0      0      0      0      0      0      0      0      0      0      0      0      0      0      0 
     0      0      0      0      0      0      0      0      0      0      0      0      0      0      0      0      0      0      0 
     0      0      0      0      0      0      0      0      0      0      0      0      0      0      0      0      0      0      0 
0 -1 -1
     0      0      0      0      0      0      0      0      0      0      0      0      0      0      0      0      0      0      0 
  6558   6725   6407   7063   7088   6621   5967   7003   7202   7198   6670   6175   7043   7502   7037   6648   9736   7669   7027 
 17236  13361     51    153   6407   6621   6725   7088   6558   7063   7198   7202   7003   7043   9736   7502   7669   7037   7027   6648   6175   6670   5967  13543  26304      0      0  65535 
     0      0      0      0      0      0      0      0      0      0      0      0      0      0      0      0      0      0      0 
     0      0      0      0      0      0      0      0      0      0      0      0      0      0      0      0      0      0      0 
     0      0      0      0      0      0      0      0      0      0      0      0      0      0      0      0      0      0      0 
0 -1 -1
     0      0      0      0      0      0      0      0      0      0      0      0      0      0      0      0      0      0      0 
  6557   6724   6406   7064   7089   6621   5969   7001   7203   7199   6669   6174   7045   7504   7039   6649   9740   7669   7027 
 17236  13361     51    153   6406   6621   6724   7089   6557   7064   7199   7203   7001   7045   9740   7504   7669   7039   7027   6649   6174   6669   5969  13543  26304      0      0  65535 
     0      0      0      0      0      0      0      0      0      0      0      0      0      0      0      0      0      0      0 
     0      0      0      0      0      0      0      0      0      0      0      0      0      0      0      0      0      0      0 
     0      0      0      0      0      0      0      0      0      0      0      0      0      0      0      0      0      0      0 
0 -1 -1
     0      0      0      0      0      0      0      0      0      0      0      0      0      0      0      0      0      0      0 
  6558   6726   6406   7063   7089   6621   5969   7001   7202   7198   6669   6173   7043   7502   7038   6650   9734   7669   7026 
 17236  13361     51    153   6406   6621   6726   7089   6558   7063   7198   7202   7001   7043   9734   7502   7669   7038   7026   6650   6173   6669   5969  13543  26304      0      0  65535 
     0      0      0      0      0      0      0      0      0      0      0      0      0      0      0      0      0      0      0 
     0      0      0      0      0      0      0      0      0      0      0      0      0      0      0      0      0      0      0 
     0      0      0      0      0      0      0      0      0      0      0      0      0      0      0      0      0      0      0 
0 -1 -1
     0      0      0      0      0      0      0      0      0      0      0      0      0      0      0      0      0      0      0 
  6557   6725   6406   7063   7089   6622   5969   7002   7202   7199   6670   6175   7043   7503   7038   6648   9735   7669   7028 
 17236  13361     51    152   6406   6622   6725   7089   6557   7063   7199   7202   7002   7043   9735   7503   7669   7038   7028   6648   6175   6670   5969  13543  26305      0      0  65535 
     0      0      0      0      0      0      0      0      0      0      0      0      0      0      0      0      0      0      0 
     0      0      0      0      0      0      0      0      0      0      0      0      0      0      0      0      0      0      0 
     0      0      0      0      0      0      0      0      0      0      0      0      0      0      0      0      0      0      0 
0 -1 -1
     0      0      0      0      0      0      0      0      0      0      0      0      0      0      0      0      0      0      0 
  6557   6725   6406   7062   7090   6622   5969   7001   7201   7198   6670   6175   7043   7504   7039   6650   9727   7669   7027 
 17236  13361     51    153   6406   6622   6725   7090   6557   7062   7198   7201   7001   7043   9727   7504   7669   7039   7027   6650   6175   6670   5969  13543  26304      0      0  65535 
     0      0      0      0      0      0      0      0      0      0      0      0      0      0      0      0      0      0      0 
     0      0      0      0      0      0      0      0      0      0      0      0      0      0      0      0      0      0      0 
     0      0      0      0      0      0      0      0      0      0      0      0      0      0      0      0      0      0      0 
0 -1 -1
     0      0      0      0      0      0      0      0      0      0      0      0      0      0      0      0      0      0      0 
  6557   6725   6408   7064   7090   6623   5970   7000   7204   7199   6671   6177   7044   7505   7039   6649   9737   7669   7027 
 17236  13361     51    153   6408   6623   6725   7090   6557   7064   7199   7204   7000   7044   9737   7505   7669   7039   7027   6649   6177   6671   5970  13537  26305      0      1  65535 
     0      0      0      0      0      0      0      0      0      0      0      0      0      0      0      0      0      0      0 
     0      0      0      0      0      0      0      0      0      0      0      0      0      0      0      0      0      0      0 
     0      0      0      0      0      0      0      0      0      0      0      0      0      0      0      0      0      0      0 
0 -1 -1
     0      0      0      0      0      0      0      0      0      0      0      0      0      0      0      0      0      0      0 
  6558   6725   6408   7064   7089   6623   5970   7001   7203   7199   6671   6175   7044   7503   7039   6650   9733   7669   7028 
 17236  13361     51    153   6408   6623   6725   7089   6558   7064   7199   7203   7001   7044   9733   7503   7669   7039   7028   6650   6175   6671   5970  13535  26305      1      1  65535 
     0      0      0      0      0      0      0      0      0      0      0      0      0      0      0      0      0      0      0 
     0      0      0      0      0      0      0      0      0      0      0      0      0      0      0      0      0      0      0 
     0      0      0      0      0      0      0      0      0      0      0      0      0      0      0      0      0      0      0 
0 -1 -1
     0      0      0      0      0      0      0      0      0      0      0      0      0      0      0      0      0      0      0 
  6557   6725   6408   7063   7092   6623   5970   7000   7203   7201   6671   6175   7043   7504   7039   6649   9734   7670   7028 
 17236  13361     51    152   6408   6623   6725   7092   6557   7063   7201   7203   7000   7043   9734   7504   7670   7039   7028   6649   6175   6671   5970  13534  26304      0      0  65535 
     0      0      0      0      0      0      0      0      0      0      0      0      0      0      0      0      0      0      0 
     0      0      0      0      0      0      0      0      0      0      0      0      0      0      0      0      0      0      0 
     0      0      0      0      0      0      0      0      0      0      0      0      0      0      0      0      0      0      0 
0 -1 -1
     0      0      0      0      0      0      0      0      0      0      0      0      0      0      0      0      0      0      0 
  6560   6726   6408   7064   7090   6622   5972   7003   7202   7200   6670   6177   7044   7503   7041   6649   9732   7670   7029 
 17236  13361     51    153   6408   6622   6726   7090   6560   7064   7200   7202   7003   7044   9732   7503   7670   7041   7029   6649   6177   6670   5972  13534  26305      0      0  65535 
     0      0      0      0      0      0      0      0      0      0      0      0      0      0      0      0      0      0      0 
     0      0      0      0      0      0      0      0      0      0      0      0      0      0      0      0      0      0      0 
     0      0      0      0      0      0      0      0      0      0      0      0      0      0      0      0      0      0      0 
0 -1 -1
     0      0      0      0      0      0      0      0      0      0      0      0      0      0      0      0      0      0      0 
  6558   6726   6409   7065   7089   6623   5972   7000   7202   7202   6672   6177   7045   7504   7038   6650   9736   7669   7030 
 17236  13361     51    153   6409   6623   6726   7089   6558   7065   7202   7202   7000   7045   9736   7504   7669   7038   7030   6650   6177   6672   5972  13578  26305      0      0  65535 
     0      0      0      0      0      0      0      0      0      0      0      0      0      0      0      0      0      0      0 
     0      0      0      0      0      0      0      0      0      0      0      0      0      0      0      0      0      0      0 
     0      0      0      0      0      0      0      0      0      0      0      0      0      0      0      0      0      0      0 
0 -1 -1
     0      0      0      0      0      0      0      0      0      0      0      0      0      0      0      0      0      0      0 
  6559   6725   6410   7064   7091   6621   5971   7000   7202   7201   6672   6179   7042   7505   7039   6653   9744   7669   7028 
 17236  13361     51    153   6410   6621   6725   7091   6559   7064   7201   7202   7000   7042   9744   7505   7669   7039   7028   6653   6179   6672   5971  13550  26305      0      0  65535 
     0      0      0      0      0      0      0      0      0      0      0      0      0      0      0      0      0      0      0 
     0      0      0      0      0      0      0      0      0      0      0      0      0      0      0      0      0      0      0 
     0      0      0      0      0      0      0      0      0      0      0      0      0      0      0      0      0      0      0 
0 -1 -1
     0      0      0      0      0      0      0      0      0      0      0      0      0      0      0      0      0      0      0 
  6559   6725   6409   7064   7092   6623   5972   7001   7202   7201   6673   6179   7043   7506   7040   6651   9735   7669   7029 
 17236  13361     51    153   6409   6623   6725   7092   6559   7064   7201   7202   7001   7043   9735   7506   7669   7040   7029   6651   6179   6673   5972  13537  26305      1      0  65535 
     0      0      0      0      0      0      0      0      0      0      0      0      0      0      0      0      0      0      0 
     0      0      0      0      0      0      0      0      0      0      0      0      0      0      0      0      0      0      0 
     0      0      0      0      0      0      0      0      0      0      0      0      0      0      0      0      0      0      0 
0 -1 -1
     0      0      0      0      0      0      0      0      0      0      0      0      0      0      0      0      0      0      0 
  6559   6726   6408   7064   7091   6624   5973   7002   7204   7202   6673   6178   7044   7504   7039   6652   9739   7670   7029 
 17236  13361     51    153   6408   6624   6726   7091   6559   7064   7202   7204   7002   7044   9739   7504   7670   7039   7029   6652   6178   6673   5973  13536  26306      1      0  65535 
     0      0      0      0      0      0      0      0      0      0      0      0      0      0      0      0      0      0      0 
     0      0      0      0      0      0      0      0      0      0      0      0      0      0      0      0      0      0      0 
     0      0      0      0      0      0      0      0      0      0      0      0      0      0      0      0      0      0      0 
0 -1 -1
     0      0      0      0      0      0      0      0      0      0      0      0      0      0      0      0      0      0      0 
  6559   6727   6411   7063   7091   6625   5972   7003   7203   7201   6673   6178   7044   7506   7040   6653   9724   7669   7030 
 17236  13361     51    153   6411   6625   6727   7091   6559   7063   7201   7203   7003   7044   9724   7506   7669   7040   7030   6653   6178   6673   5972  13536  26305      0      0  65535 
     0      0      0      0      0      0      0      0      0      0      0      0      0      0      0      0      0      0      0 
     0      0      0      0      0      0      0      0      0      0      0      0      0      0      0      0      0      0      0 
     0      0      0      0      0      0      0      0      0      0      0      0      0      0      0      0      0      0      0 
0 -1 -1
     0      0      0      0      0      0      0      0      0      0      0      0      0      0      0      0      0      0      0 
  6559   6727   6410   7063   7092   6623   5973   7001   7203   7202   6674   6180   7045   7505   7041   6653   9742   7669   7029 
 17236  13361     51    153   6410   6623   6727   7092   6559   7063   7202   7203   7001   7045   9742   7505   7669   7041   7029   6653   6180   6674   5973  13534  26305      0      0  65535 
     0      0      0      0      0      0      0      0      0      0      0      0      0      0      0      0      0      0      0 
     0      0      0      0      0      0      0      0      0      0      0      0      0      0      0      0      0      0      0 
     0      0      0      0      0      0      0      0      0      0      0      0      0      0      0      0      0      0      0 
0 -1 -1
