    19     38     42     25     63     83     68     21     67    109    115    100     43     96    134     89      0     79     71 
  6963   7120   7547   7291   6679   7162   8067   7681   7238   7927   8175   8722   7750   7983   8653  10095  10161   9953  10708 
 17236  13361     51    142   7547   7162   7120   6679   6963   7291   7927   7238   7681   7750  10161   7983   9953   8653  10708  10095   8722   8175   8067  13460  26303      0      0  65535 
     0      0      0      0      0      0      0      0      0      0      0      0      0      0      0      0      0      0      0 
     0      0      0      0      0      0      0      0      0      0      0      0      0      0      0      0      0      0      0 
     0      0      0      0      0      0      0      0      0      0      0      0      0      0      0      0      0      0      0 
0 -1 -1
    21     41     45     27     69     91     72     23     74    119    123    105     48    107    146     94      0     87     76 
  7068   7259   7682   7424   6844   7361   8223   7804   7433   8160   8390   8885   7942   8245   8949  10383  10096  10293  11044 
 17236  13361     51    142   7682   7361   7259   6844   7068   7424   8160   7433   7804   7942  10096   8245  10293   8949  11044  10383   8885   8390   8223  13452  26303      0      0  65535 
     0      0      0      0      0      0      0      0      0      0      0      0      0      0      0      0      0      0      0 
     0      0      0      0      0      0      0      0      0      0      0      0      0      0      0      0      0      0      0 
     0      0      0      0      0      0      0      0      0      0      0      0      0      0      0      0      0      0      0 
0 -1 -1
    22     43     46     29     74     94     71     25     80    125    124    102     52    114    150     93      0     91     77 
  7157   7346   7718   7547   6968   7449   8176   7935   7595   8300   8407   8772   8119   8426   9055  10346  10039  10473  11096 
 17236  13361     51    142   7718   7449   7346   6968   7157   7547   8300   7595   7935   8119  10039   8426  10473   9055  11096  10346   8772   8407   8176  13449  26304      0      0  65535 
     0      0      0      0      0      0      0      0      0      0      0      0      0      0      0      0      0      0      0 
     0      0      0      0      0      0      0      0      0      0      0      0      0      0      0      0      0      0      0 
     0      0      0      0      0      0      0      0      0      0      0      0      0      0      0      0      0      0      0 
0 -1 -1
    21     40     43     28     70     87     63     24     76    117    111     90     50    106    137     84      0     84     69 
  7093   7229   7551   7489   6861   7263   7845   7881   7489   8109   8067   8357   8024   8241   8721   9834   9917  10157  10622 
 17236  13361     51    142   7551   7263   7229   6861   7093   7489   8109   7489   7881   8024   9917   8241  10157   8721  10622   9834   8357   8067   7845  13450  26304      0      0  65535 
     0      0      0      0      0      0      0      0      0      0      0      0      0      0      0      0      0      0      0 
     0      0      0      0      0      0      0      0      0      0      0      0      0      0      0      0      0      0      0 
     0      0      0      0      0      0      0      0      0      0      0      0      0      0      0      0      0      0      0 
0 -1 -1
    18     34     37     23     56     73     54     20     61     96     93     77     40     85    112     71      0     68     58 
  6861   6941   7272   7209   6520   6873   7450   7600   7093   7627   7570   7944   7619   7719   8104   9200   9762   9452   9900 
 17236  13361     51    143   7272   6873   6941   6520   6861   7209   7627   7093   7600   7619   9762   7719   9452   8104   9900   9200   7944   7570   7450  13451  26303      0      0  65535 
     0      0      0      0      0      0      0      0      0      0      0      0      0      0      0      0      0      0      0 
     0      0      0      0      0      0      0      0      0      0      0      0      0      0      0      0      0      0      0 
     0      0      0      0      0      0      0      0      0      0      0      0      0      0      0      0      0      0      0 
0 -1 -1
    15     28     32     18     44     60     46     16     48     78     78     68     32     66     91     61      0     55     49 
  6649   6688   7042   6950   6219   6540   7135   7346   6740   7207   7159   7631   7263   7266   7586   8682   9689   8841   9301 
 17236  13361     51    143   7042   6540   6688   6219   6649   6950   7207   6740   7346   7263   9689   7266   8841   7586   9301   8682   7631   7159   7135  13453  26303      0      0  65535 
     0      0      0      0      0      0      0      0      0      0      0      0      0      0      0      0      0      0      0 
     0      0      0      0      0      0      0      0      0      0      0      0      0      0      0      0      0      0      0 
     0      0      0      0      0      0      0      0      0      0      0      0      0      0      0      0      0      0      0 
0 -1 -1
    11     21     25     14     31     44     33     12     33     54     52     47     23     42     59     41      0     36     32 
  6426   6394   6720   6685   5891   6100   6552   7085   6349   6655   6464   6905   6880   6708   6779   7625   9609   7950   8203 
 17236  13361     51    144   6720   6100   6394   5891   6426   6685   6655   6349   7085   6880   9609   6708   7950   6779   8203   7625   6905   6464   6552  13452  26303      1      0  65535 
     0      0      0      0      0      0      0      0      0      0      0      0      0      0      0      0      0      0      0 
     0      0      0      0      0      0      0      0      0      0      0      0      0      0      0      0      0      0      0 
     0      0      0      0      0      0      0      0      0      0      0      0      0      0      0      0      0      0      0 
0 -1 -1
     5     10     12      7     13     18     10      7     13     20     14     12     11     13     15     12      0     11      9 
  6066   5898   6115   6291   5421   5414   5541   6696   5814   5848   5428   5712   6371   5996   5674   6092   9487   6787   6727 
 17236  13361     51    145   6115   5414   5898   5421   6066   6291   5848   5814   6696   6371   9487   5996   6787   5674   6727   6092   5712   5428   5541  13452  26304      0      0  65535 
     0      0      0      0      0      0      0      0      0      0      0      0      0      0      0      0      0      0      0 
     0      0      0      0      0      0      0      0      0      0      0      0      0      0      0      0      0      0      0 
     0      0      0      0      0      0      0      0      0      0      0      0      0      0      0      0      0      0      0 
0 -1 -1
     0      0      0      0      0      0      0      0      0      0      0      0      0      0      0      0      0      0      0 
  5625   5365   5462   5864   5016   4801   4780   6222   5373   5219   4764   4917   5877   5513   5026   5175   9391   6054   5809 
 17236  13361     51    148   5462   4801   5365   5016   5625   5864   5219   5373   6222   5877   9391   5513   6054   5026   5809   5175   4917   4764   4780  13452  26304      0      0  65535 
     0      0      0      0      0      0      0      0      0      0      0      0      0      0      0      0      0      0      0 
     0      0      0      0      0      0      0      0      0      0      0      0      0      0      0      0      0      0      0 
     0      0      0      0      0      0      0      0      0      0      0      0      0      0      0      0      0      0      0 
0 -1 -1
     0      0      0      0      0      0      0      0      0      0      0      0      0      0      0      0      0      0      0 
  5243   5066   5095   5488   4844   4574   4441   5654   5139   4988   4553   4618   5427   5304   4820   4833   9304   5710   5368 
 17236  13361     51    148   5095   4574   5066   4844   5243   5488   4988   5139   5654   5427   9304   5304   5710   4820   5368   4833   4618   4553   4441  13446  26304      0      0  65535 
     0      0      0      0      0      0      0      0      0      0      0      0      0      0      0      0      0      0      0 
     0      0      0      0      0      0      0      0      0      0      0      0      0      0      0      0      0      0      0 
     0      0      0      0      0      0      0      0      0      0      0      0      0      0      0      0      0      0      0 
0 -1 -1
     0      0      0      0      0      0      0      0      0      0      0      0      0      0      0      0      0      0      0 
  4858   4861   4857   5108   4762   4477   4265   5066   4986   4883   4469   4469   4997   5181   4738   4664   9238   5463   5072 
 17236  13361     51    148   4857   4477   4861   4762   4858   5108   4883   4986   5066   4997   9238   5181   5463   4738   5072   4664   4469   4469   4265  13445  26304      0      0  65535 
     0      0      0      0      0      0      0      0      0      0      0      0      0      0      0      0      0      0      0 
     0      0      0      0      0      0      0      0      0      0      0      0      0      0      0      0      0      0      0 
     0      0      0      0      0      0      0      0      0      0      0      0      0      0      0      0      0      0      0 
0 -1 -1
     0      0      0      0      0      0      0      0      0      0      0      0      0      0      0      0      0      0      0 
  4472   4634   4600   4808   4708   4403   4101   4740   4881   4814   4401   4281   4713   5094   4672   4501   9220   5251   4809 
 17236  13361     51    149   4600   4403   4634   4708   4472   4808   4814   4881   4740   4713   9220   5094   5251   4672   4809   4501   4281   4401   4101  13444  26304      0      0  65535 
     0      0      0      0      0      0      0      0      0      0      0      0      0      0      0      0      0      0      0 
     0      0      0      0      0      0      0      0      0      0      0      0      0      0      0      0      0      0      0 
     0      0      0      0      0      0      0      0      0      0      0      0      0      0      0      0      0      0      0 
0 -1 -1
     0      0      0      0      0      0      0      0      0      0      0      0      0      0      0      0      0      0      0 
  4300   4460   4349   4666   4644   4318   3897   4636   4792   4746   4304   4043   4593   5017   4578   4306   9194   5132   4645 
 17236  13361     51    149   4349   4318   4460   4644   4300   4666   4746   4792   4636   4593   9194   5017   5132   4578   4645   4306   4043   4304   3897  13443  26304      0      0  65535 
     0      0      0      0      0      0      0      0      0      0      0      0      0      0      0      0      0      0      0 
     0      0      0      0      0      0      0      0      0      0      0      0      0      0      0      0      0      0      0 
     0      0      0      0      0      0      0      0      0      0      0      0      0      0      0      0      0      0      0 
0 -1 -1
     0      0      0      0      0      0      0      0      0      0      0      0      0      0      0      0      0      0      0 
  4294   4439   4301   4661   4625   4291   3853   4637   4780   4735   4285   3985   4596   5004   4567   4287   9199   5123   4637 
 17236  13361     51    150   4301   4291   4439   4625   4294   4661   4735   4780   4637   4596   9199   5004   5123   4567   4637   4287   3985   4285   3853  13445  26306      0      0  65535 
     0      0      0      0      0      0      0      0      0      0      0      0      0      0      0      0      0      0      0 
     0      0      0      0      0      0      0      0      0      0      0      0      0      0      0      0      0      0      0 
     0      0      0      0      0      0      0      0      0      0      0      0      0      0      0      0      0      0      0 
0 -1 -1
     0      0      0      0      0      0      0      0      0      0      0      0      0      0      0      0      0      0      0 
  4291   4438   4300   4659   4624   4289   3855   4635   4780   4733   4284   3983   4593   5002   4565   4286   9201   5123   4637 
 17236  13361     51    149   4300   4289   4438   4624   4291   4659   4733   4780   4635   4593   9201   5002   5123   4565   4637   4286   3983   4284   3855  13445  26305      0      0  65535 
     0      0      0      0      0      0      0      0      0      0      0      0      0      0      0      0      0      0      0 
     0      0      0      0      0      0      0      0      0      0      0      0      0      0      0      0      0      0      0 
     0      0      0      0      0      0      0      0      0      0      0      0      0      0      0      0      0      0      0 
0 -1 -1
     0      0      0      0      0      0      0      0      0      0      0      0      0      0      0      0      0      0      0 
  4292   4436   4298   4658   4622   4291   3853   4634   4779   4731   4283   3982   4593   5001   4564   4285   9195   5120   4635 
 17236  13361     51    149   4298   4291   4436   4622   4292   4658   4731   4779   4634   4593   9195   5001   5120   4564   4635   4285   3982   4283   3853  13443  26305      0      0  65535 
     0      0      0      0      0      0      0      0      0      0      0      0      0      0      0      0      0      0      0 
     0      0      0      0      0      0      0      0      0      0      0      0      0      0      0      0      0      0      0 
     0      0      0      0      0      0      0      0      0      0      0      0      0      0      0      0      0      0      0 
0 -1 -1
     0      0      0      0      0      0      0      0      0      0      0      0      0      0      0      0      0      0      0 
  4291   4435   4298   4657   4622   4288   3852   4633   4777   4732   4281   3980   4592   5000   4562   4285   9191   5119   4633 
 17236  13361     51    149   4298   4288   4435   4622   4291   4657   4732   4777   4633   4592   9191   5000   5119   4562   4633   4285   3980   4281   3852  13441  26305      1      0  65535 
     0      0      0      0      0      0      0      0      0      0      0      0      0      0      0      0      0      0      0 
     0      0      0      0      0      0      0      0      0      0      0      0      0      0      0      0      0      0      0 
     0      0      0      0      0      0      0      0      0      0      0      0      0      0      0      0      0      0      0 
0 -1 -1
     0      0      0      0      0      0      0      0      0      0      0      0      0      0      0      0      0      0      0 
  4288   4433   4298   4656   4620   4287   3851   4632   4775   4730   4279   3979   4590   5000   4562   4282   9197   5118   4633 
 17236  13361     51    149   4298   4287   4433   4620   4288   4656   4730   4775   4632   4590   9197   5000   5118   4562   4633   4282   3979   4279   3851  13441  26304      0      0  65535 
     0      0      0      0      0      0      0      0      0      0      0      0      0      0      0      0      0      0      0 
     0      0      0      0      0      0      0      0      0      0      0      0      0      0      0      0      0      0      0 
     0      0      0      0      0      0      0      0      0      0      0      0      0      0      0      0      0      0      0 
0 -1 -1
     0      0      0      0      0      0      0      0      0      0      0      0      0      0      0      0      0      0      0 
  4289   4432   4296   4655   4619   4286   3849   4630   4776   4729   4279   3980   4588   4998   4562   4279   9199   5119   4632 
 17236  13361     51    149   4296   4286   4432   4619   4289   4655   4729   4776   4630   4588   9199   4998   5119   4562   4632   4279   3980   4279   3849  13442  26304      0      0  65535 
     0      0      0      0      0      0      0      0      0      0      0      0      0      0      0      0      0      0      0 
     0      0      0      0      0      0      0      0      0      0      0      0      0      0      0      0      0      0      0 
     0      0      0      0      0      0      0      0      0      0      0      0      0      0      0      0      0      0      0 
0 -1 -1
     0      0      0      0      0      0      0      0      0      0      0      0      0      0      0      0      0      0      0 
  4288   4431   4292   4653   4617   4284   3848   4629   4774   4729   4277   3978   4589   4997   4560   4280   9203   5116   4630 
 17236  13361     51    149   4292   4284   4431   4617   4288   4653   4729   4774   4629   4589   9203   4997   5116   4560   4630   4280   3978   4277   3848  13442  26304      0      0  65535 
     0      0      0      0      0      0      0      0      0      0      0      0      0      0      0      0      0      0      0 
     0      0      0      0      0      0      0      0      0      0      0      0      0      0      0      0      0      0      0 
     0      0      0      0      0      0      0      0      0      0      0      0      0      0      0      0      0      0      0 
0 -1 -1
     0      0      0      0      0      0      0      0      0      0      0      0      0      0      0      0      0      0      0 
  4285   4429   4293   4651   4616   4282   3846   4628   4772   4727   4277   3976   4587   4995   4558   4278   9194   5114   4630 
 17236  13361     51    149   4293   4282   4429   4616   4285   4651   4727   4772   4628   4587   9194   4995   5114   4558   4630   4278   3976   4277   3846  13468  26304      0      0  65535 
     0      0      0      0      0      0      0      0      0      0      0      0      0      0      0      0      0      0      0 
     0      0      0      0      0      0      0      0      0      0      0      0      0      0      0      0      0      0      0 
     0      0      0      0      0      0      0      0      0      0      0      0      0      0      0      0      0      0      0 
0 -1 -1
     0      0      0      0      0      0      0      0      0      0      0      0      0      0      0      0      0      0      0 
  4284   4429   4292   4650   4614   4281   3846   4628   4770   4723   4274   3974   4586   4994   4557   4277   9198   5113   4629 
 17236  13361     51    149   4292   4281   4429   4614   4284   4650   4723   4770   4628   4586   9198   4994   5113   4557   4629   4277   3974   4274   3846  13478  26304      0      0  65535 
     0      0      0      0      0      0      0      0      0      0      0      0      0      0      0      0      0      0      0 
     0      0      0      0      0      0      0      0      0      0      0      0      0      0      0      0      0      0      0 
     0      0      0      0      0      0      0      0      0      0      0      0      0      0      0      0      0      0      0 
0 -1 -1
     0      0      0      0      0      0      0      0      0      0      0      0      0      0      0      0      0      0      0 
  4283   4427   4291   4649   4612   4280   3843   4626   4770   4724   4275   3974   4584   4993   4555   4277   9207   5113   4628 
 17236  13361     51    150   4291   4280   4427   4612   4283   4649   4724   4770   4626   4584   9207   4993   5113   4555   4628   4277   3974   4275   3843  13447  26303      0      0  65535 
     0      0      0      0      0      0      0      0      0      0      0      0      0      0      0      0      0      0      0 
     0      0      0      0      0      0      0      0      0      0      0      0      0      0      0      0      0      0      0 
     0      0      0      0      0      0      0      0      0      0      0      0      0      0      0      0      0      0      0 
0 -1 -1
     0      0      0      0      0      0      0      0      0      0      0      0      0      0      0      0      0      0      0 
  4281   4427   4290   4648   4611   4280   3844   4624   4770   4723   4274   3974   4583   4993   4555   4275   9203   5111   4626 
 17236  13361     51    149   4290   4280   4427   4611   4281   4648   4723   4770   4624   4583   9203   4993   5111   4555   4626   4275   3974   4274   3844  13447  26303      0      0  65535 
     0      0      0      0      0      0      0      0      0      0      0      0      0      0      0      0      0      0      0 
     0      0      0      0      0      0      0      0      0      0      0      0      0      0      0      0      0      0      0 
     0      0      0      0      0      0      0      0      0      0      0      0      0      0      0      0      0      0      0 
0 -1 -1
     0      0      0      0      0      0      0      0      0      0      0      0      0      0      0      0      0      0      0 
  4280   4424   4288   4647   4610   4277   3842   4623   4767   4721   4272   3972   4581   4992   4553   4274   9202   5109   4627 
 17236  13361     51    149   4288   4277   4424   4610   4280   4647   4721   4767   4623   4581   9202   4992   5109   4553   4627   4274   3972   4272   3842  13447  26304      0      0  65535 
     0      0      0      0      0      0      0      0      0      0      0      0      0      0      0      0      0      0      0 
     0      0      0      0      0      0      0      0      0      0      0      0      0      0      0      0      0      0      0 
     0      0      0      0      0      0      0      0      0      0      0      0      0      0      0      0      0      0      0 
0 -1 -1
     0      0      0      0      0      0      0      0      0      0      0      0      0      0      0      0      0      0      0 
  4280   4424   4288   4646   4609   4276   3843   4624   4767   4720   4270   3971   4582   4990   4552   4272   9192   5107   4624 
 17236  13361     51    149   4288   4276   4424   4609   4280   4646   4720   4767   4624   4582   9192   4990   5107   4552   4624   4272   3971   4270   3843  13447  26304      0      0  65535 
     0      0      0      0      0      0      0      0      0      0      0      0      0      0      0      0      0      0      0 
     0      0      0      0      0      0      0      0      0      0      0      0      0      0      0      0      0      0      0 
     0      0      0      0      0      0      0      0      0      0      0      0      0      0      0      0      0      0      0 
0 -1 -1
     0      0      0      0      0      0      0      0      0      0      0      0      0      0      0      0      0      0      0 
  4279   4423   4287   4644   4609   4275   3841   4621   4765   4719   4268   3969   4580   4989   4552   4273   9196   5107   4624 
 17236  13361     51    149   4287   4275   4423   4609   4279   4644   4719   4765   4621   4580   9196   4989   5107   4552   4624   4273   3969   4268   3841  13447  26304      0      0  65535 
     0      0      0      0      0      0      0      0      0      0      0      0      0      0      0      0      0      0      0 
     0      0      0      0      0      0      0      0      0      0      0      0      0      0      0      0      0      0      0 
     0      0      0      0      0      0      0      0      0      0      0      0      0      0      0      0      0      0      0 
0 -1 -1
     0      0      0      0      0      0      0      0      0      0      0      0      0      0      0      0      0      0      0 
  4277   4421   4284   4644   4608   4274   3839   4620   4763   4717   4268   3970   4579   4988   4550   4271   9194   5106   4621 
 17236  13361     51    149   4284   4274   4421   4608   4277   4644   4717   4763   4620   4579   9194   4988   5106   4550   4621   4271   3970   4268   3839  13448  26304      0      1  65535 
     0      0      0      0      0      0      0      0      0      0      0      0      0      0      0      0      0      0      0 
     0      0      0      0      0      0      0      0      0      0      0      0      0      0      0      0      0      0      0 
     0      0      0      0      0      0      0      0      0      0      0      0      0      0      0      0      0      0      0 
0 -1 -1
     0      0      0      0      0      0      0      0      0      0      0      0      0      0      0      0      0      0      0 
  4276   4420   4284   4642   4606   4275   3839   4620   4764   4715   4268   3968   4578   4987   4548   4270   9200   5104   4623 
 17236  13361     51    149   4284   4275   4420   4606   4276   4642   4715   4764   4620   4578   9200   4987   5104   4548   4623   4270   3968   4268   3839  13445  26304      0      0  65535 
     0      0      0      0      0      0      0      0      0      0      0      0      0      0      0      0      0      0      0 
     0      0      0      0      0      0      0      0      0      0      0      0      0      0      0      0      0      0      0 
     0      0      0      0      0      0      0      0      0      0      0      0      0      0      0      0      0      0      0 
0 -1 -1
     0      0      0      0      0      0      0      0      0      0      0      0      0      0      0      0      0      0      0 
  4275   4420   4284   4640   4603   4273   3838   4618   4761   4714   4265   3967   4576   4985   4548   4270   9202   5104   4621 
 17236  13361     51    149   4284   4273   4420   4603   4275   4640   4714   4761   4618   4576   9202   4985   5104   4548   4621   4270   3967   4265   3838  13446  26303      0      0  65535 
     0      0      0      0      0      0      0      0      0      0      0      0      0      0      0      0      0      0      0 
     0      0      0      0      0      0      0      0      0      0      0      0      0      0      0      0      0      0      0 
     0      0      0      0      0      0      0      0      0      0      0      0      0      0      0      0      0      0      0 
0 -1 -1
     0      0      0      0      0      0      0      0      0      0      0      0      0      0      0      0      0      0      0 
  4273   4419   4282   4639   4603   4271   3838   4618   4761   4712   4264   3966   4575   4984   4546   4269   9204   5104   4619 
 17236  13361     51    149   4282   4271   4419   4603   4273   4639   4712   4761   4618   4575   9204   4984   5104   4546   4619   4269   3966   4264   3838  13449  26303      0      0  65535 
     0      0      0      0      0      0      0      0      0      0      0      0      0      0      0      0      0      0      0 
     0      0      0      0      0      0      0      0      0      0      0      0      0      0      0      0      0      0      0 
     0      0      0      0      0      0      0      0      0      0      0      0      0      0      0      0      0      0      0 
0 -1 -1
     0      0      0      0      0      0      0      0      0      0      0      0      0      0      0      0      0      0      0 
  4273   4416   4281   4637   4603   4269   3837   4617   4757   4714   4262   3966   4574   4983   4546   4267   9204   5102   4618 
 17236  13361     51    149   4281   4269   4416   4603   4273   4637   4714   4757   4617   4574   9204   4983   5102   4546   4618   4267   3966   4262   3837  13451  26304      0      0  65535 
     0      0      0      0      0      0      0      0      0      0      0      0      0      0      0      0      0      0      0 
     0      0      0      0      0      0      0      0      0      0      0      0      0      0      0      0      0      0      0 
     0      0      0      0      0      0      0      0      0      0      0      0      0      0      0      0      0      0      0 
0 -1 -1
