     7      8      8      6      6      7      7      9      7      7      8     10     12     15     24     31      0    122    255 
  5164   4883   4758   5199   4645   4333   4037   5425   4860   4690   4314   4211   5170   5264   4982   5770   9446  10792  21928 
 17236  13361     51    150   4758   4333   4883   4645   5164   5199   4690   4860   5425   5170   9446   5264  10792   4982  21928   5770   4211   4314   4037  13445  26305      0      0  65535 
     0      0      0      0      0      0      0      0      0      0      0      0      0      0      0      0      0      0      0 
     0      0      0      0      0      0      0      0      0      0      0      0      0      0      0      0      0      0      0 
     0      0      0      0      0      0      0      0      0      0      0      0      0      0      0      0      0      0      0 
0 -1 -1
     7      8      8      6      6      7      7      8      7      7      8     10     12     15     23     30      0    123    255 
  5160   4883   4758   5195   4644   4333   4040   5422   4855   4683   4308   4212   5162   5251   4965   5739   9408  10844  23280 
 17236  13361     51    149   4758   4333   4883   4644   5160   5195   4683   4855   5422   5162   9408   5251  10844   4965  23280   5739   4212   4308   4040  13445  26304      0      0  65535 
     0      0      0      0      0      0      0      0      0      0      0      0      0      0      0      0      0      0      0 
     0      0      0      0      0      0      0      0      0      0      0      0      0      0      0      0      0      0      0 
     0      0      0      0      0      0      0      0      0      0      0      0      0      0      0      0      0      0      0 
0 -1 -1
     7      8      8      6      6      7      7      8      7      7      8     10     12     14     23     29      0    122    255 
  5160   4882   4760   5194   4643   4333   4039   5422   4852   4682   4307   4209   5158   5242   4951   5686   9394  10805  23735 
 17236  13361     51    150   4760   4333   4882   4643   5160   5194   4682   4852   5422   5158   9394   5242  10805   4951  23735   5686   4209   4307   4039  13446  26304      0      0  65535 
     0      0      0      0      0      0      0      0      0      0      0      0      0      0      0      0      0      0      0 
     0      0      0      0      0      0      0      0      0      0      0      0      0      0      0      0      0      0      0 
     0      0      0      0      0      0      0      0      0      0      0      0      0      0      0      0      0      0      0 
0 -1 -1
     6      8      8      6      6      6      7      8      7      7      7     10     12     14     22     28      0    121    255 
  5157   4883   4762   5195   4643   4331   4040   5419   4849   4678   4303   4208   5155   5236   4937   5635   9372  10735  23912 
 17236  13361     51    149   4762   4331   4883   4643   5157   5195   4678   4849   5419   5155   9372   5236  10735   4937  23912   5635   4208   4303   4040  13446  26304      0      0  65535 
     0      0      0      0      0      0      0      0      0      0      0      0      0      0      0      0      0      0      0 
     0      0      0      0      0      0      0      0      0      0      0      0      0      0      0      0      0      0      0 
     0      0      0      0      0      0      0      0      0      0      0      0      0      0      0      0      0      0      0 
0 -1 -1
     6      8      8      6      6      6      7      8      7      7      7     10     12     14     22     27      0    118    255 
  5155   4883   4761   5192   4642   4329   4037   5418   4848   4676   4302   4204   5150   5228   4924   5575   9346  10620  23728 
 17236  13361     51    149   4761   4329   4883   4642   5155   5192   4676   4848   5418   5150   9346   5228  10620   4924  23728   5575   4204   4302   4037  13447  26304      0      0  65535 
     0      0      0      0      0      0      0      0      0      0      0      0      0      0      0      0      0      0      0 
     0      0      0      0      0      0      0      0      0      0      0      0      0      0      0      0      0      0      0 
     0      0      0      0      0      0      0      0      0      0      0      0      0      0      0      0      0      0      0 
0 -1 -1
     6      8      8      6      6      6      7      8      6      7      7     10     12     14     21     26      0    116    255 
  5154   4883   4762   5190   4642   4329   4038   5417   4845   4674   4300   4205   5145   5223   4913   5547   9329  10530  23923 
 17236  13361     51    149   4762   4329   4883   4642   5154   5190   4674   4845   5417   5145   9329   5223  10530   4913  23923   5547   4205   4300   4038  13447  26304      0      0  65535 
     0      0      0      0      0      0      0      0      0      0      0      0      0      0      0      0      0      0      0 
     0      0      0      0      0      0      0      0      0      0      0      0      0      0      0      0      0      0      0 
     0      0      0      0      0      0      0      0      0      0      0      0      0      0      0      0      0      0      0 
0 -1 -1
     6      8      8      6      6      6      7      8      6      7      7     10     12     13     21     26      0    114    255 
  5151   4884   4765   5189   4639   4328   4042   5412   4842   4669   4297   4208   5137   5213   4900   5539   9313  10435  24430 
 17236  13361     51    149   4765   4328   4884   4639   5151   5189   4669   4842   5412   5137   9313   5213  10435   4900  24430   5539   4208   4297   4042  13439  26303      0      0  65535 
     0      0      0      0      0      0      0      0      0      0      0      0      0      0      0      0      0      0      0 
     0      0      0      0      0      0      0      0      0      0      0      0      0      0      0      0      0      0      0 
     0      0      0      0      0      0      0      0      0      0      0      0      0      0      0      0      0      0      0 
0 -1 -1
     6      8      8      6      6      6      7      8      6      6      7     10     11     13     20     26      0    112    255 
  5146   4883   4765   5183   4636   4326   4039   5404   4835   4665   4294   4209   5127   5200   4886   5535   9285  10340  24965 
 17236  13361     51    149   4765   4326   4883   4636   5146   5183   4665   4835   5404   5127   9285   5200  10340   4886  24965   5535   4209   4294   4039  13439  26303      0      0  65535 
     0      0      0      0      0      0      0      0      0      0      0      0      0      0      0      0      0      0      0 
     0      0      0      0      0      0      0      0      0      0      0      0      0      0      0      0      0      0      0 
     0      0      0      0      0      0      0      0      0      0      0      0      0      0      0      0      0      0      0 
0 -1 -1
     6      8      8      6      6      6      7      8      6      6      7     10     11     12     20     25      0    108    255 
  5135   4877   4761   5176   4631   4323   4038   5392   4831   4659   4290   4204   5115   5188   4866   5487   9278  10136  24735 
 17236  13361     51    150   4761   4323   4877   4631   5135   5176   4659   4831   5392   5115   9278   5188  10136   4866  24735   5487   4204   4290   4038  13442  26304      0      0  65535 
     0      0      0      0      0      0      0      0      0      0      0      0      0      0      0      0      0      0      0 
     0      0      0      0      0      0      0      0      0      0      0      0      0      0      0      0      0      0      0 
     0      0      0      0      0      0      0      0      0      0      0      0      0      0      0      0      0      0      0 
0 -1 -1
     6      8      8      6      6      6      7      8      6      6      7     10     11     12     19     24      0    104    255 
  5131   4876   4761   5172   4631   4320   4037   5386   4826   4656   4287   4201   5105   5177   4848   5445   9259   9943  24610 
 17236  13361     51    150   4761   4320   4876   4631   5131   5172   4656   4826   5386   5105   9259   5177   9943   4848  24610   5445   4201   4287   4037  13443  26304      0      0  65535 
     0      0      0      0      0      0      0      0      0      0      0      0      0      0      0      0      0      0      0 
     0      0      0      0      0      0      0      0      0      0      0      0      0      0      0      0      0      0      0 
     0      0      0      0      0      0      0      0      0      0      0      0      0      0      0      0      0      0      0 
0 -1 -1
     6      7      8      6      6      6      7      8      6      6      7     10     11     11     18     23      0    100    255 
  5130   4874   4763   5171   4628   4320   4037   5380   4824   4653   4283   4197   5098   5168   4833   5403   9247   9752  24300 
 17236  13361     51    150   4763   4320   4874   4628   5130   5171   4653   4824   5380   5098   9247   5168   9752   4833  24300   5403   4197   4283   4037  13441  26304      0      0  65535 
     0      0      0      0      0      0      0      0      0      0      0      0      0      0      0      0      0      0      0 
     0      0      0      0      0      0      0      0      0      0      0      0      0      0      0      0      0      0      0 
     0      0      0      0      0      0      0      0      0      0      0      0      0      0      0      0      0      0      0 
0 -1 -1
     6      7      8      6      6      6      7      8      6      6      7     10     10     11     18     23      0     96    255 
  5125   4873   4763   5168   4627   4318   4035   5378   4821   4649   4280   4194   5091   5159   4818   5364   9251   9576  23980 
 17236  13361     51    150   4763   4318   4873   4627   5125   5168   4649   4821   5378   5091   9251   5159   9576   4818  23980   5364   4194   4280   4035  13443  26304      0      1  65535 
     0      0      0      0      0      0      0      0      0      0      0      0      0      0      0      0      0      0      0 
     0      0      0      0      0      0      0      0      0      0      0      0      0      0      0      0      0      0      0 
     0      0      0      0      0      0      0      0      0      0      0      0      0      0      0      0      0      0      0 
0 -1 -1
     6      7      8      6      6      6      7      8      5      6      7     10     10     11     17     22      0     92    255 
  5125   4869   4761   5164   4626   4317   4035   5373   4816   4646   4276   4193   5082   5150   4802   5328   9234   9388  23734 
 17236  13361     51    149   4761   4317   4869   4626   5125   5164   4646   4816   5373   5082   9234   5150   9388   4802  23734   5328   4193   4276   4035  13442  26304      0      1  65535 
     0      0      0      0      0      0      0      0      0      0      0      0      0      0      0      0      0      0      0 
     0      0      0      0      0      0      0      0      0      0      0      0      0      0      0      0      0      0      0 
     0      0      0      0      0      0      0      0      0      0      0      0      0      0      0      0      0      0      0 
0 -1 -1
     6      7      8      6      5      6      7      8      5      5      6      9     10     10     16     21      0     87    255 
  5122   4870   4764   5162   4623   4317   4036   5366   4813   4644   4272   4190   5073   5139   4784   5287   9228   9165  23485 
 17236  13361     51    149   4764   4317   4870   4623   5122   5162   4644   4813   5366   5073   9228   5139   9165   4784  23485   5287   4190   4272   4036  13442  26304      0      0  65535 
     0      0      0      0      0      0      0      0      0      0      0      0      0      0      0      0      0      0      0 
     0      0      0      0      0      0      0      0      0      0      0      0      0      0      0      0      0      0      0 
     0      0      0      0      0      0      0      0      0      0      0      0      0      0      0      0      0      0      0 
0 -1 -1
     6      7      9      6      5      6      7      8      5      5      6      9     10     10     15     20      0     79    255 
  5122   4870   4768   5161   4622   4316   4038   5359   4809   4639   4268   4190   5064   5126   4758   5226   9226   8824  22695 
 17236  13361     51    149   4768   4316   4870   4622   5122   5161   4639   4809   5359   5064   9226   5126   8824   4758  22695   5226   4190   4268   4038  13442  26304      0      0  65535 
     0      0      0      0      0      0      0      0      0      0      0      0      0      0      0      0      0      0      0 
     0      0      0      0      0      0      0      0      0      0      0      0      0      0      0      0      0      0      0 
     0      0      0      0      0      0      0      0      0      0      0      0      0      0      0      0      0      0      0 
0 -1 -1
     6      7      8      6      5      6      7      7      5      5      6      9     10      9     15     19      0     74    255 
  5118   4869   4767   5157   4618   4313   4037   5354   4808   4636   4267   4188   5057   5119   4742   5179   9226   8584  21799 
 17236  13361     51    149   4767   4313   4869   4618   5118   5157   4636   4808   5354   5057   9226   5119   8584   4742  21799   5179   4188   4267   4037  13441  26304      0      0  65535 
     0      0      0      0      0      0      0      0      0      0      0      0      0      0      0      0      0      0      0 
     0      0      0      0      0      0      0      0      0      0      0      0      0      0      0      0      0      0      0 
     0      0      0      0      0      0      0      0      0      0      0      0      0      0      0      0      0      0      0 
0 -1 -1
     6      7      8      5      5      6      7      7      5      5      6      9      9      9     14     19      0     70    255 
  5115   4865   4766   5153   4619   4313   4038   5351   4804   4632   4266   4185   5051   5109   4729   5149   9226   8396  21355 
 17236  13361     51    149   4766   4313   4865   4619   5115   5153   4632   4804   5351   5051   9226   5109   8396   4729  21355   5149   4185   4266   4038  13444  26303      0      0  65535 
     0      0      0      0      0      0      0      0      0      0      0      0      0      0      0      0      0      0      0 
     0      0      0      0      0      0      0      0      0      0      0      0      0      0      0      0      0      0      0 
     0      0      0      0      0      0      0      0      0      0      0      0      0      0      0      0      0      0      0 
0 -1 -1
     6      7      8      5      5      6      7      7      5      5      6      9      9      9     14     18      0     68    255 
  5109   4862   4767   5149   4614   4310   4033   5342   4800   4629   4262   4184   5043   5105   4718   5138   9231   8318  21251 
 17236  13361     51    149   4767   4310   4862   4614   5109   5149   4629   4800   5342   5043   9231   5105   8318   4718  21251   5138   4184   4262   4033  13456  26303      0      0  65535 
     0      0      0      0      0      0      0      0      0      0      0      0      0      0      0      0      0      0      0 
     0      0      0      0      0      0      0      0      0      0      0      0      0      0      0      0      0      0      0 
     0      0      0      0      0      0      0      0      0      0      0      0      0      0      0      0      0      0      0 
0 -1 -1
     5      7      8      5      5      5      6      7      5      5      6      9      9      9     14     19      0     72    254 
  5090   4849   4749   5137   4607   4302   4023   5332   4795   4625   4258   4177   5040   5109   4724   5160   9225   8481  21166 
 17236  13361     51    149   4749   4302   4849   4607   5090   5137   4625   4795   5332   5040   9225   5109   8481   4724  21166   5160   4177   4258   4023  13458  26304      0      0  65535 
     0      0      0      0      0      0      0      0      0      0      0      0      0      0      0      0      0      0      0 
     0      0      0      0      0      0      0      0      0      0      0      0      0      0      0      0      0      0      0 
     0      0      0      0      0      0      0      0      0      0      0      0      0      0      0      0      0      0      0 
0 -1 -1
     5      6      8      5      4      5      6      7      4      5      6      9      9      9     14     19      0     78    251 
  5063   4829   4726   5118   4598   4291   4009   5320   4789   4623   4253   4170   5043   5117   4735   5194   9223   8775  21015 
 17236  13361     51    150   4726   4291   4829   4598   5063   5118   4623   4789   5320   5043   9223   5117   8775   4735  21015   5194   4170   4253   4009  13444  26306      0      0  65535 
     0      0      0      0      0      0      0      0      0      0      0      0      0      0      0      0      0      0      0 
     0      0      0      0      0      0      0      0      0      0      0      0      0      0      0      0      0      0      0 
     0      0      0      0      0      0      0      0      0      0      0      0      0      0      0      0      0      0      0 
0 -1 -1
     4      6      7      4      4      5      6      7      4      4      6      9      9     10     15     20      0     86    238 
  5025   4799   4691   5099   4584   4279   3989   5305   4785   4620   4249   4159   5047   5134   4755   5236   9250   9140  20146 
 17236  13361     51    149   4691   4279   4799   4584   5025   5099   4620   4785   5305   5047   9250   5134   9140   4755  20146   5236   4159   4249   3989  13445  26304      0      0  65535 
     0      0      0      0      0      0      0      0      0      0      0      0      0      0      0      0      0      0      0 
     0      0      0      0      0      0      0      0      0      0      0      0      0      0      0      0      0      0      0 
     0      0      0      0      0      0      0      0      0      0      0      0      0      0      0      0      0      0      0 
0 -1 -1
     4      5      6      4      4      4      5      7      4      5      5      8     10     11     16     21      0     91    221 
  4999   4777   4665   5086   4579   4270   3975   5296   4786   4624   4246   4150   5058   5153   4772   5264   9269   9365  19066 
 17236  13361     51    149   4665   4270   4777   4579   4999   5086   4624   4786   5296   5058   9269   5153   9365   4772  19066   5264   4150   4246   3975  13443  26304      0      0  65535 
     0      0      0      0      0      0      0      0      0      0      0      0      0      0      0      0      0      0      0 
     0      0      0      0      0      0      0      0      0      0      0      0      0      0      0      0      0      0      0 
     0      0      0      0      0      0      0      0      0      0      0      0      0      0      0      0      0      0      0 
0 -1 -1
     4      5      6      4      3      4      5      6      4      5      5      8     10     12     16     21      0     91    195 
  4977   4761   4645   5075   4573   4262   3964   5288   4788   4631   4248   4142   5070   5174   4789   5288   9276   9362  17327 
 17236  13361     51    150   4645   4262   4761   4573   4977   5075   4631   4788   5288   5070   9276   5174   9362   4789  17327   5288   4142   4248   3964  13443  26304      0      0  65535 
     0      0      0      0      0      0      0      0      0      0      0      0      0      0      0      0      0      0      0 
     0      0      0      0      0      0      0      0      0      0      0      0      0      0      0      0      0      0      0 
     0      0      0      0      0      0      0      0      0      0      0      0      0      0      0      0      0      0      0 
0 -1 -1
     3      5      5      4      3      4      5      6      4      5      5      8     10     12     16     19      0     71    137 
  4953   4746   4621   5066   4570   4257   3951   5277   4790   4635   4247   4127   5074   5181   4773   5178   9268   8440  13575 
 17236  13361     51    150   4621   4257   4746   4570   4953   5066   4635   4790   5277   5074   9268   5181   8440   4773  13575   5178   4127   4247   3951  13444  26305      0      0  65535 
     0      0      0      0      0      0      0      0      0      0      0      0      0      0      0      0      0      0      0 
     0      0      0      0      0      0      0      0      0      0      0      0      0      0      0      0      0      0      0 
     0      0      0      0      0      0      0      0      0      0      0      0      0      0      0      0      0      0      0 
0 -1 -1
     3      4      5      3      3      3      4      6      4      4      4      6      9      9     11     11      0     32     50 
  4913   4717   4592   5034   4556   4242   3919   5232   4772   4621   4219   4067   5022   5122   4654   4767   9231   6625   7914 
 17236  13361     51    150   4592   4242   4717   4556   4913   5034   4621   4772   5232   5022   9231   5122   6625   4654   7914   4767   4067   4219   3919  13443  26304      0      0  65535 
     0      0      0      0      0      0      0      0      0      0      0      0      0      0      0      0      0      0      0 
     0      0      0      0      0      0      0      0      0      0      0      0      0      0      0      0      0      0      0 
     0      0      0      0      0      0      0      0      0      0      0      0      0      0      0      0      0      0      0 
0 -1 -1
     1      2      3      1      0      1      2      3      1      1      1      2      5      3      3      3      0      5      5 
  4794   4630   4490   4931   4492   4180   3821   5083   4694   4545   4122   3933   4851   4959   4447   4339   9211   5396   4999 
 17236  13361     51    150   4490   4180   4630   4492   4794   4931   4545   4694   5083   4851   9211   4959   5396   4447   4999   4339   3933   4122   3821  13442  26303      0      0  65535 
     0      0      0      0      0      0      0      0      0      0      0      0      0      0      0      0      0      0      0 
     0      0      0      0      0      0      0      0      0      0      0      0      0      0      0      0      0      0      0 
     0      0      0      0      0      0      0      0      0      0      0      0      0      0      0      0      0      0      0 
0 -1 -1
     0      0      0      0      0      0      0      1      0      0      0      0      1      0      0      0      0      0      0 
  4631   4504   4344   4796   4415   4094   3715   4896   4605   4462   4037   3821   4676   4830   4328   4164   9221   5115   4650 
 17236  13361     51    150   4344   4094   4504   4415   4631   4796   4462   4605   4896   4676   9221   4830   5115   4328   4650   4164   3821   4037   3715  13444  26303      0      0  65535 
     0      0      0      0      0      0      0      0      0      0      0      0      0      0      0      0      0      0      0 
     0      0      0      0      0      0      0      0      0      0      0      0      0      0      0      0      0      0      0 
     0      0      0      0      0      0      0      0      0      0      0      0      0      0      0      0      0      0      0 
0 -1 -1
     0      0      0      0      0      0      0      0      0      0      0      0      0      0      0      0      0      0      0 
  4516   4420   4246   4710   4372   4048   3657   4783   4556   4426   3995   3762   4583   4779   4288   4091   9222   5032   4541 
 17236  13361     51    150   4246   4048   4420   4372   4516   4710   4426   4556   4783   4583   9222   4779   5032   4288   4541   4091   3762   3995   3657  13445  26305      0      0  65535 
     0      0      0      0      0      0      0      0      0      0      0      0      0      0      0      0      0      0      0 
     0      0      0      0      0      0      0      0      0      0      0      0      0      0      0      0      0      0      0 
     0      0      0      0      0      0      0      0      0      0      0      0      0      0      0      0      0      0      0 
0 -1 -1
     0      0      0      0      0      0      0      0      0      0      0      0      0      0      0      0      0      0      0 
  4424   4348   4162   4641   4341   4012   3604   4685   4519   4403   3964   3720   4505   4740   4258   4022   9237   4956   4436 
 17236  13361     51    150   4162   4012   4348   4341   4424   4641   4403   4519   4685   4505   9237   4740   4956   4258   4436   4022   3720   3964   3604  13445  26305      0      0  65535 
     0      0      0      0      0      0      0      0      0      0      0      0      0      0      0      0      0      0      0 
     0      0      0      0      0      0      0      0      0      0      0      0      0      0      0      0      0      0      0 
     0      0      0      0      0      0      0      0      0      0      0      0      0      0      0      0      0      0      0 
0 -1 -1
     0      0      0      0      0      0      0      0      0      0      0      0      0      0      0      0      0      0      0 
  4320   4265   4081   4566   4309   3972   3562   4570   4484   4378   3929   3678   4409   4697   4229   3962   9256   4853   4333 
 17236  13361     51    150   4081   3972   4265   4309   4320   4566   4378   4484   4570   4409   9256   4697   4853   4229   4333   3962   3678   3929   3562  13446  26305      0      0  65535 
     0      0      0      0      0      0      0      0      0      0      0      0      0      0      0      0      0      0      0 
     0      0      0      0      0      0      0      0      0      0      0      0      0      0      0      0      0      0      0 
     0      0      0      0      0      0      0      0      0      0      0      0      0      0      0      0      0      0      0 
0 -1 -1
     0      0      0      0      0      0      0      0      0      0      0      0      0      0      0      0      0      0      0 
  4223   4192   4032   4491   4282   3946   3537   4467   4454   4358   3914   3659   4329   4659   4206   3930   9248   4793   4297 
 17236  13361     51    151   4032   3946   4192   4282   4223   4491   4358   4454   4467   4329   9248   4659   4793   4206   4297   3930   3659   3914   3537  13442  26304      0      0  65535 
     0      0      0      0      0      0      0      0      0      0      0      0      0      0      0      0      0      0      0 
     0      0      0      0      0      0      0      0      0      0      0      0      0      0      0      0      0      0      0 
     0      0      0      0      0      0      0      0      0      0      0      0      0      0      0      0      0      0      0 
0 -1 -1
     0      0      0      0      0      0      0      0      0      0      0      0      0      0      0      0      0      0      0 
  4090   4117   3979   4388   4253   3918   3496   4368   4416   4336   3892   3641   4268   4632   4184   3926   9248   4769   4293 
 17236  13361     51    150   3979   3918   4117   4253   4090   4388   4336   4416   4368   4268   9248   4632   4769   4184   4293   3926   3641   3892   3496  13439  26304      1      0  65535 
     0      0      0      0      0      0      0      0      0      0      0      0      0      0      0      0      0      0      0 
     0      0      0      0      0      0      0      0      0      0      0      0      0      0      0      0      0      0      0 
     0      0      0      0      0      0      0      0      0      0      0      0      0      0      0      0      0      0      0 
0 -1 -1
     0      0      0      0      0      0      0      0      0      0      0      0      0      0      0      0      0      0      0 
  3916   4036   3931   4271   4189   3872   3498   4267   4365   4306   3882   3644   4219   4602   4175   3931   9250   4762   4300 
 17236  13361     51    151   3931   3872   4036   4189   3916   4271   4306   4365   4267   4219   9250   4602   4762   4175   4300   3931   3644   3882   3498  13438  26304      0      0  65535 
     0      0      0      0      0      0      0      0      0      0      0      0      0      0      0      0      0      0      0 
     0      0      0      0      0      0      0      0      0      0      0      0      0      0      0      0      0      0      0 
     0      0      0      0      0      0      0      0      0      0      0      0      0      0      0      0      0      0      0 
0 -1 -1
     0      0      0      0      0      0      0      0      0      0      0      0      0      0      0      0      0      0      0 
  3889   4024   3931   4244   4178   3873   3497   4256   4367   4307   3882   3643   4216   4601   4174   3931   9260   4762   4302 
 17236  13361     51    150   3931   3873   4024   4178   3889   4244   4307   4367   4256   4216   9260   4601   4762   4174   4302   3931   3643   3882   3497  13439  26304      0      0  65535 
     0      0      0      0      0      0      0      0      0      0      0      0      0      0      0      0      0      0      0 
     0      0      0      0      0      0      0      0      0      0      0      0      0      0      0      0      0      0      0 
     0      0      0      0      0      0      0      0      0      0      0      0      0      0      0      0      0      0      0 
0 -1 -1
     0      0      0      0      0      0      0      0      0      0      0      0      0      0      0      0      0      0      0 
  3888   4023   3931   4242   4177   3872   3497   4255   4367   4305   3883   3643   4216   4603   4174   3931   9282   4762   4304 
 17236  13361     51    150   3931   3872   4023   4177   3888   4242   4305   4367   4255   4216   9282   4603   4762   4174   4304   3931   3643   3883   3497  13441  26305      0      0  65535 
     0      0      0      0      0      0      0      0      0      0      0      0      0      0      0      0      0      0      0 
     0      0      0      0      0      0      0      0      0      0      0      0      0      0      0      0      0      0      0 
     0      0      0      0      0      0      0      0      0      0      0      0      0      0      0      0      0      0      0 
0 -1 -1
     0      0      0      0      0      0      0      0      0      0      0      0      0      0      0      0      0      0      0 
  3889   4023   3932   4243   4178   3871   3497   4256   4366   4305   3883   3644   4216   4602   4173   3931   9293   4763   4304 
 17236  13361     51    150   3932   3871   4023   4178   3889   4243   4305   4366   4256   4216   9293   4602   4763   4173   4304   3931   3644   3883   3497  13441  26304      0      0  65535 
     0      0      0      0      0      0      0      0      0      0      0      0      0      0      0      0      0      0      0 
     0      0      0      0      0      0      0      0      0      0      0      0      0      0      0      0      0      0      0 
     0      0      0      0      0      0      0      0      0      0      0      0      0      0      0      0      0      0      0 
0 -1 -1
     0      0      0      0      0      0      0      0      0      0      0      0      0      0      0      0      0      0      0 
  3889   4024   3931   4241   4177   3871   3497   4255   4363   4305   3883   3642   4216   4601   4173   3931   9306   4763   4302 
 17236  13361     51    151   3931   3871   4024   4177   3889   4241   4305   4363   4255   4216   9306   4601   4763   4173   4302   3931   3642   3883   3497  13442  26303      1      0  65535 
     0      0      0      0      0      0      0      0      0      0      0      0      0      0      0      0      0      0      0 
     0      0      0      0      0      0      0      0      0      0      0      0      0      0      0      0      0      0      0 
     0      0      0      0      0      0      0      0      0      0      0      0      0      0      0      0      0      0      0 
0 -1 -1
     0      0      0      0      0      0      0      0      0      0      0      0      0      0      0      0      0      0      0 
  3888   4024   3931   4241   4178   3872   3497   4255   4364   4305   3881   3642   4216   4601   4175   3931   9305   4762   4305 
 17236  13361     51    150   3931   3872   4024   4178   3888   4241   4305   4364   4255   4216   9305   4601   4762   4175   4305   3931   3642   3881   3497  13442  26304      0      0  65535 
     0      0      0      0      0      0      0      0      0      0      0      0      0      0      0      0      0      0      0 
     0      0      0      0      0      0      0      0      0      0      0      0      0      0      0      0      0      0      0 
     0      0      0      0      0      0      0      0      0      0      0      0      0      0      0      0      0      0      0 
0 -1 -1
     0      0      0      0      0      0      0      0      0      0      0      0      0      0      0      0      0      0      0 
  3889   4023   3930   4241   4177   3872   3497   4255   4366   4305   3881   3643   4214   4601   4174   3932   9318   4762   4305 
 17236  13361     51    151   3930   3872   4023   4177   3889   4241   4305   4366   4255   4214   9318   4601   4762   4174   4305   3932   3643   3881   3497  13448  26304      0      0  65535 
     0      0      0      0      0      0      0      0      0      0      0      0      0      0      0      0      0      0      0 
     0      0      0      0      0      0      0      0      0      0      0      0      0      0      0      0      0      0      0 
     0      0      0      0      0      0      0      0      0      0      0      0      0      0      0      0      0      0      0 
0 -1 -1
     0      0      0      0      0      0      0      0      0      0      0      0      0      0      0      0      0      0      0 
  3889   4024   3931   4241   4176   3872   3495   4254   4363   4304   3883   3642   4214   4600   4173   3931   9324   4762   4305 
 17236  13361     51    151   3931   3872   4024   4176   3889   4241   4304   4363   4254   4214   9324   4600   4762   4173   4305   3931   3642   3883   3495  13442  26305      1      0  65535 
     0      0      0      0      0      0      0      0      0      0      0      0      0      0      0      0      0      0      0 
     0      0      0      0      0      0      0      0      0      0      0      0      0      0      0      0      0      0      0 
     0      0      0      0      0      0      0      0      0      0      0      0      0      0      0      0      0      0      0 
0 -1 -1
     0      0      0      0      0      0      0      0      0      0      0      0      0      0      0      0      0      0      0 
  3888   4022   3931   4240   4176   3871   3497   4254   4365   4306   3880   3641   4216   4600   4172   3931   9326   4761   4306 
 17236  13361     51    150   3931   3871   4022   4176   3888   4240   4306   4365   4254   4216   9326   4600   4761   4172   4306   3931   3641   3880   3497  13442  26305      0      0  65535 
     0      0      0      0      0      0      0      0      0      0      0      0      0      0      0      0      0      0      0 
     0      0      0      0      0      0      0      0      0      0      0      0      0      0      0      0      0      0      0 
     0      0      0      0      0      0      0      0      0      0      0      0      0      0      0      0      0      0      0 
0 -1 -1
     0      0      0      0      0      0      0      0      0      0      0      0      0      0      0      0      0      0      0 
  3887   4021   3930   4241   4176   3871   3496   4254   4365   4305   3881   3642   4215   4599   4174   3931   9340   4761   4306 
 17236  13361     51    151   3930   3871   4021   4176   3887   4241   4305   4365   4254   4215   9340   4599   4761   4174   4306   3931   3642   3881   3496  13447  26305      0      0  65535 
     0      0      0      0      0      0      0      0      0      0      0      0      0      0      0      0      0      0      0 
     0      0      0      0      0      0      0      0      0      0      0      0      0      0      0      0      0      0      0 
     0      0      0      0      0      0      0      0      0      0      0      0      0      0      0      0      0      0      0 
0 -1 -1
     0      0      0      0      0      0      0      0      0      0      0      0      0      0      0      0      0      0      0 
  3887   4023   3931   4241   4177   3872   3496   4254   4364   4304   3882   3643   4212   4600   4173   3931   9347   4760   4307 
 17236  13361     51    150   3931   3872   4023   4177   3887   4241   4304   4364   4254   4212   9347   4600   4760   4173   4307   3931   3643   3882   3496  13447  26304      0      0  65535 
     0      0      0      0      0      0      0      0      0      0      0      0      0      0      0      0      0      0      0 
     0      0      0      0      0      0      0      0      0      0      0      0      0      0      0      0      0      0      0 
     0      0      0      0      0      0      0      0      0      0      0      0      0      0      0      0      0      0      0 
0 -1 -1
     0      0      0      0      0      0      0      0      0      0      0      0      0      0      0      0      0      0      0 
  3888   4022   3930   4239   4174   3872   3497   4254   4364   4303   3881   3643   4214   4599   4173   3931   9346   4761   4308 
 17236  13361     51    151   3930   3872   4022   4174   3888   4239   4303   4364   4254   4214   9346   4599   4761   4173   4308   3931   3643   3881   3497  13446  26305      0      0  65535 
     0      0      0      0      0      0      0      0      0      0      0      0      0      0      0      0      0      0      0 
     0      0      0      0      0      0      0      0      0      0      0      0      0      0      0      0      0      0      0 
     0      0      0      0      0      0      0      0      0      0      0      0      0      0      0      0      0      0      0 
0 -1 -1
     0      0      0      0      0      0      0      0      0      0      0      0      0      0      0      0      0      0      0 
  3888   4022   3930   4240   4176   3870   3496   4252   4362   4302   3882   3643   4212   4599   4172   3931   9357   4762   4306 
 17236  13361     51    150   3930   3870   4022   4176   3888   4240   4302   4362   4252   4212   9357   4599   4762   4172   4306   3931   3643   3882   3496  13445  26305      0      0  65535 
     0      0      0      0      0      0      0      0      0      0      0      0      0      0      0      0      0      0      0 
     0      0      0      0      0      0      0      0      0      0      0      0      0      0      0      0      0      0      0 
     0      0      0      0      0      0      0      0      0      0      0      0      0      0      0      0      0      0      0 
0 -1 -1
     0      0      0      0      0      0      0      0      0      0      0      0      0      0      0      0      0      0      0 
  3888   4021   3930   4238   4174   3871   3495   4253   4362   4304   3881   3642   4214   4598   4171   3929   9360   4761   4306 
 17236  13361     51    151   3930   3871   4021   4174   3888   4238   4304   4362   4253   4214   9360   4598   4761   4171   4306   3929   3642   3881   3495  13445  26303      0      0  65535 
     0      0      0      0      0      0      0      0      0      0      0      0      0      0      0      0      0      0      0 
     0      0      0      0      0      0      0      0      0      0      0      0      0      0      0      0      0      0      0 
     0      0      0      0      0      0      0      0      0      0      0      0      0      0      0      0      0      0      0 
0 -1 -1
     0      0      0      0      0      0      0      0      0      0      0      0      0      0      0      0      0      0      0 
  3887   4023   3929   4238   4174   3870   3494   4252   4362   4303   3882   3643   4213   4599   4171   3930   9363   4762   4308 
 17236  13361     51    151   3929   3870   4023   4174   3887   4238   4303   4362   4252   4213   9363   4599   4762   4171   4308   3930   3643   3882   3494  13445  26305      0      0  65535 
     0      0      0      0      0      0      0      0      0      0      0      0      0      0      0      0      0      0      0 
     0      0      0      0      0      0      0      0      0      0      0      0      0      0      0      0      0      0      0 
     0      0      0      0      0      0      0      0      0      0      0      0      0      0      0      0      0      0      0 
0 -1 -1
     0      0      0      0      0      0      0      0      0      0      0      0      0      0      0      0      0      0      0 
  3888   4020   3928   4238   4173   3870   3495   4254   4362   4303   3879   3643   4212   4599   4171   3930   9363   4760   4307 
 17236  13361     51    151   3928   3870   4020   4173   3888   4238   4303   4362   4254   4212   9363   4599   4760   4171   4307   3930   3643   3879   3495  13445  26304      0      0  65535 
     0      0      0      0      0      0      0      0      0      0      0      0      0      0      0      0      0      0      0 
     0      0      0      0      0      0      0      0      0      0      0      0      0      0      0      0      0      0      0 
     0      0      0      0      0      0      0      0      0      0      0      0      0      0      0      0      0      0      0 
0 -1 -1
     0      0      0      0      0      0      0      0      0      0      0      0      0      0      0      0      0      0      0 
  3886   4021   3929   4238   4174   3872   3496   4252   4362   4302   3880   3642   4211   4597   4172   3930   9373   4760   4308 
 17236  13361     51    150   3929   3872   4021   4174   3886   4238   4302   4362   4252   4211   9373   4597   4760   4172   4308   3930   3642   3880   3496  13445  26304      0      0  65535 
     0      0      0      0      0      0      0      0      0      0      0      0      0      0      0      0      0      0      0 
     0      0      0      0      0      0      0      0      0      0      0      0      0      0      0      0      0      0      0 
     0      0      0      0      0      0      0      0      0      0      0      0      0      0      0      0      0      0      0 
0 -1 -1
     0      0      0      0      0      0      0      0      0      0      0      0      0      0      0      0      0      0      0 
  3887   4020   3930   4238   4175   3870   3496   4252   4362   4302   3879   3643   4213   4599   4173   3930   9391   4761   4307 
 17236  13361     51    150   3930   3870   4020   4175   3887   4238   4302   4362   4252   4213   9391   4599   4761   4173   4307   3930   3643   3879   3496  13444  26304      0      0  65535 
     0      0      0      0      0      0      0      0      0      0      0      0      0      0      0      0      0      0      0 
     0      0      0      0      0      0      0      0      0      0      0      0      0      0      0      0      0      0      0 
     0      0      0      0      0      0      0      0      0      0      0      0      0      0      0      0      0      0      0 
0 -1 -1
     0      0      0      0      0      0      0      0      0      0      0      0      0      0      0      0      0      0      0 
  3886   4021   3930   4237   4174   3870   3494   4252   4360   4302   3880   3642   4213   4598   4173   3931   9395   4761   4309 
 17236  13361     51    151   3930   3870   4021   4174   3886   4237   4302   4360   4252   4213   9395   4598   4761   4173   4309   3931   3642   3880   3494  13444  26303      0      0  65535 
     0      0      0      0      0      0      0      0      0      0      0      0      0      0      0      0      0      0      0 
     0      0      0      0      0      0      0      0      0      0      0      0      0      0      0      0      0      0      0 
     0      0      0      0      0      0      0      0      0      0      0      0      0      0      0      0      0      0      0 
0 -1 -1
     0      0      0      0      0      0      0      0      0      0      0      0      0      0      0      0      0      0      0 
  3888   4020   3929   4237   4174   3870   3495   4250   4361   4301   3879   3641   4212   4598   4171   3931   9395   4760   4309 
 17236  13361     51    151   3929   3870   4020   4174   3888   4237   4301   4361   4250   4212   9395   4598   4760   4171   4309   3931   3641   3879   3495  13445  26305      0      0  65535 
     0      0      0      0      0      0      0      0      0      0      0      0      0      0      0      0      0      0      0 
     0      0      0      0      0      0      0      0      0      0      0      0      0      0      0      0      0      0      0 
     0      0      0      0      0      0      0      0      0      0      0      0      0      0      0      0      0      0      0 
0 -1 -1
     0      0      0      0      0      0      0      0      0      0      0      0      0      0      0      0      0      0      0 
  3885   4019   3929   4237   4173   3869   3495   4251   4362   4301   3879   3642   4211   4598   4170   3930   9410   4760   4308 
 17236  13361     51    150   3929   3869   4019   4173   3885   4237   4301   4362   4251   4211   9410   4598   4760   4170   4308   3930   3642   3879   3495  13445  26303      0      0  65535 
     0      0      0      0      0      0      0      0      0      0      0      0      0      0      0      0      0      0      0 
     0      0      0      0      0      0      0      0      0      0      0      0      0      0      0      0      0      0      0 
     0      0      0      0      0      0      0      0      0      0      0      0      0      0      0      0      0      0      0 
0 -1 -1
     0      0      0      0      0      0      0      0      0      0      0      0      0      0      0      0      0      0      0 
  3887   4020   3930   4237   4173   3868   3496   4250   4360   4299   3879   3642   4209   4596   4171   3930   9390   4759   4308 
 17236  13361     51    150   3930   3868   4020   4173   3887   4237   4299   4360   4250   4209   9390   4596   4759   4171   4308   3930   3642   3879   3496  13444  26303      0      0  65535 
     0      0      0      0      0      0      0      0      0      0      0      0      0      0      0      0      0      0      0 
     0      0      0      0      0      0      0      0      0      0      0      0      0      0      0      0      0      0      0 
     0      0      0      0      0      0      0      0      0      0      0      0      0      0      0      0      0      0      0 
0 -1 -1
     0      0      0      0      0      0      0      0      0      0      0      0      0      0      0      0      0      0      0 
  3885   4020   3928   4237   4172   3869   3494   4250   4361   4302   3878   3640   4210   4597   4170   3930   9375   4760   4308 
 17236  13361     51    150   3928   3869   4020   4172   3885   4237   4302   4361   4250   4210   9375   4597   4760   4170   4308   3930   3640   3878   3494  13444  26304      0      0  65535 
     0      0      0      0      0      0      0      0      0      0      0      0      0      0      0      0      0      0      0 
     0      0      0      0      0      0      0      0      0      0      0      0      0      0      0      0      0      0      0 
     0      0      0      0      0      0      0      0      0      0      0      0      0      0      0      0      0      0      0 
0 -1 -1
     0      0      0      0      0      0      0      0      0      0      0      0      0      0      0      0      0      0      0 
  3886   4019   3927   4236   4173   3869   3493   4250   4360   4300   3879   3641   4210   4596   4171   3930   9387   4760   4308 
 17236  13361     51    151   3927   3869   4019   4173   3886   4236   4300   4360   4250   4210   9387   4596   4760   4171   4308   3930   3641   3879   3493  13444  26303      0      0  65535 
     0      0      0      0      0      0      0      0      0      0      0      0      0      0      0      0      0      0      0 
     0      0      0      0      0      0      0      0      0      0      0      0      0      0      0      0      0      0      0 
     0      0      0      0      0      0      0      0      0      0      0      0      0      0      0      0      0      0      0 
0 -1 -1
     0      0      0      0      0      0      0      0      0      0      0      0      0      0      0      0      0      0      0 
  3884   4019   3929   4235   4172   3868   3494   4249   4359   4301   3880   3641   4212   4597   4170   3929   9395   4759   4309 
 17236  13361     51    150   3929   3868   4019   4172   3884   4235   4301   4359   4249   4212   9395   4597   4759   4170   4309   3929   3641   3880   3494  13438  26303      0      0  65535 
     0      0      0      0      0      0      0      0      0      0      0      0      0      0      0      0      0      0      0 
     0      0      0      0      0      0      0      0      0      0      0      0      0      0      0      0      0      0      0 
     0      0      0      0      0      0      0      0      0      0      0      0      0      0      0      0      0      0      0 
0 -1 -1
     0      0      0      0      0      0      0      0      0      0      0      0      0      0      0      0      0      0      0 
  3886   4018   3926   4235   4172   3869   3494   4250   4360   4301   3877   3640   4210   4596   4170   3928   9386   4760   4307 
 17236  13361     51    150   3926   3869   4018   4172   3886   4235   4301   4360   4250   4210   9386   4596   4760   4170   4307   3928   3640   3877   3494  13438  26303      0      0  65535 
     0      0      0      0      0      0      0      0      0      0      0      0      0      0      0      0      0      0      0 
     0      0      0      0      0      0      0      0      0      0      0      0      0      0      0      0      0      0      0 
     0      0      0      0      0      0      0      0      0      0      0      0      0      0      0      0      0      0      0 
0 -1 -1
     0      0      0      0      0      0      0      0      0      0      0      0      0      0      0      0      0      0      0 
  3883   4019   3928   4236   4172   3869   3493   4249   4358   4300   3879   3642   4210   4596   4171   3929   9396   4758   4309 
 17236  13361     51    150   3928   3869   4019   4172   3883   4236   4300   4358   4249   4210   9396   4596   4758   4171   4309   3929   3642   3879   3493  13455  26305      0      0  65535 
     0      0      0      0      0      0      0      0      0      0      0      0      0      0      0      0      0      0      0 
     0      0      0      0      0      0      0      0      0      0      0      0      0      0      0      0      0      0      0 
     0      0      0      0      0      0      0      0      0      0      0      0      0      0      0      0      0      0      0 
0 -1 -1
     0      0      0      0      0      0      0      0      0      0      0      0      0      0      0      0      0      0      0 
  3884   4020   3927   4236   4171   3869   3494   4249   4359   4299   3877   3641   4208   4594   4169   3930   9385   4759   4309 
 17236  13361     51    151   3927   3869   4020   4171   3884   4236   4299   4359   4249   4208   9385   4594   4759   4169   4309   3930   3641   3877   3494  13462  26305      0      0  65535 
     0      0      0      0      0      0      0      0      0      0      0      0      0      0      0      0      0      0      0 
     0      0      0      0      0      0      0      0      0      0      0      0      0      0      0      0      0      0      0 
     0      0      0      0      0      0      0      0      0      0      0      0      0      0      0      0      0      0      0 
0 -1 -1
     0      0      0      0      0      0      0      0      0      0      0      0      0      0      0      0      0      0      0 
  3885   4017   3927   4235   4172   3869   3494   4249   4357   4300   3878   3639   4209   4596   4169   3929   9400   4757   4308 
 17236  13361     51    150   3927   3869   4017   4172   3885   4235   4300   4357   4249   4209   9400   4596   4757   4169   4308   3929   3639   3878   3494  13440  26303      0      0  65535 
     0      0      0      0      0      0      0      0      0      0      0      0      0      0      0      0      0      0      0 
     0      0      0      0      0      0      0      0      0      0      0      0      0      0      0      0      0      0      0 
     0      0      0      0      0      0      0      0      0      0      0      0      0      0      0      0      0      0      0 
0 -1 -1
