    18    113    127     11     70    255     91      9     29    198    255     64     18    134    255    223     28    234    255 
  5762   9650  10510   5591   6598  11659   8036   5671   5774   9533  13603   6396   5723   8410  22009  16096  10538  16186  27114 
 17236  13361     51    142  10510  11659   9650   6598   5762   5591   9533   5774   5671   5723  10538   8410  16186  22009  27114  16096   6396  13603   8036  13448  26303      0      0  65535 
     0      0      0      0      0      0      0      0      0      0      0      0      0      0      0      0      0      0      0 
     0      0      0      0      0      0      0      0      0      0      0      0      0      0      0      0      0      0      0 
     0      0      0      0      0      0      0      0      0      0      0      0      0      0      0      0      0      0      0 
0 -1 -1
    18    115    127     11     71    255     88      9     29    198    255     61     18    133    255    214     24    231    255 
  5776   9738  10511   5594   6623  11685   7906   5669   5780   9528  13347   6294   5723   8396  21723  15628  10327  16047  26356 
 17236  13361     51    142  10511  11685   9738   6623   5776   5594   9528   5780   5669   5723  10327   8396  16047  21723  26356  15628   6294  13347   7906  13443  26303      0      0  65535 
     0      0      0      0      0      0      0      0      0      0      0      0      0      0      0      0      0      0      0 
     0      0      0      0      0      0      0      0      0      0      0      0      0      0      0      0      0      0      0 
     0      0      0      0      0      0      0      0      0      0      0      0      0      0      0      0      0      0      0 
0 -1 -1
    18    108    118     11     66    251     81      9     28    184    255     56     18    124    255    196     17    215    255 
  5735   9434  10086   5581   6518  11201   7581   5661   5751   9211  12588   6139   5707   8186  20442  14725  10027  15309  24599 
 17236  13361     51    143  10086  11201   9434   6518   5735   5581   9211   5751   5661   5707  10027   8186  15309  20442  24599  14725   6139  12588   7581  13441  26303      0      0  65535 
     0      0      0      0      0      0      0      0      0      0      0      0      0      0      0      0      0      0      0 
     0      0      0      0      0      0      0      0      0      0      0      0      0      0      0      0      0      0      0 
     0      0      0      0      0      0      0      0      0      0      0      0      0      0      0      0      0      0      0 
0 -1 -1
    16     94     99     10     58    216     68      9     26    159    252     49     17    109    255    170     11    188    255 
  5646   8797   9235   5556   6311  10256   7043   5645   5696   8624  11334   5910   5682   7810  18303  13378   9734  14065  22034 
 17236  13361     51    144   9235  10256   8797   6311   5646   5556   8624   5696   5645   5682   9734   7810  14065  18303  22034  13378   5910  11334   7043  13442  26304      0      0  65535 
     0      0      0      0      0      0      0      0      0      0      0      0      0      0      0      0      0      0      0 
     0      0      0      0      0      0      0      0      0      0      0      0      0      0      0      0      0      0      0 
     0      0      0      0      0      0      0      0      0      0      0      0      0      0      0      0      0      0      0 
0 -1 -1
    14     70     72      9     44    158     50      8     22    118    179     39     16     81    255    127      5    139    196 
  5490   7757   7951   5506   5957   8716   6249   5614   5595   7655   9338   5558   5634   7155  14630  11107   9483  11815  17625 
 17236  13361     51    145   7951   8716   7757   5957   5490   5506   7655   5595   5614   5634   9483   7155  11815  14630  17625  11107   5558   9338   6249  13444  26303      0      0  65535 
     0      0      0      0      0      0      0      0      0      0      0      0      0      0      0      0      0      0      0 
     0      0      0      0      0      0      0      0      0      0      0      0      0      0      0      0      0      0      0 
     0      0      0      0      0      0      0      0      0      0      0      0      0      0      0      0      0      0      0 
0 -1 -1
    10     39     39      8     25     82     26      8     15     61     80     23     13     42    176     58      2     65     88 
  5259   6425   6391   5422   5474   6651   5229   5553   5419   6329   6665   5004   5533   6220   9152   7525   9350   8429  10616 
 17236  13361     51    147   6391   6651   6425   5474   5259   5422   6329   5419   5553   5533   9350   6220   8429   9152  10616   7525   5004   6665   5229  13445  26303      0      0  65535 
     0      0      0      0      0      0      0      0      0      0      0      0      0      0      0      0      0      0      0 
     0      0      0      0      0      0      0      0      0      0      0      0      0      0      0      0      0      0      0 
     0      0      0      0      0      0      0      0      0      0      0      0      0      0      0      0      0      0      0 
0 -1 -1
     5     10     10      5      5     16      6      5      5     11     10      6      8      8     20      8      1     11     10 
  4916   5138   5045   5240   4957   4897   4368   5399   5149   5167   4752   4454   5310   5397   5238   4944   9289   5918   5566 
 17236  13361     51    148   5045   4897   5138   4957   4916   5240   5167   5149   5399   5310   9289   5397   5918   5238   5566   4944   4454   4752   4368  13445  26304      0      0  65535 
     0      0      0      0      0      0      0      0      0      0      0      0      0      0      0      0      0      0      0 
     0      0      0      0      0      0      0      0      0      0      0      0      0      0      0      0      0      0      0 
     0      0      0      0      0      0      0      0      0      0      0      0      0      0      0      0      0      0      0 
0 -1 -1
     0      0      0      0      0      0      0      1      0      0      0      0      1      0      0      0      0      0      0 
  4581   4602   4499   4976   4679   4340   4014   5120   4915   4771   4320   4154   5005   5081   4603   4379   9238   5276   4754 
 17236  13361     51    149   4499   4340   4602   4679   4581   4976   4771   4915   5120   5005   9238   5081   5276   4603   4754   4379   4154   4320   4014  13445  26304      0      0  65535 
     0      0      0      0      0      0      0      0      0      0      0      0      0      0      0      0      0      0      0 
     0      0      0      0      0      0      0      0      0      0      0      0      0      0      0      0      0      0      0 
     0      0      0      0      0      0      0      0      0      0      0      0      0      0      0      0      0      0      0 
0 -1 -1
     0      0      0      0      0      0      0      0      0      0      0      0      0      0      0      0      0      0      0 
  4346   4458   4318   4731   4600   4263   3847   4744   4788   4708   4250   3985   4669   4984   4535   4254   9199   5104   4607 
 17236  13361     51    149   4318   4263   4458   4600   4346   4731   4708   4788   4744   4669   9199   4984   5104   4535   4607   4254   3985   4250   3847  13445  26304      0      0  65535 
     0      0      0      0      0      0      0      0      0      0      0      0      0      0      0      0      0      0      0 
     0      0      0      0      0      0      0      0      0      0      0      0      0      0      0      0      0      0      0 
     0      0      0      0      0      0      0      0      0      0      0      0      0      0      0      0      0      0      0 
0 -1 -1
     0      0      0      0      0      0      0      0      0      0      0      0      0      0      0      0      0      0      0 
  4206   4352   4223   4568   4529   4209   3782   4552   4691   4647   4207   3912   4511   4920   4495   4216   9203   5049   4575 
 17236  13361     51    150   4223   4209   4352   4529   4206   4568   4647   4691   4552   4511   9203   4920   5049   4495   4575   4216   3912   4207   3782  13445  26306      0      0  65535 
     0      0      0      0      0      0      0      0      0      0      0      0      0      0      0      0      0      0      0 
     0      0      0      0      0      0      0      0      0      0      0      0      0      0      0      0      0      0      0 
     0      0      0      0      0      0      0      0      0      0      0      0      0      0      0      0      0      0      0 
0 -1 -1
     0      0      0      0      0      0      0      0      0      0      0      0      0      0      0      0      0      0      0 
  4205   4350   4224   4567   4529   4207   3781   4552   4688   4646   4205   3909   4510   4918   4492   4215   9195   5047   4574 
 17236  13361     51    150   4224   4207   4350   4529   4205   4567   4646   4688   4552   4510   9195   4918   5047   4492   4574   4215   3909   4205   3781  13445  26304      0      0  65535 
     0      0      0      0      0      0      0      0      0      0      0      0      0      0      0      0      0      0      0 
     0      0      0      0      0      0      0      0      0      0      0      0      0      0      0      0      0      0      0 
     0      0      0      0      0      0      0      0      0      0      0      0      0      0      0      0      0      0      0 
0 -1 -1
     0      0      0      0      0      0      0      0      0      0      0      0      0      0      0      0      0      0      0 
  4205   4349   4223   4565   4528   4205   3780   4550   4688   4644   4204   3909   4509   4917   4490   4212   9194   5047   4571 
 17236  13361     51    150   4223   4205   4349   4528   4205   4565   4644   4688   4550   4509   9194   4917   5047   4490   4571   4212   3909   4204   3780  13449  26303      0      0  65535 
     0      0      0      0      0      0      0      0      0      0      0      0      0      0      0      0      0      0      0 
     0      0      0      0      0      0      0      0      0      0      0      0      0      0      0      0      0      0      0 
     0      0      0      0      0      0      0      0      0      0      0      0      0      0      0      0      0      0      0 
0 -1 -1
     0      0      0      0      0      0      0      0      0      0      0      0      0      0      0      0      0      0      0 
  4202   4348   4222   4565   4526   4205   3780   4549   4687   4643   4202   3908   4507   4916   4487   4211   9189   5044   4571 
 17236  13361     51    150   4222   4205   4348   4526   4202   4565   4643   4687   4549   4507   9189   4916   5044   4487   4571   4211   3908   4202   3780  13450  26303      0      0  65535 
     0      0      0      0      0      0      0      0      0      0      0      0      0      0      0      0      0      0      0 
     0      0      0      0      0      0      0      0      0      0      0      0      0      0      0      0      0      0      0 
     0      0      0      0      0      0      0      0      0      0      0      0      0      0      0      0      0      0      0 
0 -1 -1
     0      0      0      0      0      0      0      0      0      0      0      0      0      0      0      0      0      0      0 
  4201   4348   4221   4565   4525   4203   3777   4550   4687   4642   4200   3910   4507   4914   4486   4211   9184   5041   4568 
 17236  13361     51    150   4221   4203   4348   4525   4201   4565   4642   4687   4550   4507   9184   4914   5041   4486   4568   4211   3910   4200   3777  13450  26303      0      0  65535 
     0      0      0      0      0      0      0      0      0      0      0      0      0      0      0      0      0      0      0 
     0      0      0      0      0      0      0      0      0      0      0      0      0      0      0      0      0      0      0 
     0      0      0      0      0      0      0      0      0      0      0      0      0      0      0      0      0      0      0 
0 -1 -1
     0      0      0      0      0      0      0      0      0      0      0      0      0      0      0      0      0      0      0 
  4199   4346   4220   4563   4522   4200   3777   4546   4685   4639   4198   3906   4505   4913   4485   4208   9180   5041   4568 
 17236  13361     51    149   4220   4200   4346   4522   4199   4563   4639   4685   4546   4505   9180   4913   5041   4485   4568   4208   3906   4198   3777  13449  26303      0      0  65535 
     0      0      0      0      0      0      0      0      0      0      0      0      0      0      0      0      0      0      0 
     0      0      0      0      0      0      0      0      0      0      0      0      0      0      0      0      0      0      0 
     0      0      0      0      0      0      0      0      0      0      0      0      0      0      0      0      0      0      0 
0 -1 -1
     0      0      0      0      0      0      0      0      0      0      0      0      0      0      0      0      0      0      0 
  4200   4347   4219   4561   4520   4202   3775   4546   4685   4638   4197   3906   4504   4911   4484   4207   9181   5040   4566 
 17236  13361     51    150   4219   4202   4347   4520   4200   4561   4638   4685   4546   4504   9181   4911   5040   4484   4566   4207   3906   4197   3775  13448  26304      1      0  65535 
     0      0      0      0      0      0      0      0      0      0      0      0      0      0      0      0      0      0      0 
     0      0      0      0      0      0      0      0      0      0      0      0      0      0      0      0      0      0      0 
     0      0      0      0      0      0      0      0      0      0      0      0      0      0      0      0      0      0      0 
0 -1 -1
     0      0      0      0      0      0      0      0      0      0      0      0      0      0      0      0      0      0      0 
  4198   4345   4218   4559   4521   4199   3774   4545   4681   4637   4197   3905   4501   4910   4482   4208   9177   5038   4565 
 17236  13361     51    150   4218   4199   4345   4521   4198   4559   4637   4681   4545   4501   9177   4910   5038   4482   4565   4208   3905   4197   3774  13475  26304      0      0  65535 
     0      0      0      0      0      0      0      0      0      0      0      0      0      0      0      0      0      0      0 
     0      0      0      0      0      0      0      0      0      0      0      0      0      0      0      0      0      0      0 
     0      0      0      0      0      0      0      0      0      0      0      0      0      0      0      0      0      0      0 
0 -1 -1
     0      0      0      0      0      0      0      0      0      0      0      0      0      0      0      0      0      0      0 
  4196   4343   4217   4559   4519   4196   3773   4543   4680   4635   4195   3905   4500   4909   4481   4204   9177   5037   4563 
 17236  13361     51    149   4217   4196   4343   4519   4196   4559   4635   4680   4543   4500   9177   4909   5037   4481   4563   4204   3905   4195   3773  13485  26304      0      0  65535 
     0      0      0      0      0      0      0      0      0      0      0      0      0      0      0      0      0      0      0 
     0      0      0      0      0      0      0      0      0      0      0      0      0      0      0      0      0      0      0 
     0      0      0      0      0      0      0      0      0      0      0      0      0      0      0      0      0      0      0 
0 -1 -1
     0      0      0      0      0      0      0      0      0      0      0      0      0      0      0      0      0      0      0 
  4197   4342   4215   4558   4519   4196   3771   4542   4679   4634   4194   3902   4500   4908   4479   4205   9185   5038   4564 
 17236  13361     51    150   4215   4196   4342   4519   4197   4558   4634   4679   4542   4500   9185   4908   5038   4479   4564   4205   3902   4194   3771  13449  26304      0      0  65535 
     0      0      0      0      0      0      0      0      0      0      0      0      0      0      0      0      0      0      0 
     0      0      0      0      0      0      0      0      0      0      0      0      0      0      0      0      0      0      0 
     0      0      0      0      0      0      0      0      0      0      0      0      0      0      0      0      0      0      0 
0 -1 -1
     0      0      0      0      0      0      0      0      0      0      0      0      0      0      0      0      0      0      0 
  4196   4340   4215   4557   4517   4195   3770   4542   4678   4634   4193   3902   4499   4909   4479   4205   9195   5037   4564 
 17236  13361     51    150   4215   4195   4340   4517   4196   4557   4634   4678   4542   4499   9195   4909   5037   4479   4564   4205   3902   4193   3770  13448  26303      0      0  65535 
     0      0      0      0      0      0      0      0      0      0      0      0      0      0      0      0      0      0      0 
     0      0      0      0      0      0      0      0      0      0      0      0      0      0      0      0      0      0      0 
     0      0      0      0      0      0      0      0      0      0      0      0      0      0      0      0      0      0      0 
0 -1 -1
     0      0      0      0      0      0      0      0      0      0      0      0      0      0      0      0      0      0      0 
  4192   4340   4214   4555   4516   4194   3770   4540   4677   4632   4192   3900   4497   4907   4478   4203   9190   5035   4563 
 17236  13361     51    150   4214   4194   4340   4516   4192   4555   4632   4677   4540   4497   9190   4907   5035   4478   4563   4203   3900   4192   3770  13447  26303      0      0  65535 
     0      0      0      0      0      0      0      0      0      0      0      0      0      0      0      0      0      0      0 
     0      0      0      0      0      0      0      0      0      0      0      0      0      0      0      0      0      0      0 
     0      0      0      0      0      0      0      0      0      0      0      0      0      0      0      0      0      0      0 
0 -1 -1
     0      0      0      0      0      0      0      0      0      0      0      0      0      0      0      0      0      0      0 
  4192   4338   4214   4554   4512   4192   3770   4540   4677   4631   4190   3900   4497   4905   4477   4202   9179   5034   4561 
 17236  13361     51    150   4214   4192   4338   4512   4192   4554   4631   4677   4540   4497   9179   4905   5034   4477   4561   4202   3900   4190   3770  13447  26304      0      0  65535 
     0      0      0      0      0      0      0      0      0      0      0      0      0      0      0      0      0      0      0 
     0      0      0      0      0      0      0      0      0      0      0      0      0      0      0      0      0      0      0 
     0      0      0      0      0      0      0      0      0      0      0      0      0      0      0      0      0      0      0 
0 -1 -1
     0      0      0      0      0      0      0      0      0      0      0      0      0      0      0      0      0      0      0 
  4192   4339   4211   4553   4513   4191   3769   4537   4675   4630   4190   3899   4496   4904   4476   4202   9180   5032   4561 
 17236  13361     51    149   4211   4191   4339   4513   4192   4553   4630   4675   4537   4496   9180   4904   5032   4476   4561   4202   3899   4190   3769  13447  26304      0      0  65535 
     0      0      0      0      0      0      0      0      0      0      0      0      0      0      0      0      0      0      0 
     0      0      0      0      0      0      0      0      0      0      0      0      0      0      0      0      0      0      0 
     0      0      0      0      0      0      0      0      0      0      0      0      0      0      0      0      0      0      0 
0 -1 -1
     0      0      0      0      0      0      0      0      0      0      0      0      0      0      0      0      0      0      0 
  4191   4336   4211   4552   4513   4191   3767   4537   4675   4629   4189   3899   4494   4904   4475   4200   9198   5031   4560 
 17236  13361     51    150   4211   4191   4336   4513   4191   4552   4629   4675   4537   4494   9198   4904   5031   4475   4560   4200   3899   4189   3767  13448  26302      0      0  65535 
     0      0      0      0      0      0      0      0      0      0      0      0      0      0      0      0      0      0      0 
     0      0      0      0      0      0      0      0      0      0      0      0      0      0      0      0      0      0      0 
     0      0      0      0      0      0      0      0      0      0      0      0      0      0      0      0      0      0      0 
0 -1 -1
     0      0      0      0      0      0      0      0      0      0      0      0      0      0      0      0      0      0      0 
  4190   4335   4211   4551   4511   4190   3767   4535   4673   4627   4188   3897   4494   4901   4474   4201   9189   5031   4559 
 17236  13361     51    150   4211   4190   4335   4511   4190   4551   4627   4673   4535   4494   9189   4901   5031   4474   4559   4201   3897   4188   3767  13447  26302      0      0  65535 
     0      0      0      0      0      0      0      0      0      0      0      0      0      0      0      0      0      0      0 
     0      0      0      0      0      0      0      0      0      0      0      0      0      0      0      0      0      0      0 
     0      0      0      0      0      0      0      0      0      0      0      0      0      0      0      0      0      0      0 
0 -1 -1
     0      0      0      0      0      0      0      0      0      0      0      0      0      0      0      0      0      0      0 
  4189   4334   4209   4549   4510   4188   3766   4535   4672   4626   4186   3897   4493   4901   4473   4198   9178   5028   4559 
 17236  13361     51    149   4209   4188   4334   4510   4189   4549   4626   4672   4535   4493   9178   4901   5028   4473   4559   4198   3897   4186   3766  13447  26304      0      0  65535 
     0      0      0      0      0      0      0      0      0      0      0      0      0      0      0      0      0      0      0 
     0      0      0      0      0      0      0      0      0      0      0      0      0      0      0      0      0      0      0 
     0      0      0      0      0      0      0      0      0      0      0      0      0      0      0      0      0      0      0 
0 -1 -1
