    69    171    218    255    255    255    255    160    255    255    255    151     42     48     36     14      7      3      2 
  9120  12389  15179  20883  26089  28769  28553  16422  17183  15873  13189   9717   6887   6305   5657   5505   9661   5646   5454 
 17236  13361     51    107  15179  28769  12389  26089   9120  20883  15873  17183  16422   6887   9661   6305   5646   5657   5454   5505   9717  13189  28553  13503  26305      0      0  65535 
     0      0      0      0      0      0      0      0      0      0      0      0      0      0      0      0      0      0      0 
     0      0      0      0      0      0      0      0      0      0      0      0      0      0      0      0      0      0      0 
     0      0      0      0      0      0      0      0      0      0      0      0      0      0      0      0      0      0      0 
0 -1 -1
    68    165    206    255    255    255    255    173    255    255    255    144     45     51     37     14      7      3      2 
  9071  12118  14595  21348  26133  28201  27291  17262  17655  15966  13033   9474   7018   6358   5668   5495   9684   5652   5455 
 17236  13361     51    109  14595  28201  12118  26133   9071  21348  15966  17655  17262   7018   9684   6358   5652   5668   5455   5495   9474  13033  27291  13465  26304      1      1  65535 
     0      0      0      0      0      0      0      0      0      0      0      0      0      0      0      0      0      0      0 
     0      0      0      0      0      0      0      0      0      0      0      0      0      0      0      0      0      0      0 
     0      0      0      0      0      0      0      0      0      0      0      0      0      0      0      0      0      0      0 
0 -1 -1
    69    161    194    255    255    255    255    186    255    255    255    136     48     52     37     14      8      3      2 
  9114  11941  14054  22048  26363  27683  26189  18146  18123  16025  12819   9213   7124   6387   5663   5473   9707   5651   5451 
 17236  13361     51    111  14054  27683  11941  26363   9114  22048  16025  18123  18146   7124   9707   6387   5651   5663   5451   5473   9213  12819  26189  13446  26304      0      0  65535 
     0      0      0      0      0      0      0      0      0      0      0      0      0      0      0      0      0      0      0 
     0      0      0      0      0      0      0      0      0      0      0      0      0      0      0      0      0      0      0 
     0      0      0      0      0      0      0      0      0      0      0      0      0      0      0      0      0      0      0 
0 -1 -1
    68    159    190    255    255    255    255    184    255    255    255    129     47     50     35     13      8      3      2 
  9080  11855  13872  21926  26069  27206  25517  18043  17915  15749  12510   8980   7075   6338   5621   5437   9695   5646   5446 
 17236  13361     51    112  13872  27206  11855  26069   9080  21926  15749  17915  18043   7075   9695   6338   5646   5621   5446   5437   8980  12510  25517  13446  26304      0      0  65535 
     0      0      0      0      0      0      0      0      0      0      0      0      0      0      0      0      0      0      0 
     0      0      0      0      0      0      0      0      0      0      0      0      0      0      0      0      0      0      0 
     0      0      0      0      0      0      0      0      0      0      0      0      0      0      0      0      0      0      0 
0 -1 -1
    65    152    184    255    255    255    255    170    255    255    255    119     43     45     32     12      7      3      2 
  8851  11570  13575  20846  24846  26075  24364  17056  17030  15037  11958   8651   6905   6232   5550   5386   9655   5636   5433 
 17236  13361     51    114  13575  26075  11570  24846   8851  20846  15037  17030  17056   6905   9655   6232   5636   5550   5433   5386   8651  11958  24364  13447  26304      0      0  65535 
     0      0      0      0      0      0      0      0      0      0      0      0      0      0      0      0      0      0      0 
     0      0      0      0      0      0      0      0      0      0      0      0      0      0      0      0      0      0      0 
     0      0      0      0      0      0      0      0      0      0      0      0      0      0      0      0      0      0      0 
0 -1 -1
    56    133    162    233    255    255    255    145    255    255    217     99     37     39     28     10      6      2      2 
  8278  10742  12568  18685  22186  23382  21461  15400  15462  13690  10836   7950   6663   6081   5440   5301   9594   5624   5419 
 17236  13361     51    118  12568  23382  10742  22186   8278  18685  13690  15462  15400   6663   9594   6081   5624   5440   5419   5301   7950  10836  21461  13446  26304      0      0  65535 
     0      0      0      0      0      0      0      0      0      0      0      0      0      0      0      0      0      0      0 
     0      0      0      0      0      0      0      0      0      0      0      0      0      0      0      0      0      0      0 
     0      0      0      0      0      0      0      0      0      0      0      0      0      0      0      0      0      0      0 
0 -1 -1
    38     95    118    161    255    255    255     96    255    255    156     73     26     28     21      8      3      2      1 
  7159   9059  10495  14646  17286  18578  16971  12137  12525  11345   9156   7066   6197   5821   5275   5197   9494   5611   5406 
 17236  13361     51    125  10495  18578   9059  17286   7159  14646  11345  12525  12137   6197   9494   5821   5611   5275   5406   5197   7066   9156  16971  13446  26305      0      0  65535 
     0      0      0      0      0      0      0      0      0      0      0      0      0      0      0      0      0      0      0 
     0      0      0      0      0      0      0      0      0      0      0      0      0      0      0      0      0      0      0 
     0      0      0      0      0      0      0      0      0      0      0      0      0      0      0      0      0      0      0 
0 -1 -1
    24     60     76     94    255    255    181     49    150    157     99     51     13     16     14      6      1      1      1 
  6208   7544   8530  10937  12643  14007  13064   8957   9492   8961   7608   6330   5670   5526   5086   5080   9367   5579   5381 
 17236  13361     51    132   8530  14007   7544  12643   6208  10937   8961   9492   8957   5670   9367   5526   5579   5086   5381   5080   6330   7608  13064  13443  26305      0      0  65535 
     0      0      0      0      0      0      0      0      0      0      0      0      0      0      0      0      0      0      0 
     0      0      0      0      0      0      0      0      0      0      0      0      0      0      0      0      0      0      0 
     0      0      0      0      0      0      0      0      0      0      0      0      0      0      0      0      0      0      0 
0 -1 -1
    11     30     38     42    131    172     82     17     60     68     40     22      3      4      5      3      0      0      0 
  5418   6241   6742   8024   8726   9733   8817   6841   7123   6898   6017   5346   5253   5248   4867   4896   9267   5518   5320 
 17236  13361     51    139   6742   9733   6241   8726   5418   8024   6898   7123   6841   5253   9267   5248   5518   4867   5320   4896   5346   6017   8817  13439  26304      0      0  65535 
     0      0      0      0      0      0      0      0      0      0      0      0      0      0      0      0      0      0      0 
     0      0      0      0      0      0      0      0      0      0      0      0      0      0      0      0      0      0      0 
     0      0      0      0      0      0      0      0      0      0      0      0      0      0      0      0      0      0      0 
0 -1 -1
     2      6      7      6     22     43      5      0      2      6      0      0      0      0      0      0      0      0      0 
  4814   5213   5284   6024   5976   6253   5459   5544   5577   5438   4844   4542   4922   5019   4657   4688   9199   5438   5234 
 17236  13361     51    146   5284   6253   5213   5976   4814   6024   5438   5577   5544   4922   9199   5019   5438   4657   5234   4688   4542   4844   5459  13439  26304      0      0  65535 
     0      0      0      0      0      0      0      0      0      0      0      0      0      0      0      0      0      0      0 
     0      0      0      0      0      0      0      0      0      0      0      0      0      0      0      0      0      0      0 
     0      0      0      0      0      0      0      0      0      0      0      0      0      0      0      0      0      0      0 
0 -1 -1
     0      0      0      0      0      0      0      0      0      0      0      0      0      0      0      0      0      0      0 
  4306   4462   4381   4749   4488   4279   3854   4637   4613   4549   4111   4006   4557   4777   4412   4403   9134   5278   5056 
 17236  13361     51    149   4381   4279   4462   4488   4306   4749   4549   4613   4637   4557   9134   4777   5278   4412   5056   4403   4006   4111   3854  13438  26304      0      0  65535 
     0      0      0      0      0      0      0      0      0      0      0      0      0      0      0      0      0      0      0 
     0      0      0      0      0      0      0      0      0      0      0      0      0      0      0      0      0      0      0 
     0      0      0      0      0      0      0      0      0      0      0      0      0      0      0      0      0      0      0 
0 -1 -1
     0      0      0      0      0      0      0      0      0      0      0      0      0      0      0      0      0      0      0 
  4078   4186   4102   4407   4219   3924   3627   4372   4389   4349   3941   3832   4362   4651   4275   4214   9093   5106   4855 
 17236  13361     51    150   4102   3924   4186   4219   4078   4407   4349   4389   4372   4362   9093   4651   5106   4275   4855   4214   3832   3941   3627  13438  26305      0      0  65535 
     0      0      0      0      0      0      0      0      0      0      0      0      0      0      0      0      0      0      0 
     0      0      0      0      0      0      0      0      0      0      0      0      0      0      0      0      0      0      0 
     0      0      0      0      0      0      0      0      0      0      0      0      0      0      0      0      0      0      0 
0 -1 -1
     0      0      0      0      0      0      0      0      0      0      0      0      0      0      0      0      0      0      0 
  3993   4110   4034   4324   4185   3883   3574   4294   4350   4312   3902   3758   4290   4607   4224   4116   9105   4980   4685 
 17236  13361     51    150   4034   3883   4110   4185   3993   4324   4312   4350   4294   4290   9105   4607   4980   4224   4685   4116   3758   3902   3574  13440  26303      0      0  65535 
     0      0      0      0      0      0      0      0      0      0      0      0      0      0      0      0      0      0      0 
     0      0      0      0      0      0      0      0      0      0      0      0      0      0      0      0      0      0      0 
     0      0      0      0      0      0      0      0      0      0      0      0      0      0      0      0      0      0      0 
0 -1 -1
     0      0      0      0      0      0      0      0      0      0      0      0      0      0      0      0      0      0      0 
  3927   4056   3977   4268   4172   3869   3544   4245   4334   4292   3880   3702   4235   4582   4184   4034   9192   4864   4512 
 17236  13361     51    150   3977   3869   4056   4172   3927   4268   4292   4334   4245   4235   9192   4582   4864   4184   4512   4034   3702   3880   3544  13440  26303      0      0  65535 
     0      0      0      0      0      0      0      0      0      0      0      0      0      0      0      0      0      0      0 
     0      0      0      0      0      0      0      0      0      0      0      0      0      0      0      0      0      0      0 
     0      0      0      0      0      0      0      0      0      0      0      0      0      0      0      0      0      0      0 
0 -1 -1
     0      0      0      0      0      0      0      0      0      0      0      0      0      0      0      0      0      0      0 
  3888   4024   3945   4235   4168   3866   3532   4220   4326   4280   3869   3672   4207   4571   4164   3983   9278   4805   4418 
 17236  13361     51    150   3945   3866   4024   4168   3888   4235   4280   4326   4220   4207   9278   4571   4805   4164   4418   3983   3672   3869   3532  13441  26304      0      0  65535 
     0      0      0      0      0      0      0      0      0      0      0      0      0      0      0      0      0      0      0 
     0      0      0      0      0      0      0      0      0      0      0      0      0      0      0      0      0      0      0 
     0      0      0      0      0      0      0      0      0      0      0      0      0      0      0      0      0      0      0 
0 -1 -1
     0      0      0      0      0      0      0      0      0      0      0      0      0      0      0      0      0      0      0 
  3884   4021   3939   4232   4166   3870   3533   4219   4327   4280   3872   3674   4200   4572   4161   3979   9290   4794   4399 
 17236  13361     51    150   3939   3870   4021   4166   3884   4232   4280   4327   4219   4200   9290   4572   4794   4161   4399   3979   3674   3872   3533  13441  26303      0      0  65535 
     0      0      0      0      0      0      0      0      0      0      0      0      0      0      0      0      0      0      0 
     0      0      0      0      0      0      0      0      0      0      0      0      0      0      0      0      0      0      0 
     0      0      0      0      0      0      0      0      0      0      0      0      0      0      0      0      0      0      0 
0 -1 -1
     0      0      0      0      0      0      0      0      0      0      0      0      0      0      0      0      0      0      0 
  3899   4035   3957   4245   4177   3880   3551   4231   4336   4292   3884   3689   4216   4583   4175   3997   9285   4808   4419 
 17236  13361     51    150   3957   3880   4035   4177   3899   4245   4292   4336   4231   4216   9285   4583   4808   4175   4419   3997   3689   3884   3551  13441  26303      0      0  65535 
     0      0      0      0      0      0      0      0      0      0      0      0      0      0      0      0      0      0      0 
     0      0      0      0      0      0      0      0      0      0      0      0      0      0      0      0      0      0      0 
     0      0      0      0      0      0      0      0      0      0      0      0      0      0      0      0      0      0      0 
0 -1 -1
     0      0      0      0      0      0      0      0      0      0      0      0      0      0      0      0      0      0      0 
  3908   4046   3971   4256   4184   3889   3558   4239   4341   4298   3889   3697   4227   4590   4182   4006   9268   4818   4431 
 17236  13361     51    150   3971   3889   4046   4184   3908   4256   4298   4341   4239   4227   9268   4590   4818   4182   4431   4006   3697   3889   3558  13441  26305      0      0  65535 
     0      0      0      0      0      0      0      0      0      0      0      0      0      0      0      0      0      0      0 
     0      0      0      0      0      0      0      0      0      0      0      0      0      0      0      0      0      0      0 
     0      0      0      0      0      0      0      0      0      0      0      0      0      0      0      0      0      0      0 
0 -1 -1
     0      0      0      0      0      0      0      0      0      0      0      0      0      0      0      0      0      0      0 
  3906   4043   3966   4253   4182   3886   3556   4236   4338   4294   3885   3692   4220   4586   4177   4004   9275   4814   4427 
 17236  13361     51    150   3966   3886   4043   4182   3906   4253   4294   4338   4236   4220   9275   4586   4814   4177   4427   4004   3692   3885   3556  13446  26304      0      0  65535 
     0      0      0      0      0      0      0      0      0      0      0      0      0      0      0      0      0      0      0 
     0      0      0      0      0      0      0      0      0      0      0      0      0      0      0      0      0      0      0 
     0      0      0      0      0      0      0      0      0      0      0      0      0      0      0      0      0      0      0 
0 -1 -1
     0      0      0      0      0      0      0      0      0      0      0      0      0      0      0      0      0      0      0 
  3906   4042   3964   4253   4182   3886   3555   4237   4340   4295   3884   3693   4220   4587   4178   4003   9280   4814   4427 
 17236  13361     51    150   3964   3886   4042   4182   3906   4253   4295   4340   4237   4220   9280   4587   4814   4178   4427   4003   3693   3884   3555  13446  26304      0      0  65535 
     0      0      0      0      0      0      0      0      0      0      0      0      0      0      0      0      0      0      0 
     0      0      0      0      0      0      0      0      0      0      0      0      0      0      0      0      0      0      0 
     0      0      0      0      0      0      0      0      0      0      0      0      0      0      0      0      0      0      0 
0 -1 -1
     0      0      0      0      0      0      0      0      0      0      0      0      0      0      0      0      0      0      0 
  3890   4026   3948   4235   4172   3877   3533   4218   4328   4281   3869   3672   4200   4574   4157   3978   9291   4792   4393 
 17236  13361     51    150   3948   3877   4026   4172   3890   4235   4281   4328   4218   4200   9291   4574   4792   4157   4393   3978   3672   3869   3533  13447  26305      0      0  65535 
     0      0      0      0      0      0      0      0      0      0      0      0      0      0      0      0      0      0      0 
     0      0      0      0      0      0      0      0      0      0      0      0      0      0      0      0      0      0      0 
     0      0      0      0      0      0      0      0      0      0      0      0      0      0      0      0      0      0      0 
0 -1 -1
     0      0      0      0      0      0      0      0      0      0      0      0      0      0      0      0      0      0      0 
  3863   3991   3908   4208   4150   3854   3490   4197   4315   4264   3849   3627   4170   4558   4129   3925   9354   4741   4310 
 17236  13361     51    150   3908   3854   3991   4150   3863   4208   4264   4315   4197   4170   9354   4558   4741   4129   4310   3925   3627   3849   3490  13448  26303      0      0  65535 
     0      0      0      0      0      0      0      0      0      0      0      0      0      0      0      0      0      0      0 
     0      0      0      0      0      0      0      0      0      0      0      0      0      0      0      0      0      0      0 
     0      0      0      0      0      0      0      0      0      0      0      0      0      0      0      0      0      0      0 
0 -1 -1
     0      0      0      0      0      0      0      0      0      0      0      0      0      0      0      0      0      0      0 
  3843   3976   3888   4180   4139   3837   3466   4181   4302   4257   3840   3597   4146   4538   4116   3887   9346   4706   4276 
 17236  13361     51    150   3888   3837   3976   4139   3843   4180   4257   4302   4181   4146   9346   4538   4706   4116   4276   3887   3597   3840   3466  13448  26304      0      0  65535 
     0      0      0      0      0      0      0      0      0      0      0      0      0      0      0      0      0      0      0 
     0      0      0      0      0      0      0      0      0      0      0      0      0      0      0      0      0      0      0 
     0      0      0      0      0      0      0      0      0      0      0      0      0      0      0      0      0      0      0 
0 -1 -1
     0      0      0      0      0      0      0      0      0      0      0      0      0      0      0      0      1      0      0 
  3824   3964   3878   4164   4108   3813   3445   4162   4282   4227   3810   3575   4116   4502   4092   3846   9377   4663   4228 
 17236  13361     51    150   3878   3813   3964   4108   3824   4164   4227   4282   4162   4116   9377   4502   4663   4092   4228   3846   3575   3810   3445  13448  26305      0      0  65535 
     0      0      0      0      0      0      0      0      0      0      0      0      0      0      0      0      0      0      0 
     0      0      0      0      0      0      0      0      0      0      0      0      0      0      0      0      0      0      0 
     0      0      0      0      0      0      0      0      0      0      0      0      0      0      0      0      0      0      0 
0 -1 -1
     0      0      0      0      0      0      0      0      0      0      0      0      0      0      0      0      1      0      0 
  3821   3962   3878   4165   4111   3817   3448   4164   4283   4228   3811   3576   4111   4499   4083   3847   9372   4649   4215 
 17236  13361     51    150   3878   3817   3962   4111   3821   4165   4228   4283   4164   4111   9372   4499   4649   4083   4215   3847   3576   3811   3448  13448  26305      0      0  65535 
     0      0      0      0      0      0      0      0      0      0      0      0      0      0      0      0      0      0      0 
     0      0      0      0      0      0      0      0      0      0      0      0      0      0      0      0      0      0      0 
     0      0      0      0      0      0      0      0      0      0      0      0      0      0      0      0      0      0      0 
0 -1 -1
     0      0      0      0      0      0      0      0      0      0      0      0      0      0      0      0      1      0      0 
  3821   3964   3880   4164   4113   3817   3449   4165   4280   4228   3811   3575   4112   4499   4083   3848   9371   4649   4215 
 17236  13361     51    150   3880   3817   3964   4113   3821   4164   4228   4280   4165   4112   9371   4499   4649   4083   4215   3848   3575   3811   3449  13448  26304      1      0  65535 
     0      0      0      0      0      0      0      0      0      0      0      0      0      0      0      0      0      0      0 
     0      0      0      0      0      0      0      0      0      0      0      0      0      0      0      0      0      0      0 
     0      0      0      0      0      0      0      0      0      0      0      0      0      0      0      0      0      0      0 
0 -1 -1
