    23     33     42     20     25     37     46     18     25     30     44     65     30     26     32     42     29     44     49 
  6636   6827   7215   6711   6280   6317   6804   6774   6475   6534   6606   7258   6920   6756   6533   7663  10732   8396   9041 
 17236  13361     51    147   7215   6317   6827   6280   6636   6711   6534   6475   6774   6920  10732   6756   8396   6533   9041   7663   7258   6606   6804  13542  26303      0      0  65535 
     0      0      0      0      0      0      0      0      0      0      0      0      0      0      0      0      0      0      0 
     0      0      0      0      0      0      0      0      0      0      0      0      0      0      0      0      0      0      0 
     0      0      0      0      0      0      0      0      0      0      0      0      0      0      0      0      0      0      0 
0 -1 -1
    25     37     48     22     29     42     52     20     29     35     50     74     33     31     37     48     28     49     54 
  6817   6989   7468   6822   6395   6433   7057   6914   6568   6637   6754   7582   7042   6870   6677   7952  10699   8610   9393 
 17236  13361     51    147   7468   6433   6989   6395   6817   6822   6637   6568   6914   7042  10699   6870   8610   6677   9393   7952   7582   6754   7057  13542  26304      0      0  65535 
     0      0      0      0      0      0      0      0      0      0      0      0      0      0      0      0      0      0      0 
     0      0      0      0      0      0      0      0      0      0      0      0      0      0      0      0      0      0      0 
     0      0      0      0      0      0      0      0      0      0      0      0      0      0      0      0      0      0      0 
0 -1 -1
    27     39     51     23     32     44     54     21     30     37     52     78     34     33     40     50     25     51     57 
  6907   7073   7610   6882   6452   6489   7151   6986   6611   6686   6808   7705   7099   6921   6734   8058  10576   8698   9526 
 17236  13361     51    147   7610   6489   7073   6452   6907   6882   6686   6611   6986   7099  10576   6921   8698   6734   9526   8058   7705   6808   7151  13542  26304      0      0  65535 
     0      0      0      0      0      0      0      0      0      0      0      0      0      0      0      0      0      0      0 
     0      0      0      0      0      0      0      0      0      0      0      0      0      0      0      0      0      0      0 
     0      0      0      0      0      0      0      0      0      0      0      0      0      0      0      0      0      0      0 
0 -1 -1
    28     41     54     24     34     46     57     22     32     39     54     83     36     35     43     53     28     53     59 
  7008   7160   7736   6945   6511   6542   7275   7070   6659   6738   6877   7864   7168   6980   6807   8200  10704   8796   9695 
 17236  13361     51    147   7736   6542   7160   6511   7008   6945   6738   6659   7070   7168  10704   6980   8796   6807   9695   8200   7864   6877   7275  13543  26303      0      0  65535 
     0      0      0      0      0      0      0      0      0      0      0      0      0      0      0      0      0      0      0 
     0      0      0      0      0      0      0      0      0      0      0      0      0      0      0      0      0      0      0 
     0      0      0      0      0      0      0      0      0      0      0      0      0      0      0      0      0      0      0 
0 -1 -1
    29     42     56     25     36     47     59     23     34     41     56     86     37     37     45     55     28     55     61 
  7081   7223   7830   6991   6557   6587   7358   7126   6699   6778   6926   7967   7218   7027   6864   8304  10712   8875   9826 
 17236  13361     51    147   7830   6587   7223   6557   7081   6991   6778   6699   7126   7218  10712   7027   8875   6864   9826   8304   7967   6926   7358  13545  26304      0      0  65535 
     0      0      0      0      0      0      0      0      0      0      0      0      0      0      0      0      0      0      0 
     0      0      0      0      0      0      0      0      0      0      0      0      0      0      0      0      0      0      0 
     0      0      0      0      0      0      0      0      0      0      0      0      0      0      0      0      0      0      0 
0 -1 -1
    31     44     58     26     38     49     61     24     35     43     58     89     39     40     48     57     29     57     63 
  7157   7291   7924   7044   6610   6635   7453   7185   6739   6828   6981   8082   7274   7084   6931   8420  10726   8975   9979 
 17236  13361     51    146   7924   6635   7291   6610   7157   7044   6828   6739   7185   7274  10726   7084   8975   6931   9979   8420   8082   6981   7453  13545  26304      0      0  65535 
     0      0      0      0      0      0      0      0      0      0      0      0      0      0      0      0      0      0      0 
     0      0      0      0      0      0      0      0      0      0      0      0      0      0      0      0      0      0      0 
     0      0      0      0      0      0      0      0      0      0      0      0      0      0      0      0      0      0      0 
0 -1 -1
    32     45     59     26     40     50     62     24     37     44     60     91     40     41     49     58     28     58     65 
  7218   7345   8000   7084   6650   6670   7520   7234   6770   6861   7021   8156   7315   7126   6978   8497  10681   9045  10070 
 17236  13361     51    146   8000   6670   7345   6650   7218   7084   6861   6770   7234   7315  10681   7126   9045   6978  10070   8497   8156   7021   7520  13545  26304      1      0  65535 
     0      0      0      0      0      0      0      0      0      0      0      0      0      0      0      0      0      0      0 
     0      0      0      0      0      0      0      0      0      0      0      0      0      0      0      0      0      0      0 
     0      0      0      0      0      0      0      0      0      0      0      0      0      0      0      0      0      0      0 
0 -1 -1
    33     47     61     27     41     52     64     25     38     46     61     94     41     44     52     60     28     61     67 
  7291   7412   8085   7135   6698   6712   7607   7303   6812   6902   7071   8254   7377   7179   7036   8594  10705   9149  10202 
 17236  13361     51    146   8085   6712   7412   6698   7291   7135   6902   6812   7303   7377  10705   7179   9149   7036  10202   8594   8254   7071   7607  13545  26304      1      0  65535 
     0      0      0      0      0      0      0      0      0      0      0      0      0      0      0      0      0      0      0 
     0      0      0      0      0      0      0      0      0      0      0      0      0      0      0      0      0      0      0 
     0      0      0      0      0      0      0      0      0      0      0      0      0      0      0      0      0      0      0 
0 -1 -1
    34     49     64     29     44     54     67     27     40     48     64     98     43     47     55     63     26     64     70 
  7402   7510   8215   7210   6769   6775   7735   7400   6868   6960   7147   8403   7465   7253   7124   8750  10602   9301  10405 
 17236  13361     51    146   8215   6775   7510   6769   7402   7210   6960   6868   7400   7465  10602   7253   9301   7124  10405   8750   8403   7147   7735  13545  26305      0      0  65535 
     0      0      0      0      0      0      0      0      0      0      0      0      0      0      0      0      0      0      0 
     0      0      0      0      0      0      0      0      0      0      0      0      0      0      0      0      0      0      0 
     0      0      0      0      0      0      0      0      0      0      0      0      0      0      0      0      0      0      0 
0 -1 -1
    36     51     66     30     46     56     69     28     42     50     66    101     45     49     58     65     24     66     72 
  7486   7587   8318   7270   6824   6824   7825   7476   6910   7004   7197   8497   7531   7309   7187   8853  10512   9415  10540 
 17236  13361     51    146   8318   6824   7587   6824   7486   7270   7004   6910   7476   7531  10512   7309   9415   7187  10540   8853   8497   7197   7825  13545  26304      0      0  65535 
     0      0      0      0      0      0      0      0      0      0      0      0      0      0      0      0      0      0      0 
     0      0      0      0      0      0      0      0      0      0      0      0      0      0      0      0      0      0      0 
     0      0      0      0      0      0      0      0      0      0      0      0      0      0      0      0      0      0      0 
0 -1 -1
    37     52     68     31     48     58     71     29     43     52     68    104     46     51     61     67     24     69     75 
  7558   7654   8398   7323   6873   6867   7912   7555   6951   7045   7252   8599   7605   7366   7255   8966  10516   9541  10700 
 17236  13361     51    146   8398   6867   7654   6873   7558   7323   7045   6951   7555   7605  10516   7366   9541   7255  10700   8966   8599   7252   7912  13544  26304      0      0  65535 
     0      0      0      0      0      0      0      0      0      0      0      0      0      0      0      0      0      0      0 
     0      0      0      0      0      0      0      0      0      0      0      0      0      0      0      0      0      0      0 
     0      0      0      0      0      0      0      0      0      0      0      0      0      0      0      0      0      0      0 
0 -1 -1
    38     54     69     32     51     60     73     31     46     54     70    106     49     54     63     69     22     72     76 
  7649   7731   8478   7400   6938   6914   7975   7674   7008   7095   7295   8654   7702   7438   7316   9037  10442   9659  10816 
 17236  13361     51    145   8478   6914   7731   6938   7649   7400   7095   7008   7674   7702  10442   7438   9659   7316  10816   9037   8654   7295   7975  13561  26304      0      0  65535 
     0      0      0      0      0      0      0      0      0      0      0      0      0      0      0      0      0      0      0 
     0      0      0      0      0      0      0      0      0      0      0      0      0      0      0      0      0      0      0 
     0      0      0      0      0      0      0      0      0      0      0      0      0      0      0      0      0      0      0 
0 -1 -1
    40     56     71     33     53     61     74     33     48     56     71    106     51     57     65     69     20     73     77 
  7744   7802   8538   7476   7000   6952   8016   7799   7064   7138   7324   8671   7799   7501   7359   9061  10324   9737  10864 
 17236  13361     51    145   8538   6952   7802   7000   7744   7476   7138   7064   7799   7799  10324   7501   9737   7359  10864   9061   8671   7324   8016  13566  26304      0      0  65535 
     0      0      0      0      0      0      0      0      0      0      0      0      0      0      0      0      0      0      0 
     0      0      0      0      0      0      0      0      0      0      0      0      0      0      0      0      0      0      0 
     0      0      0      0      0      0      0      0      0      0      0      0      0      0      0      0      0      0      0 
0 -1 -1
    40     56     71     34     54     61     74     33     48     57     71    107     52     58     65     69     17     74     77 
  7785   7838   8568   7502   7022   6966   8030   7842   7078   7150   7334   8678   7822   7514   7367   9065  10200   9759  10861 
 17236  13361     51    145   8568   6966   7838   7022   7785   7502   7150   7078   7842   7822  10200   7514   9759   7367  10861   9065   8678   7334   8030  13543  26305      0      0  65535 
     0      0      0      0      0      0      0      0      0      0      0      0      0      0      0      0      0      0      0 
     0      0      0      0      0      0      0      0      0      0      0      0      0      0      0      0      0      0      0 
     0      0      0      0      0      0      0      0      0      0      0      0      0      0      0      0      0      0      0 
0 -1 -1
    41     57     72     34     55     62     76     34     49     57     72    108     52     59     67     71     19     76     78 
  7824   7877   8612   7529   7044   6988   8090   7889   7097   7167   7366   8741   7856   7547   7410   9131  10287   9845  10945 
 17236  13361     51    145   8612   6988   7877   7044   7824   7529   7167   7097   7889   7856  10287   7547   9845   7410  10945   9131   8741   7366   8090  13542  26304      0      0  65535 
     0      0      0      0      0      0      0      0      0      0      0      0      0      0      0      0      0      0      0 
     0      0      0      0      0      0      0      0      0      0      0      0      0      0      0      0      0      0      0 
     0      0      0      0      0      0      0      0      0      0      0      0      0      0      0      0      0      0      0 
0 -1 -1
    43     60     75     36     58     65     79     36     51     60     75    113     55     62     71     74     18     80     82 
  7937   7987   8738   7610   7110   7051   8230   8008   7146   7221   7450   8904   7951   7613   7505   9306  10254  10039  11180 
 17236  13361     51    145   8738   7051   7987   7110   7937   7610   7221   7146   8008   7951  10254   7613  10039   7505  11180   9306   8904   7450   8230  13543  26304      0      1  65535 
     0      0      0      0      0      0      0      0      0      0      0      0      0      0      0      0      0      0      0 
     0      0      0      0      0      0      0      0      0      0      0      0      0      0      0      0      0      0      0 
     0      0      0      0      0      0      0      0      0      0      0      0      0      0      0      0      0      0      0 
0 -1 -1
    45     63     78     38     61     68     82     38     53     63     79    118     58     65     75     77     17     84     85 
  8091   8132   8904   7716   7200   7133   8383   8150   7216   7290   7540   9063   8068   7701   7607   9460  10178  10215  11363 
 17236  13361     51    145   8904   7133   8132   7200   8091   7716   7290   7216   8150   8068  10178   7701  10215   7607  11363   9460   9063   7540   8383  13544  26304      0      0  65535 
     0      0      0      0      0      0      0      0      0      0      0      0      0      0      0      0      0      0      0 
     0      0      0      0      0      0      0      0      0      0      0      0      0      0      0      0      0      0      0 
     0      0      0      0      0      0      0      0      0      0      0      0      0      0      0      0      0      0      0 
0 -1 -1
    48     67     82     40     66     71     86     41     56     66     82    122     61     69     79     80     15     88     88 
  8263   8297   9084   7842   7307   7222   8543   8319   7297   7367   7638   9215   8204   7797   7719   9615  10118  10415  11560 
 17236  13361     51    144   9084   7222   8297   7307   8263   7842   7367   7297   8319   8204  10118   7797  10415   7719  11560   9615   9215   7638   8543  13544  26304      0      0  65535 
     0      0      0      0      0      0      0      0      0      0      0      0      0      0      0      0      0      0      0 
     0      0      0      0      0      0      0      0      0      0      0      0      0      0      0      0      0      0      0 
     0      0      0      0      0      0      0      0      0      0      0      0      0      0      0      0      0      0      0 
0 -1 -1
    49     69     84     41     68     73     88     42     59     68     84    125     63     73     82     81     15     91     89 
  8368   8396   9189   7929   7380   7284   8628   8432   7356   7429   7691   9293   8298   7870   7790   9693  10085  10527  11666 
 17236  13361     51    144   9189   7284   8396   7380   8368   7929   7429   7356   8432   8298  10085   7870  10527   7790  11666   9693   9293   7691   8628  13544  26304      0      0  65535 
     0      0      0      0      0      0      0      0      0      0      0      0      0      0      0      0      0      0      0 
     0      0      0      0      0      0      0      0      0      0      0      0      0      0      0      0      0      0      0 
     0      0      0      0      0      0      0      0      0      0      0      0      0      0      0      0      0      0      0 
0 -1 -1
    50     70     85     42     69     74     89     43     59     69     85    125     63     73     83     82     14     91     90 
  8412   8436   9231   7954   7396   7298   8659   8456   7366   7436   7707   9315   8317   7877   7805   9711  10079  10561  11675 
 17236  13361     51    144   9231   7298   8436   7396   8412   7954   7436   7366   8456   8317  10079   7877  10561   7805  11675   9711   9315   7707   8659  13538  26304      0      0  65535 
     0      0      0      0      0      0      0      0      0      0      0      0      0      0      0      0      0      0      0 
     0      0      0      0      0      0      0      0      0      0      0      0      0      0      0      0      0      0      0 
     0      0      0      0      0      0      0      0      0      0      0      0      0      0      0      0      0      0      0 
0 -1 -1
    51     72     87     43     70     75     90     43     60     70     86    128     65     74     85     83     15     93     91 
  8461   8502   9307   7994   7427   7336   8722   8498   7389   7462   7748   9393   8363   7906   7854   9795  10103  10653  11778 
 17236  13361     51    144   9307   7336   8502   7427   8461   7994   7462   7389   8498   8363  10103   7906  10653   7854  11778   9795   9393   7748   8722  13538  26304      0      0  65535 
     0      0      0      0      0      0      0      0      0      0      0      0      0      0      0      0      0      0      0 
     0      0      0      0      0      0      0      0      0      0      0      0      0      0      0      0      0      0      0 
     0      0      0      0      0      0      0      0      0      0      0      0      0      0      0      0      0      0      0 
0 -1 -1
    51     72     87     42     70     75     89     43     60     70     85    127     64     73     84     83     14     93     90 
  8443   8496   9297   7985   7417   7331   8689   8484   7381   7455   7725   9357   8353   7892   7837   9760  10049  10643  11737 
 17236  13361     51    144   9297   7331   8496   7417   8443   7985   7455   7381   8484   8353  10049   7892  10643   7837  11737   9760   9357   7725   8689  13538  26304      1      0  65535 
     0      0      0      0      0      0      0      0      0      0      0      0      0      0      0      0      0      0      0 
     0      0      0      0      0      0      0      0      0      0      0      0      0      0      0      0      0      0      0 
     0      0      0      0      0      0      0      0      0      0      0      0      0      0      0      0      0      0      0 
0 -1 -1
    49     70     85     41     67     73     86     42     58     67     82    122     62     70     80     80     12     90     88 
  8352   8414   9194   7919   7351   7271   8559   8393   7329   7395   7636   9219   8273   7815   7749   9619   9990  10515  11565 
 17236  13361     51    144   9194   7271   8414   7351   8352   7919   7395   7329   8393   8273   9990   7815  10515   7749  11565   9619   9219   7636   8559  13538  26304      0      0  65535 
     0      0      0      0      0      0      0      0      0      0      0      0      0      0      0      0      0      0      0 
     0      0      0      0      0      0      0      0      0      0      0      0      0      0      0      0      0      0      0 
     0      0      0      0      0      0      0      0      0      0      0      0      0      0      0      0      0      0      0 
0 -1 -1
    46     65     80     39     61     68     80     39     53     61     75    114     58     63     72     74     11     84     82 
  8146   8223   8965   7768   7201   7141   8271   8192   7212   7259   7449   8920   8095   7642   7552   9317   9913  10240  11203 
 17236  13361     51    145   8965   7141   8223   7201   8146   7768   7259   7212   8192   8095   9913   7642  10240   7552  11203   9317   8920   7449   8271  13539  26304      0      0  65535 
     0      0      0      0      0      0      0      0      0      0      0      0      0      0      0      0      0      0      0 
     0      0      0      0      0      0      0      0      0      0      0      0      0      0      0      0      0      0      0 
     0      0      0      0      0      0      0      0      0      0      0      0      0      0      0      0      0      0      0 
0 -1 -1
    37     53     66     31     46     56     63     30     42     48     60     91     47     46     54     60      8     70     69 
  7561   7692   8330   7355   6812   6818   7569   7632   6910   6945   7030   8168   7635   7237   7103   8578   9791   9583  10320 
 17236  13361     51    146   8330   6818   7692   6812   7561   7355   6945   6910   7632   7635   9791   7237   9583   7103  10320   8578   8168   7030   7569  13539  26304      0      0  65535 
     0      0      0      0      0      0      0      0      0      0      0      0      0      0      0      0      0      0      0 
     0      0      0      0      0      0      0      0      0      0      0      0      0      0      0      0      0      0      0 
     0      0      0      0      0      0      0      0      0      0      0      0      0      0      0      0      0      0      0 
0 -1 -1
    22     33     42     20     24     37     40     18     25     29     39     56     31     24     30     38      5     47     47 
  6595   6834   7199   6726   6262   6303   6550   6814   6469   6498   6462   6977   6976   6720   6501   7462   9654   8530   8897 
 17236  13361     51    148   7199   6303   6834   6262   6595   6726   6498   6469   6814   6976   9654   6720   8530   6501   8897   7462   6977   6462   6550  13539  26304      0      0  65535 
     0      0      0      0      0      0      0      0      0      0      0      0      0      0      0      0      0      0      0 
     0      0      0      0      0      0      0      0      0      0      0      0      0      0      0      0      0      0      0 
     0      0      0      0      0      0      0      0      0      0      0      0      0      0      0      0      0      0      0 
0 -1 -1
     9     17     22     11     10     21     22      8     12     14     22     29     19      9     13     22      3     26     27 
  5794   6141   6274   6211   5894   5872   5789   6146   6134   6154   6013   6035   6432   6356   6069   6589   9539   7558   7604 
 17236  13361     51    149   6274   5872   6141   5894   5794   6211   6154   6134   6146   6432   9539   6356   7558   6069   7604   6589   6035   6013   5789  13540  26305      0      0  65535 
     0      0      0      0      0      0      0      0      0      0      0      0      0      0      0      0      0      0      0 
     0      0      0      0      0      0      0      0      0      0      0      0      0      0      0      0      0      0      0 
     0      0      0      0      0      0      0      0      0      0      0      0      0      0      0      0      0      0      0 
0 -1 -1
     2      7     10      4      3     10     10      2      5      4     11     10      8      1      3     10      1     11     13 
  5350   5688   5685   5820   5720   5587   5281   5706   5929   5931   5697   5415   5991   6167   5824   6007   9459   6860   6661 
 17236  13361     51    150   5685   5587   5688   5720   5350   5820   5931   5929   5706   5991   9459   6167   6860   5824   6661   6007   5415   5697   5281  13540  26305      0      0  65535 
     0      0      0      0      0      0      0      0      0      0      0      0      0      0      0      0      0      0      0 
     0      0      0      0      0      0      0      0      0      0      0      0      0      0      0      0      0      0      0 
     0      0      0      0      0      0      0      0      0      0      0      0      0      0      0      0      0      0      0 
0 -1 -1
     0      0      0      0      1      0      0      0      0      0      0      0      0      0      0      1      0      0      1 
  5203   5399   5230   5634   5663   5325   4835   5611   5816   5837   5406   5055   5667   6138   5740   5502   9398   6366   5908 
 17236  13361     51    151   5230   5325   5399   5663   5203   5634   5837   5816   5611   5667   9398   6138   6366   5740   5908   5502   5055   5406   4835  13541  26304      0      0  65535 
     0      0      0      0      0      0      0      0      0      0      0      0      0      0      0      0      0      0      0 
     0      0      0      0      0      0      0      0      0      0      0      0      0      0      0      0      0      0      0 
     0      0      0      0      0      0      0      0      0      0      0      0      0      0      0      0      0      0      0 
0 -1 -1
     0      0      0      0      1      0      0      0      0      0      0      0      0      0      0      0      0      0      0 
  5203   5401   5229   5633   5664   5323   4836   5611   5818   5838   5403   5055   5665   6139   5738   5454   9396   6349   5832 
 17236  13361     51    151   5229   5323   5401   5664   5203   5633   5838   5818   5611   5665   9396   6139   6349   5738   5832   5454   5055   5403   4836  13543  26304      0      0  65535 
     0      0      0      0      0      0      0      0      0      0      0      0      0      0      0      0      0      0      0 
     0      0      0      0      0      0      0      0      0      0      0      0      0      0      0      0      0      0      0 
     0      0      0      0      0      0      0      0      0      0      0      0      0      0      0      0      0      0      0 
0 -1 -1
     0      0      0      0      1      0      0      0      0      0      0      0      0      0      0      0      0      0      0 
  5203   5397   5228   5633   5663   5322   4835   5611   5818   5837   5401   5055   5665   6138   5738   5454   9395   6348   5830 
 17236  13361     51    151   5228   5322   5397   5663   5203   5633   5837   5818   5611   5665   9395   6138   6348   5738   5830   5454   5055   5401   4835  13544  26305      1      0  65535 
     0      0      0      0      0      0      0      0      0      0      0      0      0      0      0      0      0      0      0 
     0      0      0      0      0      0      0      0      0      0      0      0      0      0      0      0      0      0      0 
     0      0      0      0      0      0      0      0      0      0      0      0      0      0      0      0      0      0      0 
0 -1 -1
     0      0      0      0      1      0      0      0      0      0      0      0      0      0      0      0      0      0      0 
  5203   5397   5229   5632   5663   5322   4834   5613   5818   5838   5401   5053   5666   6138   5739   5453   9402   6348   5830 
 17236  13361     51    151   5229   5322   5397   5663   5203   5632   5838   5818   5613   5666   9402   6138   6348   5739   5830   5453   5053   5401   4834  13544  26304      0      0  65535 
     0      0      0      0      0      0      0      0      0      0      0      0      0      0      0      0      0      0      0 
     0      0      0      0      0      0      0      0      0      0      0      0      0      0      0      0      0      0      0 
     0      0      0      0      0      0      0      0      0      0      0      0      0      0      0      0      0      0      0 
0 -1 -1
     0      0      0      0      1      0      0      0      0      0      0      0      0      0      0      0      0      0      0 
  5203   5396   5227   5633   5663   5322   4835   5613   5817   5840   5402   5055   5667   6138   5737   5453   9401   6348   5832 
 17236  13361     51    151   5227   5322   5396   5663   5203   5633   5840   5817   5613   5667   9401   6138   6348   5737   5832   5453   5055   5402   4835  13581  26304      0      1  65535 
     0      0      0      0      0      0      0      0      0      0      0      0      0      0      0      0      0      0      0 
     0      0      0      0      0      0      0      0      0      0      0      0      0      0      0      0      0      0      0 
     0      0      0      0      0      0      0      0      0      0      0      0      0      0      0      0      0      0      0 
0 -1 -1
     0      0      0      0      0      0      0      0      0      0      0      0      0      0      0      0      0      0      0 
  5204   5397   5229   5633   5662   5322   4834   5614   5818   5839   5401   5056   5666   6138   5738   5454   9401   6348   5832 
 17236  13361     51    151   5229   5322   5397   5662   5204   5633   5839   5818   5614   5666   9401   6138   6348   5738   5832   5454   5056   5401   4834  13554  26304      0      0  65535 
     0      0      0      0      0      0      0      0      0      0      0      0      0      0      0      0      0      0      0 
     0      0      0      0      0      0      0      0      0      0      0      0      0      0      0      0      0      0      0 
     0      0      0      0      0      0      0      0      0      0      0      0      0      0      0      0      0      0      0 
0 -1 -1
     0      0      0      0      1      0      0      0      1      0      0      0      0      0      0      0      0      0      0 
  5204   5396   5229   5634   5664   5323   4836   5614   5819   5839   5401   5057   5666   6140   5737   5454   9400   6349   5831 
 17236  13361     51    151   5229   5323   5396   5664   5204   5634   5839   5819   5614   5666   9400   6140   6349   5737   5831   5454   5057   5401   4836  13545  26304      0      0  65535 
     0      0      0      0      0      0      0      0      0      0      0      0      0      0      0      0      0      0      0 
     0      0      0      0      0      0      0      0      0      0      0      0      0      0      0      0      0      0      0 
     0      0      0      0      0      0      0      0      0      0      0      0      0      0      0      0      0      0      0 
0 -1 -1
     0      0      0      0      1      0      0      0      0      0      0      0      0      0      0      0      0      0      0 
  5205   5398   5231   5635   5663   5321   4836   5615   5818   5839   5402   5057   5668   6139   5739   5455   9397   6349   5833 
 17236  13361     51    151   5231   5321   5398   5663   5205   5635   5839   5818   5615   5668   9397   6139   6349   5739   5833   5455   5057   5402   4836  13545  26305      0      0  65535 
     0      0      0      0      0      0      0      0      0      0      0      0      0      0      0      0      0      0      0 
     0      0      0      0      0      0      0      0      0      0      0      0      0      0      0      0      0      0      0 
     0      0      0      0      0      0      0      0      0      0      0      0      0      0      0      0      0      0      0 
0 -1 -1
     0      0      0      0      1      0      0      0      0      0      0      0      0      0      0      0      0      0      0 
  5206   5399   5229   5636   5663   5325   4835   5616   5818   5838   5400   5058   5668   6140   5738   5453   9393   6349   5833 
 17236  13361     51    151   5229   5325   5399   5663   5206   5636   5838   5818   5616   5668   9393   6140   6349   5738   5833   5453   5058   5400   4835  13546  26304      0      0  65535 
     0      0      0      0      0      0      0      0      0      0      0      0      0      0      0      0      0      0      0 
     0      0      0      0      0      0      0      0      0      0      0      0      0      0      0      0      0      0      0 
     0      0      0      0      0      0      0      0      0      0      0      0      0      0      0      0      0      0      0 
0 -1 -1
     0      0      0      0      1      0      0      0      1      0      0      0      0      0      0      0      0      0      0 
  5208   5398   5233   5636   5664   5321   4836   5617   5819   5839   5401   5059   5669   6141   5737   5454   9403   6350   5836 
 17236  13361     51    151   5233   5321   5398   5664   5208   5636   5839   5819   5617   5669   9403   6141   6350   5737   5836   5454   5059   5401   4836  13546  26304      0      0  65535 
     0      0      0      0      0      0      0      0      0      0      0      0      0      0      0      0      0      0      0 
     0      0      0      0      0      0      0      0      0      0      0      0      0      0      0      0      0      0      0 
     0      0      0      0      0      0      0      0      0      0      0      0      0      0      0      0      0      0      0 
0 -1 -1
     0      0      0      0      1      0      0      0      0      0      0      0      0      0      0      0      0      0      0 
  5206   5401   5231   5636   5663   5323   4838   5619   5818   5840   5403   5060   5668   6140   5738   5455   9402   6351   5834 
 17236  13361     51    151   5231   5323   5401   5663   5206   5636   5840   5818   5619   5668   9402   6140   6351   5738   5834   5455   5060   5403   4838  13546  26304      0      0  65535 
     0      0      0      0      0      0      0      0      0      0      0      0      0      0      0      0      0      0      0 
     0      0      0      0      0      0      0      0      0      0      0      0      0      0      0      0      0      0      0 
     0      0      0      0      0      0      0      0      0      0      0      0      0      0      0      0      0      0      0 
0 -1 -1
     0      0      0      0      1      0      0      0      1      0      0      0      0      0      0      0      0      0      0 
  5209   5399   5230   5638   5665   5324   4839   5618   5820   5839   5403   5059   5668   6140   5738   5455   9400   6351   5835 
 17236  13361     51    151   5230   5324   5399   5665   5209   5638   5839   5820   5618   5668   9400   6140   6351   5738   5835   5455   5059   5403   4839  13546  26305      0      0  65535 
     0      0      0      0      0      0      0      0      0      0      0      0      0      0      0      0      0      0      0 
     0      0      0      0      0      0      0      0      0      0      0      0      0      0      0      0      0      0      0 
     0      0      0      0      0      0      0      0      0      0      0      0      0      0      0      0      0      0      0 
0 -1 -1
     0      0      0      0      1      0      0      0      1      0      0      0      0      0      0      0      0      0      0 
  5209   5401   5233   5637   5665   5324   4837   5619   5820   5838   5401   5060   5670   6141   5739   5457   9397   6351   5837 
 17236  13361     51    151   5233   5324   5401   5665   5209   5637   5838   5820   5619   5670   9397   6141   6351   5739   5837   5457   5060   5401   4837  13546  26305      0      0  65535 
     0      0      0      0      0      0      0      0      0      0      0      0      0      0      0      0      0      0      0 
     0      0      0      0      0      0      0      0      0      0      0      0      0      0      0      0      0      0      0 
     0      0      0      0      0      0      0      0      0      0      0      0      0      0      0      0      0      0      0 
0 -1 -1
     0      0      0      0      1      0      0      0      1      0      0      0      0      0      0      0      0      0      0 
  5211   5401   5232   5638   5665   5324   4838   5621   5819   5840   5402   5061   5670   6140   5739   5457   9395   6353   5837 
 17236  13361     51    151   5232   5324   5401   5665   5211   5638   5840   5819   5621   5670   9395   6140   6353   5739   5837   5457   5061   5402   4838  13547  26305      0      1  65535 
     0      0      0      0      0      0      0      0      0      0      0      0      0      0      0      0      0      0      0 
     0      0      0      0      0      0      0      0      0      0      0      0      0      0      0      0      0      0      0 
     0      0      0      0      0      0      0      0      0      0      0      0      0      0      0      0      0      0      0 
0 -1 -1
     0      0      0      0      1      0      0      0      1      0      0      0      0      0      0      0      0      0      0 
  5210   5402   5233   5639   5667   5323   4838   5622   5820   5840   5402   5061   5672   6140   5739   5457   9397   6353   5837 
 17236  13361     51    151   5233   5323   5402   5667   5210   5639   5840   5820   5622   5672   9397   6140   6353   5739   5837   5457   5061   5402   4838  13547  26305      0      1  65535 
     0      0      0      0      0      0      0      0      0      0      0      0      0      0      0      0      0      0      0 
     0      0      0      0      0      0      0      0      0      0      0      0      0      0      0      0      0      0      0 
     0      0      0      0      0      0      0      0      0      0      0      0      0      0      0      0      0      0      0 
0 -1 -1
     0      0      0      0      1      0      0      0      1      0      0      0      0      0      0      0      0      0      0 
  5212   5404   5234   5641   5666   5323   4840   5622   5821   5840   5401   5062   5672   6141   5740   5457   9403   6354   5838 
 17236  13361     51    151   5234   5323   5404   5666   5212   5641   5840   5821   5622   5672   9403   6141   6354   5740   5838   5457   5062   5401   4840  13547  26304      0      0  65535 
     0      0      0      0      0      0      0      0      0      0      0      0      0      0      0      0      0      0      0 
     0      0      0      0      0      0      0      0      0      0      0      0      0      0      0      0      0      0      0 
     0      0      0      0      0      0      0      0      0      0      0      0      0      0      0      0      0      0      0 
0 -1 -1
     0      0      0      0      1      0      0      0      1      0      0      0      0      0      0      0      0      0      0 
  5213   5402   5236   5641   5668   5324   4839   5623   5822   5841   5401   5061   5673   6142   5740   5459   9398   6354   5839 
 17236  13361     51    151   5236   5324   5402   5668   5213   5641   5841   5822   5623   5673   9398   6142   6354   5740   5839   5459   5061   5401   4839  13546  26304      0      0  65535 
     0      0      0      0      0      0      0      0      0      0      0      0      0      0      0      0      0      0      0 
     0      0      0      0      0      0      0      0      0      0      0      0      0      0      0      0      0      0      0 
     0      0      0      0      0      0      0      0      0      0      0      0      0      0      0      0      0      0      0 
0 -1 -1
