     2      6      0      1     10      0     64      0     10     68    143    149      5    124    176     57      0     88     16 
  3336   3758   4119   3553   3754   4060  10077   3537   3971   5494   8933   9118   3696   6947   8131   6477   9597   8139   4682 
 17236  13361     51    136   4119   4060   3758   3754   3336   3553   5494   3971   3537   3696   9597   6947   8139   8131   4682   6477   9118   8933  10077  13447  26304      0      0  65535 
     0      0      0      0      0      0      0      0      0      0      0      0      0      0      0      0      0      0      0 
     0      0      0      0      0      0      0      0      0      0      0      0      0      0      0      0      0      0      0 
     0      0      0      0      0      0      0      0      0      0      0      0      0      0      0      0      0      0      0 
0 -1 -1
     1      6      0      0     10      0     42      0      8     52    132    152      4    139    210     67      0    130     26 
  3303   3727   3862   3542   3748   3752   9131   3525   3924   5135   8643   9212   3678   7311   8985   6985   9414  10101   5318 
 17236  13361     51    138   3862   3752   3727   3748   3303   3542   5135   3924   3525   3678   9414   7311  10101   8985   5318   6985   9212   8643   9131  13447  26303      0      0  65535 
     0      0      0      0      0      0      0      0      0      0      0      0      0      0      0      0      0      0      0 
     0      0      0      0      0      0      0      0      0      0      0      0      0      0      0      0      0      0      0 
     0      0      0      0      0      0      0      0      0      0      0      0      0      0      0      0      0      0      0 
0 -1 -1
     1      5      0      0      9      0     18      0      5     30    117    157      2    129    241     79      0    172     41 
  3258   3703   3746   3531   3732   3532   8087   3512   3852   4612   8211   9413   3601   7058   9767   7649   9066  12025   6287 
 17236  13361     51    139   3746   3532   3703   3732   3258   3531   4612   3852   3512   3601   9066   7058  12025   9767   6287   7649   9413   8211   8087  13448  26303      0      0  65535 
     0      0      0      0      0      0      0      0      0      0      0      0      0      0      0      0      0      0      0 
     0      0      0      0      0      0      0      0      0      0      0      0      0      0      0      0      0      0      0 
     0      0      0      0      0      0      0      0      0      0      0      0      0      0      0      0      0      0      0 
0 -1 -1
     0      5      0      0      9      0      0      0      3     10    103    171      1     95    255     99      0    200     63 
  3213   3708   3731   3543   3734   3439   6998   3511   3777   4157   7832   9878   3532   6240  10465   8664   8868  13328   7700 
 17236  13361     51    142   3731   3439   3708   3734   3213   3543   4157   3777   3511   3532   8868   6240  13328  10465   7700   8664   9878   7832   6998  13448  26303      0      0  65535 
     0      0      0      0      0      0      0      0      0      0      0      0      0      0      0      0      0      0      0 
     0      0      0      0      0      0      0      0      0      0      0      0      0      0      0      0      0      0      0 
     0      0      0      0      0      0      0      0      0      0      0      0      0      0      0      0      0      0      0 
0 -1 -1
     0      5      0      0      9      0      0      0      0      0     92    186      0     60    255    120      0    209     85 
  3203   3717   3756   3538   3736   3415   6115   3514   3698   3917   7538  10365   3489   5411  10715   9764   8873  13719   9158 
 17236  13361     51    143   3756   3415   3717   3736   3203   3538   3917   3698   3514   3489   8873   5411  13719  10715   9158   9764  10365   7538   6115  13446  26303      0      1  65535 
     0      0      0      0      0      0      0      0      0      0      0      0      0      0      0      0      0      0      0 
     0      0      0      0      0      0      0      0      0      0      0      0      0      0      0      0      0      0      0 
     0      0      0      0      0      0      0      0      0      0      0      0      0      0      0      0      0      0      0 
0 -1 -1
     0      6      0      0     10      0      0      0      0      0     86    192      0     46    255    131      0    210     96 
  3205   3728   3782   3518   3746   3420   5683   3515   3662   3860   7376  10575   3488   5084  10668  10336   8892  13780   9896 
 17236  13361     51    144   3782   3420   3728   3746   3205   3518   3860   3662   3515   3488   8892   5084  13780  10668   9896  10336  10575   7376   5683  13446  26304      0      0  65535 
     0      0      0      0      0      0      0      0      0      0      0      0      0      0      0      0      0      0      0 
     0      0      0      0      0      0      0      0      0      0      0      0      0      0      0      0      0      0      0 
     0      0      0      0      0      0      0      0      0      0      0      0      0      0      0      0      0      0      0 
0 -1 -1
     0      6      0      0     10      0      0      0      0      0     78    198      0     36    255    144      0    215    111 
  3205   3733   3803   3508   3745   3428   5220   3516   3637   3821   7158  10781   3486   4840  10638  11026   9022  13993  10844 
 17236  13361     51    145   3803   3428   3733   3745   3205   3508   3821   3637   3516   3486   9022   4840  13993  10638  10844  11026  10781   7158   5220  13450  26304      0      0  65535 
     0      0      0      0      0      0      0      0      0      0      0      0      0      0      0      0      0      0      0 
     0      0      0      0      0      0      0      0      0      0      0      0      0      0      0      0      0      0      0 
     0      0      0      0      0      0      0      0      0      0      0      0      0      0      0      0      0      0      0 
0 -1 -1
     0      6      0      0      9      0      0      0      0      0     55    198      0     24    255    162      0    223    136 
  3207   3736   3823   3504   3720   3427   4476   3518   3604   3757   6536  10789   3476   4563  10338  11935   9196  14358  12466 
 17236  13361     51    146   3823   3427   3736   3720   3207   3504   3757   3604   3518   3476   9196   4563  14358  10338  12466  11935  10789   6536   4476  13437  26304      0      0  65535 
     0      0      0      0      0      0      0      0      0      0      0      0      0      0      0      0      0      0      0 
     0      0      0      0      0      0      0      0      0      0      0      0      0      0      0      0      0      0      0 
     0      0      0      0      0      0      0      0      0      0      0      0      0      0      0      0      0      0      0 
0 -1 -1
     0      6      0      0      7      0      0      0      0      0     15    191      0     14    216    186     18    208    174 
  3208   3732   3833   3505   3673   3416   3671   3520   3599   3703   5440  10548   3451   4310   9135  13213  10531  13669  14978 
 17236  13361     51    148   3833   3416   3732   3673   3208   3505   3703   3599   3520   3451  10531   4310  13669   9135  14978  13213  10548   5440   3671  13444  26304      0      0  65535 
     0      0      0      0      0      0      0      0      0      0      0      0      0      0      0      0      0      0      0 
     0      0      0      0      0      0      0      0      0      0      0      0      0      0      0      0      0      0      0 
     0      0      0      0      0      0      0      0      0      0      0      0      0      0      0      0      0      0      0 
0 -1 -1
     0      5      0      0      3      0      0      0      0      0      0    129      0      3     85    188    131    120    233 
  3232   3691   3836   3532   3577   3419   3239   3524   3614   3661   3952   8442   3454   4054   5865  13309  15689   9619  18763 
 17236  13361     51    149   3836   3419   3691   3577   3232   3532   3661   3614   3524   3454  15689   4054   9619   5865  18763  13309   8442   3952   3239  13448  26304      0      0  65535 
     0      0      0      0      0      0      0      0      0      0      0      0      0      0      0      0      0      0      0 
     0      0      0      0      0      0      0      0      0      0      0      0      0      0      0      0      0      0      0 
     0      0      0      0      0      0      0      0      0      0      0      0      0      0      0      0      0      0      0 
0 -1 -1
     7      0      0      9      0      0      0      2      0      2      0     16      0      1     11     54    115     13    105 
  3687   3470   3809   4049   3477   3266   3350   3645   3642   3952   3888   4604   3469   3993   4002   6343  14959   4699  10483 
 17236  13361     51    149   3809   3266   3470   3477   3687   4049   3952   3642   3645   3469  14959   3993   4699   4002  10483   6343   4604   3888   3350  13449  26304      0      0  65535 
     0      0      0      0      0      0      0      0      0      0      0      0      0      0      0      0      0      0      0 
     0      0      0      0      0      0      0      0      0      0      0      0      0      0      0      0      0      0      0 
     0      0      0      0      0      0      0      0      0      0      0      0      0      0      0      0      0      0      0 
0 -1 -1
    12      0      0     18      0      0      0      6      0      6      0     18      0      0      9     43     96     12     58 
  3972   3390   3594   4554   3485   3218   3222   3946   3658   4060   3946   4671   3476   3876   3968   5769  14080   4672   7393 
 17236  13361     51    149   3594   3218   3390   3485   3972   4554   4060   3658   3946   3476  14080   3876   4672   3968   7393   5769   4671   3946   3222  13448  26304      0      0  65535 
     0      0      0      0      0      0      0      0      0      0      0      0      0      0      0      0      0      0      0 
     0      0      0      0      0      0      0      0      0      0      0      0      0      0      0      0      0      0      0 
     0      0      0      0      0      0      0      0      0      0      0      0      0      0      0      0      0      0      0 
0 -1 -1
    10      0      0     15      0      0      0      6      0      2      0      6      0      0      0     30     97      8     41 
  3855   3406   3498   4377   3487   3238   3115   3919   3663   3959   3719   4256   3477   3854   3735   5070  14121   4462   6266 
 17236  13361     51    149   3498   3238   3406   3487   3855   4377   3959   3663   3919   3477  14121   3854   4462   3735   6266   5070   4256   3719   3115  13448  26303      0      0  65535 
     0      0      0      0      0      0      0      0      0      0      0      0      0      0      0      0      0      0      0 
     0      0      0      0      0      0      0      0      0      0      0      0      0      0      0      0      0      0      0 
     0      0      0      0      0      0      0      0      0      0      0      0      0      0      0      0      0      0      0 
0 -1 -1
     5      0      0      5      0      0      0      1      0      0      0      0      0      0      0     14     99      2     22 
  3547   3399   3450   3778   3478   3234   3020   3628   3660   3798   3447   3714   3480   3865   3511   4261  14231   4184   5068 
 17236  13361     51    149   3450   3234   3399   3478   3547   3778   3798   3660   3628   3480  14231   3865   4184   3511   5068   4261   3714   3447   3020  13449  26303      0      0  65535 
     0      0      0      0      0      0      0      0      0      0      0      0      0      0      0      0      0      0      0 
     0      0      0      0      0      0      0      0      0      0      0      0      0      0      0      0      0      0      0 
     0      0      0      0      0      0      0      0      0      0      0      0      0      0      0      0      0      0      0 
0 -1 -1
     2      0      0      1      0      0      0      0      0      0      0      0      0      0      0      1    154      0      6 
  3328   3382   3378   3556   3473   3229   2941   3546   3661   3645   3265   3231   3482   3873   3456   3577  16725   4024   4012 
 17236  13361     51    149   3378   3229   3382   3473   3328   3556   3645   3661   3546   3482  16725   3873   4024   3456   4012   3577   3231   3265   2941  13448  26305      0      0  65535 
     0      0      0      0      0      0      0      0      0      0      0      0      0      0      0      0      0      0      0 
     0      0      0      0      0      0      0      0      0      0      0      0      0      0      0      0      0      0      0 
     0      0      0      0      0      0      0      0      0      0      0      0      0      0      0      0      0      0      0 
0 -1 -1
     0      0      0      0      0      0      0      0      0      0      0      0      0      0      0      0    148      0      0 
  3228   3381   3367   3529   3472   3233   2934   3543   3662   3611   3219   3046   3483   3877   3463   3248  16420   4009   3603 
 17236  13361     51    149   3367   3233   3381   3472   3228   3529   3611   3662   3543   3483  16420   3877   4009   3463   3603   3248   3046   3219   2934  13448  26303      0      0  65535 
     0      0      0      0      0      0      0      0      0      0      0      0      0      0      0      0      0      0      0 
     0      0      0      0      0      0      0      0      0      0      0      0      0      0      0      0      0      0      0 
     0      0      0      0      0      0      0      0      0      0      0      0      0      0      0      0      0      0      0 
0 -1 -1
     0      0      0      0      0      0      0      0      0      0      0      0      0      0      0      0    147      0      0 
  3231   3379   3368   3530   3472   3234   2936   3544   3660   3612   3219   3035   3484   3878   3461   3250  16402   4009   3602 
 17236  13361     51    149   3368   3234   3379   3472   3231   3530   3612   3660   3544   3484  16402   3878   4009   3461   3602   3250   3035   3219   2936  13449  26303      0      0  65535 
     0      0      0      0      0      0      0      0      0      0      0      0      0      0      0      0      0      0      0 
     0      0      0      0      0      0      0      0      0      0      0      0      0      0      0      0      0      0      0 
     0      0      0      0      0      0      0      0      0      0      0      0      0      0      0      0      0      0      0 
0 -1 -1
     0      0      0      0      0      0      0      0      0      0      0      0      0      0      0      0    138      0      0 
  3230   3382   3370   3530   3474   3235   2938   3545   3663   3613   3220   3038   3485   3878   3464   3249  15971   4009   3602 
 17236  13361     51    149   3370   3235   3382   3474   3230   3530   3613   3663   3545   3485  15971   3878   4009   3464   3602   3249   3038   3220   2938  13450  26303      0      0  65535 
     0      0      0      0      0      0      0      0      0      0      0      0      0      0      0      0      0      0      0 
     0      0      0      0      0      0      0      0      0      0      0      0      0      0      0      0      0      0      0 
     0      0      0      0      0      0      0      0      0      0      0      0      0      0      0      0      0      0      0 
0 -1 -1
     0      0      0      0      0      0      0      0      0      0      0      0      0      0      0      0    154      0      0 
  3231   3383   3372   3531   3474   3236   2937   3544   3665   3613   3219   3039   3487   3881   3465   3250  16722   4010   3603 
 17236  13361     51    149   3372   3236   3383   3474   3231   3531   3613   3665   3544   3487  16722   3881   4010   3465   3603   3250   3039   3219   2937  13451  26305      0      0  65535 
     0      0      0      0      0      0      0      0      0      0      0      0      0      0      0      0      0      0      0 
     0      0      0      0      0      0      0      0      0      0      0      0      0      0      0      0      0      0      0 
     0      0      0      0      0      0      0      0      0      0      0      0      0      0      0      0      0      0      0 
0 -1 -1
     0      0      0      0      0      0      0      0      0      0      0      0      0      0      0      0    136      0      0 
  3231   3384   3374   3532   3474   3236   2941   3545   3666   3614   3223   3041   3486   3881   3466   3250  15898   4012   3604 
 17236  13361     51    149   3374   3236   3384   3474   3231   3532   3614   3666   3545   3486  15898   3881   4012   3466   3604   3250   3041   3223   2941  13453  26304      0      0  65535 
     0      0      0      0      0      0      0      0      0      0      0      0      0      0      0      0      0      0      0 
     0      0      0      0      0      0      0      0      0      0      0      0      0      0      0      0      0      0      0 
     0      0      0      0      0      0      0      0      0      0      0      0      0      0      0      0      0      0      0 
0 -1 -1
     0      0      0      0      0      0      0      0      0      0      0      0      0      0      0      0    162      0      0 
  3234   3385   3374   3533   3475   3237   2942   3547   3666   3616   3223   3045   3487   3882   3467   3253  17060   4014   3607 
 17236  13361     51    149   3374   3237   3385   3475   3234   3533   3616   3666   3547   3487  17060   3882   4014   3467   3607   3253   3045   3223   2942  13445  26304      0      0  65535 
     0      0      0      0      0      0      0      0      0      0      0      0      0      0      0      0      0      0      0 
     0      0      0      0      0      0      0      0      0      0      0      0      0      0      0      0      0      0      0 
     0      0      0      0      0      0      0      0      0      0      0      0      0      0      0      0      0      0      0 
0 -1 -1
     0      0      0      0      0      0      0      0      0      0      0      0      0      0      0      0    149      0      0 
  3234   3386   3377   3534   3475   3240   2947   3550   3667   3615   3224   3048   3489   3884   3468   3257  16481   4014   3610 
 17236  13361     51    149   3377   3240   3386   3475   3234   3534   3615   3667   3550   3489  16481   3884   4014   3468   3610   3257   3048   3224   2947  13445  26304      0      0  65535 
     0      0      0      0      0      0      0      0      0      0      0      0      0      0      0      0      0      0      0 
     0      0      0      0      0      0      0      0      0      0      0      0      0      0      0      0      0      0      0 
     0      0      0      0      0      0      0      0      0      0      0      0      0      0      0      0      0      0      0 
0 -1 -1
     0      0      0      0      0      0      0      0      0      0      0      0      0      0      0      0    152      0      0 
  3237   3386   3378   3536   3478   3240   2948   3548   3666   3618   3226   3051   3490   3884   3470   3258  16611   4015   3611 
 17236  13361     51    149   3378   3240   3386   3478   3237   3536   3618   3666   3548   3490  16611   3884   4015   3470   3611   3258   3051   3226   2948  13447  26303      0      0  65535 
     0      0      0      0      0      0      0      0      0      0      0      0      0      0      0      0      0      0      0 
     0      0      0      0      0      0      0      0      0      0      0      0      0      0      0      0      0      0      0 
     0      0      0      0      0      0      0      0      0      0      0      0      0      0      0      0      0      0      0 
0 -1 -1
     0      0      0      0      0      0      0      0      0      0      0      0      0      0      0      0    144      0      0 
  3238   3389   3382   3537   3479   3241   2948   3550   3669   3618   3229   3052   3489   3886   3471   3261  16242   4020   3615 
 17236  13361     51    149   3382   3241   3389   3479   3238   3537   3618   3669   3550   3489  16242   3886   4020   3471   3615   3261   3052   3229   2948  13448  26303      0      0  65535 
     0      0      0      0      0      0      0      0      0      0      0      0      0      0      0      0      0      0      0 
     0      0      0      0      0      0      0      0      0      0      0      0      0      0      0      0      0      0      0 
     0      0      0      0      0      0      0      0      0      0      0      0      0      0      0      0      0      0      0 
0 -1 -1
     0      0      0      0      0      0      0      0      0      0      0      0      0      0      0      0    136      0      0 
  3239   3390   3383   3537   3479   3242   2951   3550   3669   3619   3229   3056   3491   3887   3473   3261  15916   4021   3617 
 17236  13361     51    149   3383   3242   3390   3479   3239   3537   3619   3669   3550   3491  15916   3887   4021   3473   3617   3261   3056   3229   2951  13448  26304      0      0  65535 
     0      0      0      0      0      0      0      0      0      0      0      0      0      0      0      0      0      0      0 
     0      0      0      0      0      0      0      0      0      0      0      0      0      0      0      0      0      0      0 
     0      0      0      0      0      0      0      0      0      0      0      0      0      0      0      0      0      0      0 
0 -1 -1
     0      0      0      0      0      0      0      0      0      0      0      0      0      0      0      0    131      0      0 
  3242   3391   3384   3538   3481   3243   2953   3551   3670   3622   3231   3059   3492   3889   3474   3265  15679   4023   3619 
 17236  13361     51    149   3384   3243   3391   3481   3242   3538   3622   3670   3551   3492  15679   3889   4023   3474   3619   3265   3059   3231   2953  13448  26303      0      0  65535 
     0      0      0      0      0      0      0      0      0      0      0      0      0      0      0      0      0      0      0 
     0      0      0      0      0      0      0      0      0      0      0      0      0      0      0      0      0      0      0 
     0      0      0      0      0      0      0      0      0      0      0      0      0      0      0      0      0      0      0 
0 -1 -1
     0      0      0      0      0      0      0      0      0      0      0      0      0      0      0      0    131      0      0 
  3243   3392   3385   3540   3481   3244   2956   3553   3672   3621   3231   3061   3492   3889   3477   3267  15662   4023   3622 
 17236  13361     51    149   3385   3244   3392   3481   3243   3540   3621   3672   3553   3492  15662   3889   4023   3477   3622   3267   3061   3231   2956  13448  26303      0      0  65535 
     0      0      0      0      0      0      0      0      0      0      0      0      0      0      0      0      0      0      0 
     0      0      0      0      0      0      0      0      0      0      0      0      0      0      0      0      0      0      0 
     0      0      0      0      0      0      0      0      0      0      0      0      0      0      0      0      0      0      0 
0 -1 -1
     0      0      0      0      0      0      0      0      0      0      0      0      0      0      0      0    124      0      0 
  3242   3394   3387   3540   3483   3246   2958   3553   3672   3625   3234   3064   3494   3891   3477   3268  15372   4027   3624 
 17236  13361     51    149   3387   3246   3394   3483   3242   3540   3625   3672   3553   3494  15372   3891   4027   3477   3624   3268   3064   3234   2958  13447  26305      0      0  65535 
     0      0      0      0      0      0      0      0      0      0      0      0      0      0      0      0      0      0      0 
     0      0      0      0      0      0      0      0      0      0      0      0      0      0      0      0      0      0      0 
     0      0      0      0      0      0      0      0      0      0      0      0      0      0      0      0      0      0      0 
0 -1 -1
     0      0      0      0      0      0      0      0      0      0      0      0      0      0      0      0    133      0      0 
  3245   3394   3389   3542   3483   3248   2959   3553   3673   3624   3236   3067   3496   3892   3481   3273  15758   4030   3627 
 17236  13361     51    149   3389   3248   3394   3483   3245   3542   3624   3673   3553   3496  15758   3892   4030   3481   3627   3273   3067   3236   2959  13446  26304      0      0  65535 
     0      0      0      0      0      0      0      0      0      0      0      0      0      0      0      0      0      0      0 
     0      0      0      0      0      0      0      0      0      0      0      0      0      0      0      0      0      0      0 
     0      0      0      0      0      0      0      0      0      0      0      0      0      0      0      0      0      0      0 
0 -1 -1
     0      0      0      0      0      0      0      0      0      0      0      0      0      0      0      0    128      0      0 
  3245   3397   3391   3543   3487   3251   2963   3556   3673   3627   3239   3071   3497   3894   3480   3274  15510   4032   3632 
 17236  13361     51    149   3391   3251   3397   3487   3245   3543   3627   3673   3556   3497  15510   3894   4032   3480   3632   3274   3071   3239   2963  13445  26304      0      0  65535 
     0      0      0      0      0      0      0      0      0      0      0      0      0      0      0      0      0      0      0 
     0      0      0      0      0      0      0      0      0      0      0      0      0      0      0      0      0      0      0 
     0      0      0      0      0      0      0      0      0      0      0      0      0      0      0      0      0      0      0 
0 -1 -1
     0      0      0      0      0      0      0      0      0      0      0      0      0      0      0      0    127      0      0 
  3247   3397   3393   3545   3486   3250   2965   3557   3675   3628   3241   3072   3498   3894   3484   3277  15464   4034   3634 
 17236  13361     51    149   3393   3250   3397   3486   3247   3545   3628   3675   3557   3498  15464   3894   4034   3484   3634   3277   3072   3241   2965  13450  26303      0      0  65535 
     0      0      0      0      0      0      0      0      0      0      0      0      0      0      0      0      0      0      0 
     0      0      0      0      0      0      0      0      0      0      0      0      0      0      0      0      0      0      0 
     0      0      0      0      0      0      0      0      0      0      0      0      0      0      0      0      0      0      0 
0 -1 -1
     1      0      0      0      0      0      0      0      0      0      0      0      0      0      0      0    129      0      0 
  3251   3399   3394   3546   3489   3251   2969   3558   3675   3630   3242   3076   3498   3896   3485   3282  15577   4037   3635 
 17236  13361     51    149   3394   3251   3399   3489   3251   3546   3630   3675   3558   3498  15577   3896   4037   3485   3635   3282   3076   3242   2969  13450  26303      0      1  65535 
     0      0      0      0      0      0      0      0      0      0      0      0      0      0      0      0      0      0      0 
     0      0      0      0      0      0      0      0      0      0      0      0      0      0      0      0      0      0      0 
     0      0      0      0      0      0      0      0      0      0      0      0      0      0      0      0      0      0      0 
0 -1 -1
     1      0      0      0      0      0      0      0      0      0      0      0      0      0      0      0    121      0      0 
  3253   3400   3395   3548   3489   3252   2970   3558   3678   3630   3244   3080   3498   3898   3487   3284  15221   4039   3638 
 17236  13361     51    149   3395   3252   3400   3489   3253   3548   3630   3678   3558   3498  15221   3898   4039   3487   3638   3284   3080   3244   2970  13449  26304      0      0  65535 
     0      0      0      0      0      0      0      0      0      0      0      0      0      0      0      0      0      0      0 
     0      0      0      0      0      0      0      0      0      0      0      0      0      0      0      0      0      0      0 
     0      0      0      0      0      0      0      0      0      0      0      0      0      0      0      0      0      0      0 
0 -1 -1
     1      0      0      0      0      0      0      0      0      0      0      0      0      0      0      0    119      0      0 
  3254   3402   3398   3548   3491   3254   2970   3560   3679   3630   3247   3081   3500   3900   3489   3285  15131   4041   3641 
 17236  13361     51    149   3398   3254   3402   3491   3254   3548   3630   3679   3560   3500  15131   3900   4041   3489   3641   3285   3081   3247   2970  13449  26303      0      0  65535 
     0      0      0      0      0      0      0      0      0      0      0      0      0      0      0      0      0      0      0 
     0      0      0      0      0      0      0      0      0      0      0      0      0      0      0      0      0      0      0 
     0      0      0      0      0      0      0      0      0      0      0      0      0      0      0      0      0      0      0 
0 -1 -1
     1      0      0      0      0      0      0      0      0      0      0      0      0      0      0      0    123      0      0 
  3254   3404   3399   3550   3491   3255   2974   3560   3678   3633   3248   3085   3500   3902   3491   3287  15311   4043   3644 
 17236  13361     51    149   3399   3255   3404   3491   3254   3550   3633   3678   3560   3500  15311   3902   4043   3491   3644   3287   3085   3248   2974  13448  26304      0      0  65535 
     0      0      0      0      0      0      0      0      0      0      0      0      0      0      0      0      0      0      0 
     0      0      0      0      0      0      0      0      0      0      0      0      0      0      0      0      0      0      0 
     0      0      0      0      0      0      0      0      0      0      0      0      0      0      0      0      0      0      0 
0 -1 -1
     1      0      0      0      0      0      0      0      0      0      0      0      0      0      0      0    123      0      0 
  3258   3406   3402   3551   3493   3257   2977   3563   3680   3634   3250   3087   3502   3902   3492   3291  15295   4045   3647 
 17236  13361     51    149   3402   3257   3406   3493   3258   3551   3634   3680   3563   3502  15295   3902   4045   3492   3647   3291   3087   3250   2977  13448  26304      0      0  65535 
     0      0      0      0      0      0      0      0      0      0      0      0      0      0      0      0      0      0      0 
     0      0      0      0      0      0      0      0      0      0      0      0      0      0      0      0      0      0      0 
     0      0      0      0      0      0      0      0      0      0      0      0      0      0      0      0      0      0      0 
0 -1 -1
     1      0      0      1      0      0      0      0      0      0      0      0      0      0      0      0    122      0      0 
  3259   3405   3403   3553   3494   3260   2979   3563   3683   3636   3251   3090   3503   3903   3495   3294  15272   4047   3649 
 17236  13361     51    149   3403   3260   3405   3494   3259   3553   3636   3683   3563   3503  15272   3903   4047   3495   3649   3294   3090   3251   2979  13449  26304      0      0  65535 
     0      0      0      0      0      0      0      0      0      0      0      0      0      0      0      0      0      0      0 
     0      0      0      0      0      0      0      0      0      0      0      0      0      0      0      0      0      0      0 
     0      0      0      0      0      0      0      0      0      0      0      0      0      0      0      0      0      0      0 
0 -1 -1
     1      0      0      1      0      0      0      1      0      0      0      0      0      0      0      0    119      0      1 
  3260   3407   3405   3555   3494   3260   2981   3565   3683   3639   3254   3094   3505   3907   3497   3297  15122   4049   3653 
 17236  13361     51    149   3405   3260   3407   3494   3260   3555   3639   3683   3565   3505  15122   3907   4049   3497   3653   3297   3094   3254   2981  13449  26305      0      0  65535 
     0      0      0      0      0      0      0      0      0      0      0      0      0      0      0      0      0      0      0 
     0      0      0      0      0      0      0      0      0      0      0      0      0      0      0      0      0      0      0 
     0      0      0      0      0      0      0      0      0      0      0      0      0      0      0      0      0      0      0 
0 -1 -1
     1      0      0      1      0      0      0      1      0      0      0      0      0      0      0      0    121      0      1 
  3260   3409   3406   3556   3497   3263   2983   3565   3685   3639   3254   3096   3506   3905   3501   3298  15196   4050   3656 
 17236  13361     51    149   3406   3263   3409   3497   3260   3556   3639   3685   3565   3506  15196   3905   4050   3501   3656   3298   3096   3254   2983  13449  26304      0      0  65535 
     0      0      0      0      0      0      0      0      0      0      0      0      0      0      0      0      0      0      0 
     0      0      0      0      0      0      0      0      0      0      0      0      0      0      0      0      0      0      0 
     0      0      0      0      0      0      0      0      0      0      0      0      0      0      0      0      0      0      0 
0 -1 -1
     1      0      0      1      0      0      0      1      0      0      0      0      0      0      0      0    120      0      1 
  3264   3410   3407   3557   3498   3263   2985   3568   3684   3641   3257   3099   3507   3908   3500   3300  15187   4053   3656 
 17236  13361     51    149   3407   3263   3410   3498   3264   3557   3641   3684   3568   3507  15187   3908   4053   3500   3656   3300   3099   3257   2985  13449  26303      0      1  65535 
     0      0      0      0      0      0      0      0      0      0      0      0      0      0      0      0      0      0      0 
     0      0      0      0      0      0      0      0      0      0      0      0      0      0      0      0      0      0      0 
     0      0      0      0      0      0      0      0      0      0      0      0      0      0      0      0      0      0      0 
0 -1 -1
     1      0      0      1      0      0      0      1      0      0      0      0      0      0      0      0    114      0      1 
  3265   3412   3409   3559   3501   3264   2986   3566   3685   3643   3258   3102   3508   3910   3501   3305  14907   4056   3660 
 17236  13361     51    149   3409   3264   3412   3501   3265   3559   3643   3685   3566   3508  14907   3910   4056   3501   3660   3305   3102   3258   2986  13449  26302      1      0  65535 
     0      0      0      0      0      0      0      0      0      0      0      0      0      0      0      0      0      0      0 
     0      0      0      0      0      0      0      0      0      0      0      0      0      0      0      0      0      0      0 
     0      0      0      0      0      0      0      0      0      0      0      0      0      0      0      0      0      0      0 
0 -1 -1
     1      0      0      1      0      0      0      1      0      0      0      0      0      0      0      0    111      0      1 
  3267   3415   3412   3561   3501   3268   2987   3569   3687   3643   3262   3105   3510   3911   3506   3307  14757   4058   3663 
 17236  13361     51    149   3412   3268   3415   3501   3267   3561   3643   3687   3569   3510  14757   3911   4058   3506   3663   3307   3105   3262   2987  13449  26303      0      0  65535 
     0      0      0      0      0      0      0      0      0      0      0      0      0      0      0      0      0      0      0 
     0      0      0      0      0      0      0      0      0      0      0      0      0      0      0      0      0      0      0 
     0      0      0      0      0      0      0      0      0      0      0      0      0      0      0      0      0      0      0 
0 -1 -1
     1      0      0      1      0      0      0      1      0      0      0      0      0      0      0      0    113      0      1 
  3269   3417   3415   3562   3502   3269   2992   3570   3688   3645   3263   3106   3510   3912   3507   3309  14841   4060   3666 
 17236  13361     51    149   3415   3269   3417   3502   3269   3562   3645   3688   3570   3510  14841   3912   4060   3507   3666   3309   3106   3263   2992  13449  26303      0      0  65535 
     0      0      0      0      0      0      0      0      0      0      0      0      0      0      0      0      0      0      0 
     0      0      0      0      0      0      0      0      0      0      0      0      0      0      0      0      0      0      0 
     0      0      0      0      0      0      0      0      0      0      0      0      0      0      0      0      0      0      0 
0 -1 -1
     1      0      0      1      0      0      0      1      0      0      0      0      0      0      0      0    123      0      1 
  3269   3418   3415   3563   3505   3270   2992   3571   3691   3646   3264   3109   3511   3914   3508   3312  15303   4062   3668 
 17236  13361     51    149   3415   3270   3418   3505   3269   3563   3646   3691   3571   3511  15303   3914   4062   3508   3668   3312   3109   3264   2992  13450  26303      0      0  65535 
     0      0      0      0      0      0      0      0      0      0      0      0      0      0      0      0      0      0      0 
     0      0      0      0      0      0      0      0      0      0      0      0      0      0      0      0      0      0      0 
     0      0      0      0      0      0      0      0      0      0      0      0      0      0      0      0      0      0      0 
0 -1 -1
