    21     24     24     19     30     22     17     23     26     26     18     22     24     25     21     12      0     16     12 
  9023   8352   8738   8892   7660   7179   7550  10398   8031   7547   7248   7599   9526   8017   7548   8120  10232   9403   9326 
 17236  13361     51    147   8738   7179   8352   7660   9023   8892   7547   8031  10398   9526  10232   8017   9403   7548   9326   8120   7599   7248   7550  13545  26304      0      0  65535 
     0      0      0      0      0      0      0      0      0      0      0      0      0      0      0      0      0      0      0 
     0      0      0      0      0      0      0      0      0      0      0      0      0      0      0      0      0      0      0 
     0      0      0      0      0      0      0      0      0      0      0      0      0      0      0      0      0      0      0 
0 -1 -1
    14     15     15     12     17     12      8     14     14     12      8      9     13     11      7      4      0      6      4 
  8538   7926   8288   8494   7314   6901   7161   9803   7716   7231   6971   7167   9077   7681   7195   7700  10129   8924   8816 
 17236  13361     51    148   8288   6901   7926   7314   8538   8494   7231   7716   9803   9077  10129   7681   8924   7195   8816   7700   7167   6971   7161  13542  26304      0      0  65535 
     0      0      0      0      0      0      0      0      0      0      0      0      0      0      0      0      0      0      0 
     0      0      0      0      0      0      0      0      0      0      0      0      0      0      0      0      0      0      0 
     0      0      0      0      0      0      0      0      0      0      0      0      0      0      0      0      0      0      0 
0 -1 -1
     5      4      4      4      2      1      0      4      2      0      0      0      2      0      0      0      0      0      0 
  7965   7461   7782   8048   6945   6624   6755   9132   7396   6922   6695   6729   8601   7351   6859   7282  10015   8449   8299 
 17236  13361     51    149   7782   6624   7461   6945   7965   8048   6922   7396   9132   8601  10015   7351   8449   6859   8299   7282   6729   6695   6755  13544  26304      0      0  65535 
     0      0      0      0      0      0      0      0      0      0      0      0      0      0      0      0      0      0      0 
     0      0      0      0      0      0      0      0      0      0      0      0      0      0      0      0      0      0      0 
     0      0      0      0      0      0      0      0      0      0      0      0      0      0      0      0      0      0      0 
0 -1 -1
     0      0      0      0      0      0      0      0      0      0      0      0      0      0      0      0      0      0      0 
  7364   7011   7262   7589   6590   6355   6358   8412   7071   6641   6433   6314   8108   7042   6552   6888   9902   7994   7786 
 17236  13361     51    149   7262   6355   7011   6590   7364   7589   6641   7071   8412   8108   9902   7042   7994   6552   7786   6888   6314   6433   6358  13545  26304      0      0  65535 
     0      0      0      0      0      0      0      0      0      0      0      0      0      0      0      0      0      0      0 
     0      0      0      0      0      0      0      0      0      0      0      0      0      0      0      0      0      0      0 
     0      0      0      0      0      0      0      0      0      0      0      0      0      0      0      0      0      0      0 
0 -1 -1
     0      0      0      0      0      0      0      0      0      0      0      0      0      0      0      0      0      0      0 
  6757   6592   6738   7136   6263   6086   5973   7664   6739   6385   6175   5947   7585   6756   6282   6515   9791   7563   7278 
 17236  13361     51    150   6738   6086   6592   6263   6757   7136   6385   6739   7664   7585   9791   6756   7563   6282   7278   6515   5947   6175   5973  13545  26305      0      0  65535 
     0      0      0      0      0      0      0      0      0      0      0      0      0      0      0      0      0      0      0 
     0      0      0      0      0      0      0      0      0      0      0      0      0      0      0      0      0      0      0 
     0      0      0      0      0      0      0      0      0      0      0      0      0      0      0      0      0      0      0 
0 -1 -1
     0      0      0      0      0      0      0      0      0      0      0      0      0      0      0      0      0      0      0 
  6200   6230   6248   6719   6010   5834   5627   6969   6426   6176   5943   5634   7048   6505   6069   6194   9679   7189   6842 
 17236  13361     51    150   6248   5834   6230   6010   6200   6719   6176   6426   6969   7048   9679   6505   7189   6069   6842   6194   5634   5943   5627  13540  26304      0      0  65535 
     0      0      0      0      0      0      0      0      0      0      0      0      0      0      0      0      0      0      0 
     0      0      0      0      0      0      0      0      0      0      0      0      0      0      0      0      0      0      0 
     0      0      0      0      0      0      0      0      0      0      0      0      0      0      0      0      0      0      0 
0 -1 -1
     0      0      0      0      0      0      0      0      0      0      0      0      0      0      0      0      0      0      0 
  5729   5909   5808   6318   5853   5627   5294   6343   6168   6028   5737   5356   6528   6306   5915   5896   9574   6840   6419 
 17236  13361     51    151   5808   5627   5909   5853   5729   6318   6028   6168   6343   6528   9574   6306   6840   5915   6419   5896   5356   5737   5294  13538  26304      0      0  65535 
     0      0      0      0      0      0      0      0      0      0      0      0      0      0      0      0      0      0      0 
     0      0      0      0      0      0      0      0      0      0      0      0      0      0      0      0      0      0      0 
     0      0      0      0      0      0      0      0      0      0      0      0      0      0      0      0      0      0      0 
0 -1 -1
     0      0      0      0      0      0      0      0      0      0      0      0      0      0      0      0      0      0      0 
  5411   5640   5460   5989   5803   5495   5027   5946   6024   5958   5585   5143   6155   6235   5831   5640   9507   6567   6033 
 17236  13361     51    152   5460   5495   5640   5803   5411   5989   5958   6024   5946   6155   9507   6235   6567   5831   6033   5640   5143   5585   5027  13537  26304      0      0  65535 
     0      0      0      0      0      0      0      0      0      0      0      0      0      0      0      0      0      0      0 
     0      0      0      0      0      0      0      0      0      0      0      0      0      0      0      0      0      0      0 
     0      0      0      0      0      0      0      0      0      0      0      0      0      0      0      0      0      0      0 
0 -1 -1
     0      0      0      0      0      0      0      0      0      0      0      0      0      0      0      0      0      0      0 
  5328   5505   5308   5777   5774   5410   4894   5752   5937   5925   5463   5096   5820   6228   5799   5493   9434   6419   5874 
 17236  13361     51    152   5308   5410   5505   5774   5328   5777   5925   5937   5752   5820   9434   6228   6419   5799   5874   5493   5096   5463   4894  13537  26304      0      0  65535 
     0      0      0      0      0      0      0      0      0      0      0      0      0      0      0      0      0      0      0 
     0      0      0      0      0      0      0      0      0      0      0      0      0      0      0      0      0      0      0 
     0      0      0      0      0      0      0      0      0      0      0      0      0      0      0      0      0      0      0 
0 -1 -1
     0      0      0      0      0      0      0      0      0      0      0      0      0      0      0      0      0      0      0 
  5330   5504   5308   5772   5777   5405   4897   5753   5930   5922   5464   5098   5790   6229   5800   5493   9426   6420   5874 
 17236  13361     51    152   5308   5405   5504   5777   5330   5772   5922   5930   5753   5790   9426   6229   6420   5800   5874   5493   5098   5464   4897  13539  26305      0      0  65535 
     0      0      0      0      0      0      0      0      0      0      0      0      0      0      0      0      0      0      0 
     0      0      0      0      0      0      0      0      0      0      0      0      0      0      0      0      0      0      0 
     0      0      0      0      0      0      0      0      0      0      0      0      0      0      0      0      0      0      0 
0 -1 -1
     0      0      0      0      0      0      0      0      0      0      0      0      0      0      0      0      0      0      0 
  5329   5505   5309   5773   5774   5406   4894   5753   5931   5924   5463   5097   5791   6230   5800   5492   9431   6420   5874 
 17236  13361     51    152   5309   5406   5505   5774   5329   5773   5924   5931   5753   5791   9431   6230   6420   5800   5874   5492   5097   5463   4894  13539  26305      0      0  65535 
     0      0      0      0      0      0      0      0      0      0      0      0      0      0      0      0      0      0      0 
     0      0      0      0      0      0      0      0      0      0      0      0      0      0      0      0      0      0      0 
     0      0      0      0      0      0      0      0      0      0      0      0      0      0      0      0      0      0      0 
0 -1 -1
     0      0      0      0      0      0      0      0      0      0      0      0      0      0      0      0      0      0      0 
  5329   5504   5311   5773   5776   5406   4896   5755   5930   5924   5463   5098   5790   6230   5800   5494   9437   6419   5875 
 17236  13361     51    152   5311   5406   5504   5776   5329   5773   5924   5930   5755   5790   9437   6230   6419   5800   5875   5494   5098   5463   4896  13538  26304      0      0  65535 
     0      0      0      0      0      0      0      0      0      0      0      0      0      0      0      0      0      0      0 
     0      0      0      0      0      0      0      0      0      0      0      0      0      0      0      0      0      0      0 
     0      0      0      0      0      0      0      0      0      0      0      0      0      0      0      0      0      0      0 
0 -1 -1
     0      0      0      0      0      0      0      0      0      0      0      0      0      0      0      0      0      0      0 
  5332   5506   5309   5773   5776   5407   4896   5756   5931   5924   5462   5098   5792   6231   5801   5494   9434   6421   5875 
 17236  13361     51    152   5309   5407   5506   5776   5332   5773   5924   5931   5756   5792   9434   6231   6421   5801   5875   5494   5098   5462   4896  13538  26304      0      0  65535 
     0      0      0      0      0      0      0      0      0      0      0      0      0      0      0      0      0      0      0 
     0      0      0      0      0      0      0      0      0      0      0      0      0      0      0      0      0      0      0 
     0      0      0      0      0      0      0      0      0      0      0      0      0      0      0      0      0      0      0 
0 -1 -1
     0      0      0      0      0      0      0      0      0      0      0      0      0      0      0      0      0      0      0 
  5331   5505   5310   5774   5776   5407   4896   5757   5932   5925   5465   5098   5793   6232   5801   5495   9440   6422   5876 
 17236  13361     51    152   5310   5407   5505   5776   5331   5774   5925   5932   5757   5793   9440   6232   6422   5801   5876   5495   5098   5465   4896  13537  26303      0      0  65535 
     0      0      0      0      0      0      0      0      0      0      0      0      0      0      0      0      0      0      0 
     0      0      0      0      0      0      0      0      0      0      0      0      0      0      0      0      0      0      0 
     0      0      0      0      0      0      0      0      0      0      0      0      0      0      0      0      0      0      0 
0 -1 -1
     0      0      0      0      0      0      0      0      0      0      0      0      0      0      0      0      0      0      0 
  5333   5507   5312   5776   5777   5408   4898   5757   5933   5925   5464   5098   5793   6233   5802   5495   9433   6422   5877 
 17236  13361     51    152   5312   5408   5507   5777   5333   5776   5925   5933   5757   5793   9433   6233   6422   5802   5877   5495   5098   5464   4898  13537  26304      0      0  65535 
     0      0      0      0      0      0      0      0      0      0      0      0      0      0      0      0      0      0      0 
     0      0      0      0      0      0      0      0      0      0      0      0      0      0      0      0      0      0      0 
     0      0      0      0      0      0      0      0      0      0      0      0      0      0      0      0      0      0      0 
0 -1 -1
     0      0      0      0      0      0      0      0      0      0      0      0      0      0      0      0      0      0      0 
  5333   5508   5313   5777   5779   5410   4897   5759   5934   5926   5465   5101   5795   6234   5803   5495   9441   6422   5879 
 17236  13361     51    152   5313   5410   5508   5779   5333   5777   5926   5934   5759   5795   9441   6234   6422   5803   5879   5495   5101   5465   4897  13538  26303      0      0  65535 
     0      0      0      0      0      0      0      0      0      0      0      0      0      0      0      0      0      0      0 
     0      0      0      0      0      0      0      0      0      0      0      0      0      0      0      0      0      0      0 
     0      0      0      0      0      0      0      0      0      0      0      0      0      0      0      0      0      0      0 
0 -1 -1
     0      0      0      0      0      0      0      0      0      0      0      0      0      0      0      0      0      0      0 
  5335   5508   5314   5777   5778   5409   4898   5761   5933   5926   5464   5100   5794   6234   5801   5495   9436   6423   5878 
 17236  13361     51    152   5314   5409   5508   5778   5335   5777   5926   5933   5761   5794   9436   6234   6423   5801   5878   5495   5100   5464   4898  13543  26303      0      0  65535 
     0      0      0      0      0      0      0      0      0      0      0      0      0      0      0      0      0      0      0 
     0      0      0      0      0      0      0      0      0      0      0      0      0      0      0      0      0      0      0 
     0      0      0      0      0      0      0      0      0      0      0      0      0      0      0      0      0      0      0 
0 -1 -1
     0      0      0      0      0      0      0      0      0      0      0      0      0      0      0      0      0      0      0 
  5336   5507   5314   5777   5779   5409   4899   5761   5934   5927   5466   5101   5798   6234   5803   5496   9433   6426   5879 
 17236  13361     51    152   5314   5409   5507   5779   5336   5777   5927   5934   5761   5798   9433   6234   6426   5803   5879   5496   5101   5466   4899  13550  26304      0      0  65535 
     0      0      0      0      0      0      0      0      0      0      0      0      0      0      0      0      0      0      0 
     0      0      0      0      0      0      0      0      0      0      0      0      0      0      0      0      0      0      0 
     0      0      0      0      0      0      0      0      0      0      0      0      0      0      0      0      0      0      0 
0 -1 -1
     0      0      0      0      0      0      0      0      0      0      0      0      0      0      0      0      0      0      0 
  5336   5508   5314   5779   5781   5407   4898   5763   5935   5929   5466   5101   5797   6236   5804   5497   9427   6425   5880 
 17236  13361     51    152   5314   5407   5508   5781   5336   5779   5929   5935   5763   5797   9427   6236   6425   5804   5880   5497   5101   5466   4898  13542  26305      0      0  65535 
     0      0      0      0      0      0      0      0      0      0      0      0      0      0      0      0      0      0      0 
     0      0      0      0      0      0      0      0      0      0      0      0      0      0      0      0      0      0      0 
     0      0      0      0      0      0      0      0      0      0      0      0      0      0      0      0      0      0      0 
0 -1 -1
     0      0      0      0      0      0      0      0      0      0      0      0      0      0      0      0      0      0      0 
  5338   5509   5316   5781   5780   5409   4901   5764   5936   5928   5467   5103   5797   6237   5805   5497   9439   6426   5880 
 17236  13361     51    152   5316   5409   5509   5780   5338   5781   5928   5936   5764   5797   9439   6237   6426   5805   5880   5497   5103   5467   4901  13541  26304      0      0  65535 
     0      0      0      0      0      0      0      0      0      0      0      0      0      0      0      0      0      0      0 
     0      0      0      0      0      0      0      0      0      0      0      0      0      0      0      0      0      0      0 
     0      0      0      0      0      0      0      0      0      0      0      0      0      0      0      0      0      0      0 
0 -1 -1
     0      0      0      0      0      0      0      0      0      0      0      0      0      0      0      0      0      0      0 
  5339   5510   5317   5781   5782   5410   4900   5765   5936   5929   5466   5103   5799   6238   5804   5498   9442   6428   5881 
 17236  13361     51    152   5317   5410   5510   5782   5339   5781   5929   5936   5765   5799   9442   6238   6428   5804   5881   5498   5103   5466   4900  13541  26304      0      0  65535 
     0      0      0      0      0      0      0      0      0      0      0      0      0      0      0      0      0      0      0 
     0      0      0      0      0      0      0      0      0      0      0      0      0      0      0      0      0      0      0 
     0      0      0      0      0      0      0      0      0      0      0      0      0      0      0      0      0      0      0 
0 -1 -1
     0      0      0      0      0      0      0      0      0      0      0      0      0      0      0      0      0      0      0 
  5341   5512   5318   5781   5783   5412   4901   5766   5937   5930   5468   5103   5800   6237   5805   5499   9433   6428   5882 
 17236  13361     51    152   5318   5412   5512   5783   5341   5781   5930   5937   5766   5800   9433   6237   6428   5805   5882   5499   5103   5468   4901  13541  26304      0      0  65535 
     0      0      0      0      0      0      0      0      0      0      0      0      0      0      0      0      0      0      0 
     0      0      0      0      0      0      0      0      0      0      0      0      0      0      0      0      0      0      0 
     0      0      0      0      0      0      0      0      0      0      0      0      0      0      0      0      0      0      0 
0 -1 -1
