   255    255     54     53    255    255     42     11    145    255    255     40     20    228    255    168      5    183    255 
 25650  18340   6749   7460  15446  13298   5651   5314   8423  17993  13612   5355   5430  10301  21159  13108   9549  13600  23595 
 17236  13361     51    147   6749  13298  18340  15446  25650   7460  17993   8423   5314   5430   9549  10301  13600  21159  23595  13108   5355  13612   5651  13443  26304      0      0  65535 
     0      0      0      0      0      0      0      0      0      0      0      0      0      0      0      0      0      0      0 
     0      0      0      0      0      0      0      0      0      0      0      0      0      0      0      0      0      0      0 
     0      0      0      0      0      0      0      0      0      0      0      0      0      0      0      0      0      0      0 
0 -1 -1
   255    255     54     53    255    255     43     11    147    255    255     41     20    233    255    173      4    189    255 
 26111  18672   6781   7482  15741  13564   5668   5317   8488  18430  13872   5366   5437  10430  21743  13352   9530  13857  24290 
 17236  13361     51    147   6781  13564  18672  15741  26111   7482  18430   8488   5317   5437   9530  10430  13857  21743  24290  13352   5366  13872   5668  13443  26304      0      0  65535 
     0      0      0      0      0      0      0      0      0      0      0      0      0      0      0      0      0      0      0 
     0      0      0      0      0      0      0      0      0      0      0      0      0      0      0      0      0      0      0 
     0      0      0      0      0      0      0      0      0      0      0      0      0      0      0      0      0      0      0 
0 -1 -1
   255    255     56     53    255    255     44     10    147    255    255     41     20    230    255    174      4    186    255 
 26623  19130   6846   7477  15972  13820   5702   5306   8471  18615  14027   5380   5420  10369  21794  13405   9493  13715  24167 
 17236  13361     51    147   6846  13820  19130  15972  26623   7477  18615   8471   5306   5420   9493  10369  13715  21794  24167  13405   5380  14027   5702  13441  26304      0      0  65535 
     0      0      0      0      0      0      0      0      0      0      0      0      0      0      0      0      0      0      0 
     0      0      0      0      0      0      0      0      0      0      0      0      0      0      0      0      0      0      0 
     0      0      0      0      0      0      0      0      0      0      0      0      0      0      0      0      0      0      0 
0 -1 -1
   255    255     57     54    255    255     44     10    147    255    255     41     20    226    255    172      3    179    255 
 27564  19781   6921   7520  16325  14101   5727   5298   8469  18751  14093   5380   5406  10263  21566  13285   9449  13385  23493 
 17236  13361     51    146   6921  14101  19781  16325  27564   7520  18751   8469   5298   5406   9449  10263  13385  21566  23493  13285   5380  14093   5727  13441  26304      0      0  65535 
     0      0      0      0      0      0      0      0      0      0      0      0      0      0      0      0      0      0      0 
     0      0      0      0      0      0      0      0      0      0      0      0      0      0      0      0      0      0      0 
     0      0      0      0      0      0      0      0      0      0      0      0      0      0      0      0      0      0      0 
0 -1 -1
   255    255     58     54    255    255     44     10    147    255    255     40     19    223    255    168      2    174    255 
 28211  20107   6938   7549  16525  14201   5712   5292   8467  18762  14022   5358   5395  10186  21305  13102   9433  13154  22929 
 17236  13361     51    147   6938  14201  20107  16525  28211   7549  18762   8467   5292   5395   9433  10186  13154  21305  22929  13102   5358  14022   5712  13443  26305      0      0  65535 
     0      0      0      0      0      0      0      0      0      0      0      0      0      0      0      0      0      0      0 
     0      0      0      0      0      0      0      0      0      0      0      0      0      0      0      0      0      0      0 
     0      0      0      0      0      0      0      0      0      0      0      0      0      0      0      0      0      0      0 
0 -1 -1
   255    255     57     53    255    255     44     10    143    255    255     41     19    221    255    171      2    176    255 
 27549  19741   6896   7449  16229  14068   5699   5283   8376  18625  14039   5366   5383  10150  21476  13255   9436  13262  23476 
 17236  13361     51    147   6896  14068  19741  16229  27549   7449  18625   8376   5283   5383   9436  10150  13262  21476  23476  13255   5366  14039   5699  13446  26305      0      0  65535 
     0      0      0      0      0      0      0      0      0      0      0      0      0      0      0      0      0      0      0 
     0      0      0      0      0      0      0      0      0      0      0      0      0      0      0      0      0      0      0 
     0      0      0      0      0      0      0      0      0      0      0      0      0      0      0      0      0      0      0 
0 -1 -1
   255    255     56     50    255    255     43     10    138    255    255     41     19    219    255    175      2    179    255 
 26313  19153   6859   7292  15738  13896   5694   5266   8244  18436  14069   5381   5367  10099  21685  13465   9417  13406  24161 
 17236  13361     51    147   6859  13896  19153  15738  26313   7292  18436   8244   5266   5367   9417  10099  13406  21685  24161  13465   5381  14069   5694  13446  26304      0      0  65535 
     0      0      0      0      0      0      0      0      0      0      0      0      0      0      0      0      0      0      0 
     0      0      0      0      0      0      0      0      0      0      0      0      0      0      0      0      0      0      0 
     0      0      0      0      0      0      0      0      0      0      0      0      0      0      0      0      0      0      0 
0 -1 -1
   255    255     55     48    255    255     43     10    135    255    255     40     18    216    255    173      2    177    255 
 25640  18698   6801   7217  15422  13676   5659   5256   8165  18177  13884   5358   5358  10021  21458  13332   9412  13335  24001 
 17236  13361     51    147   6801  13676  18698  15422  25640   7217  18177   8165   5256   5358   9412  10021  13335  21458  24001  13332   5358  13884   5659  13445  26304      0      0  65535 
     0      0      0      0      0      0      0      0      0      0      0      0      0      0      0      0      0      0      0 
     0      0      0      0      0      0      0      0      0      0      0      0      0      0      0      0      0      0      0 
     0      0      0      0      0      0      0      0      0      0      0      0      0      0      0      0      0      0      0 
0 -1 -1
   255    255     54     48    255    255     42     10    134    255    255     39     18    212    255    168      1    174    255 
 25474  18510   6761   7196  15296  13520   5626   5252   8125  17964  13684   5330   5354   9940  21101  13099   9393  13169  23507 
 17236  13361     51    147   6761  13520  18510  15296  25474   7196  17964   8125   5252   5354   9393   9940  13169  21101  23507  13099   5330  13684   5626  13445  26304      0      0  65535 
     0      0      0      0      0      0      0      0      0      0      0      0      0      0      0      0      0      0      0 
     0      0      0      0      0      0      0      0      0      0      0      0      0      0      0      0      0      0      0 
     0      0      0      0      0      0      0      0      0      0      0      0      0      0      0      0      0      0      0 
0 -1 -1
   255    255     53     49    255    255     41     10    134    255    255     39     18    210    255    163      2    169    255 
 25700  18534   6743   7222  15328  13445   5601   5255   8121  17837  13504   5300   5352   9873  20717  12842   9401  12962  22861 
 17236  13361     51    147   6743  13445  18534  15328  25700   7222  17837   8121   5255   5352   9401   9873  12962  20717  22861  12842   5300  13504   5601  13445  26305      0      1  65535 
     0      0      0      0      0      0      0      0      0      0      0      0      0      0      0      0      0      0      0 
     0      0      0      0      0      0      0      0      0      0      0      0      0      0      0      0      0      0      0 
     0      0      0      0      0      0      0      0      0      0      0      0      0      0      0      0      0      0      0 
0 -1 -1
   255    255     53     48    255    255     41     10    131    255    255     38     18    204    255    160      1    165    255 
 25588  18418   6718   7192  15216  13334   5580   5246   8060  17608  13354   5287   5339   9750  20356  12694   9378  12742  22424 
 17236  13361     51    147   6718  13334  18418  15216  25588   7192  17608   8060   5246   5339   9378   9750  12742  20356  22424  12694   5287  13354   5580  13445  26304      0      0  65535 
     0      0      0      0      0      0      0      0      0      0      0      0      0      0      0      0      0      0      0 
     0      0      0      0      0      0      0      0      0      0      0      0      0      0      0      0      0      0      0 
     0      0      0      0      0      0      0      0      0      0      0      0      0      0      0      0      0      0      0 
0 -1 -1
   255    255     52     45    255    255     40      9    123    255    255     39     17    196    255    162      1    162    255 
 24142  17653   6659   7004  14533  12995   5566   5223   7845  17071  13213   5301   5314   9541  20089  12772   9358  12613  22602 
 17236  13361     51    147   6659  12995  17653  14533  24142   7004  17071   7845   5223   5314   9358   9541  12613  20089  22602  12772   5301  13213   5566  13445  26304      0      0  65535 
     0      0      0      0      0      0      0      0      0      0      0      0      0      0      0      0      0      0      0 
     0      0      0      0      0      0      0      0      0      0      0      0      0      0      0      0      0      0      0 
     0      0      0      0      0      0      0      0      0      0      0      0      0      0      0      0      0      0      0 
0 -1 -1
   255    255     50     41    255    255     40      9    116    255    255     39     17    189    255    164      0    162    255 
 22553  16710   6570   6823  13804  12585   5538   5204   7656  16555  13059   5307   5294   9386  19944  12862   9339  12602  22981 
 17236  13361     51    147   6570  12585  16710  13804  22553   6823  16555   7656   5204   5294   9339   9386  12602  19944  22981  12862   5307  13059   5538  13445  26304      0      0  65535 
     0      0      0      0      0      0      0      0      0      0      0      0      0      0      0      0      0      0      0 
     0      0      0      0      0      0      0      0      0      0      0      0      0      0      0      0      0      0      0 
     0      0      0      0      0      0      0      0      0      0      0      0      0      0      0      0      0      0      0 
0 -1 -1
   255    255     49     40    255    255     39      9    113    255    255     38     17    186    255    162      0    160    255 
 21926  16266   6514   6767  13496  12356   5513   5196   7587  16300  12928   5290   5286   9316  19758  12774   9342  12537  22861 
 17236  13361     51    147   6514  12356  16266  13496  21926   6767  16300   7587   5196   5286   9342   9316  12537  19758  22861  12774   5290  12928   5513  13445  26304      0      0  65535 
     0      0      0      0      0      0      0      0      0      0      0      0      0      0      0      0      0      0      0 
     0      0      0      0      0      0      0      0      0      0      0      0      0      0      0      0      0      0      0 
     0      0      0      0      0      0      0      0      0      0      0      0      0      0      0      0      0      0      0 
0 -1 -1
   255    255     48     41    255    255     39      9    114    255    255     38     17    187    255    160      0    160    255 
 22056  16289   6503   6788  13543  12333   5492   5196   7608  16302  12846   5271   5288   9328  19674  12655   9347  12514  22664 
 17236  13361     51    147   6503  12333  16289  13543  22056   6788  16302   7608   5196   5288   9347   9328  12514  19674  22664  12655   5271  12846   5492  13445  26303      0      0  65535 
     0      0      0      0      0      0      0      0      0      0      0      0      0      0      0      0      0      0      0 
     0      0      0      0      0      0      0      0      0      0      0      0      0      0      0      0      0      0      0 
     0      0      0      0      0      0      0      0      0      0      0      0      0      0      0      0      0      0      0 
0 -1 -1
   255    255     47     41    255    255     38      9    115    255    255     37     17    187    255    156      0    159    255 
 22041  16089   6448   6808  13504  12180   5445   5200   7627  16202  12640   5234   5294   9337  19472  12441   9353  12481  22363 
 17236  13361     51    147   6448  12180  16089  13504  22041   6808  16202   7627   5200   5294   9353   9337  12481  19472  22363  12441   5234  12640   5445  13446  26304      0      0  65535 
     0      0      0      0      0      0      0      0      0      0      0      0      0      0      0      0      0      0      0 
     0      0      0      0      0      0      0      0      0      0      0      0      0      0      0      0      0      0      0 
     0      0      0      0      0      0      0      0      0      0      0      0      0      0      0      0      0      0      0 
0 -1 -1
   255    255     46     40    255    255     37      9    113    255    255     36     17    185    255    154      0    159    255 
 21599  15756   6397   6766  13281  11985   5420   5196   7578  15998  12516   5220   5290   9292  19340  12377   9340  12473  22363 
 17236  13361     51    147   6397  11985  15756  13281  21599   6766  15998   7578   5196   5290   9340   9292  12473  19340  22363  12377   5220  12516   5420  13446  26304      0      0  65535 
     0      0      0      0      0      0      0      0      0      0      0      0      0      0      0      0      0      0      0 
     0      0      0      0      0      0      0      0      0      0      0      0      0      0      0      0      0      0      0 
     0      0      0      0      0      0      0      0      0      0      0      0      0      0      0      0      0      0      0 
0 -1 -1
   255    255     46     39    255    255     37      9    112    255    255     37     17    187    255    157      0    164    255 
 21073  15548   6387   6705  13087  11909   5425   5195   7544  15974  12582   5231   5289   9341  19626  12519   9342  12700  22947 
 17236  13361     51    147   6387  11909  15548  13087  21073   6705  15974   7544   5195   5289   9342   9341  12700  19626  22947  12519   5231  12582   5425  13447  26304      0      0  65535 
     0      0      0      0      0      0      0      0      0      0      0      0      0      0      0      0      0      0      0 
     0      0      0      0      0      0      0      0      0      0      0      0      0      0      0      0      0      0      0 
     0      0      0      0      0      0      0      0      0      0      0      0      0      0      0      0      0      0      0 
0 -1 -1
   255    255     46     40    255    255     37      9    114    255    255     36     17    191    255    156      0    166    255 
 21309  15777   6419   6735  13232  12023   5432   5201   7596  16148  12628   5224   5297   9421  19774  12474   9352  12804  22943 
 17236  13361     51    147   6419  12023  15777  13232  21309   6735  16148   7596   5201   5297   9352   9421  12804  19774  22943  12474   5224  12628   5432  13448  26304      0      0  65535 
     0      0      0      0      0      0      0      0      0      0      0      0      0      0      0      0      0      0      0 
     0      0      0      0      0      0      0      0      0      0      0      0      0      0      0      0      0      0      0 
     0      0      0      0      0      0      0      0      0      0      0      0      0      0      0      0      0      0      0 
0 -1 -1
   255    255     47     41    255    255     37      9    117    255    255     35     17    191    255    150      0    162    255 
 22011  16093   6427   6823  13508  12095   5402   5206   7671  16217  12459   5188   5303   9424  19443  12160   9348  12625  22160 
 17236  13361     51    147   6427  12095  16093  13508  22011   6823  16217   7671   5206   5303   9348   9424  12625  19443  22160  12160   5188  12459   5402  13441  26304      0      1  65535 
     0      0      0      0      0      0      0      0      0      0      0      0      0      0      0      0      0      0      0 
     0      0      0      0      0      0      0      0      0      0      0      0      0      0      0      0      0      0      0 
     0      0      0      0      0      0      0      0      0      0      0      0      0      0      0      0      0      0      0 
0 -1 -1
   255    255     45     41    255    255     35      9    113    255    255     34     17    183    255    143      0    154    252 
 21666  15661   6345   6790  13243  11779   5339   5200   7587  15760  12057   5143   5293   9239  18708  11780   9340  12263  21258 
 17236  13361     51    147   6345  11779  15661  13243  21666   6790  15760   7587   5200   5293   9340   9239  12263  18708  21258  11780   5143  12057   5339  13441  26304      0      0  65535 
     0      0      0      0      0      0      0      0      0      0      0      0      0      0      0      0      0      0      0 
     0      0      0      0      0      0      0      0      0      0      0      0      0      0      0      0      0      0      0 
     0      0      0      0      0      0      0      0      0      0      0      0      0      0      0      0      0      0      0 
0 -1 -1
   239    221     39     37    255    243     30      8     99    255    241     30     16    157    255    120      0    131    213 
 19474  13884   6079   6551  11969  10638   5132   5171   7208  14126  10707   5002   5253   8603  16442  10591   9315  11198  18709 
 17236  13361     51    147   6079  10638  13884  11969  19474   6551  14126   7208   5171   5253   9315   8603  11198  16442  18709  10591   5002  10707   5132  13441  26303      0      0  65535 
     0      0      0      0      0      0      0      0      0      0      0      0      0      0      0      0      0      0      0 
     0      0      0      0      0      0      0      0      0      0      0      0      0      0      0      0      0      0      0 
     0      0      0      0      0      0      0      0      0      0      0      0      0      0      0      0      0      0      0 
0 -1 -1
   164    139     28     27    194    154     21      7     70    255    149     22     14    106    255     76      0     87    140 
 14682  10320   5537   6042   9273   8245   4742   5098   6449  10731   8193   4722   5161   7391  12103   8315   9262   9186  13956 
 17236  13361     51    148   5537   8245  10320   9273  14682   6042  10731   6449   5098   5161   9262   7391   9186  12103  13956   8315   4722   8193   4742  13442  26305      0      0  65535 
     0      0      0      0      0      0      0      0      0      0      0      0      0      0      0      0      0      0      0 
     0      0      0      0      0      0      0      0      0      0      0      0      0      0      0      0      0      0      0 
     0      0      0      0      0      0      0      0      0      0      0      0      0      0      0      0      0      0      0 
0 -1 -1
    99     79     19     19    111     88     15      6     47    156     86     16     12     69    181     46      0     58     88 
 10457   7722   5136   5591   7170   6473   4462   5023   5840   8145   6481   4516   5071   6519   8957   6738   9242   7825  10591 
 17236  13361     51    149   5136   6473   7722   7170  10457   5591   8145   5840   5023   5071   9242   6519   7825   8957  10591   6738   4516   6481   4462  13444  26304      0      0  65535 
     0      0      0      0      0      0      0      0      0      0      0      0      0      0      0      0      0      0      0 
     0      0      0      0      0      0      0      0      0      0      0      0      0      0      0      0      0      0      0 
     0      0      0      0      0      0      0      0      0      0      0      0      0      0      0      0      0      0      0 
0 -1 -1
    49     42     13     12     56     47     10      5     28     79     44     11      9     40     88     25      0     33     45 
  7259   6088   4847   5203   5786   5359   4253   4932   5344   6343   5340   4352   4960   5815   6635   5623   9217   6679   7821 
 17236  13361     51    149   4847   5359   6088   5786   7259   5203   6343   5344   4932   4960   9217   5815   6679   6635   7821   5623   4352   5340   4253  13445  26304      0      0  65535 
     0      0      0      0      0      0      0      0      0      0      0      0      0      0      0      0      0      0      0 
     0      0      0      0      0      0      0      0      0      0      0      0      0      0      0      0      0      0      0 
     0      0      0      0      0      0      0      0      0      0      0      0      0      0      0      0      0      0      0 
0 -1 -1
    13     15      7      5     17     17      4      3     10     22     12      5      5     13     20      7      0     10     10 
  4967   4908   4569   4805   4797   4553   4016   4778   4863   5019   4467   4145   4777   5172   4943   4693   9186   5612   5510 
 17236  13361     51    149   4569   4553   4908   4797   4967   4805   5019   4863   4778   4777   9186   5172   5612   4943   5510   4693   4145   4467   4016  13445  26303      0      0  65535 
     0      0      0      0      0      0      0      0      0      0      0      0      0      0      0      0      0      0      0 
     0      0      0      0      0      0      0      0      0      0      0      0      0      0      0      0      0      0      0 
     0      0      0      0      0      0      0      0      0      0      0      0      0      0      0      0      0      0      0 
0 -1 -1
     0      0      1      0      0      0      0      0      0      0      0      0      0      0      0      0      0      0      0 
  4083   4256   4285   4475   4312   4073   3784   4567   4531   4434   4039   3921   4542   4777   4318   4202   9151   5042   4620 
 17236  13361     51    150   4285   4073   4256   4312   4083   4475   4434   4531   4567   4542   9151   4777   5042   4318   4620   4202   3921   4039   3784  13445  26303      0      0  65535 
     0      0      0      0      0      0      0      0      0      0      0      0      0      0      0      0      0      0      0 
     0      0      0      0      0      0      0      0      0      0      0      0      0      0      0      0      0      0      0 
     0      0      0      0      0      0      0      0      0      0      0      0      0      0      0      0      0      0      0 
0 -1 -1
     0      0      0      0      0      0      0      0      0      0      0      0      0      0      0      0      0      0      0 
  3925   4097   4107   4322   4209   3947   3639   4379   4414   4343   3943   3790   4357   4663   4233   4053   9171   4870   4445 
 17236  13361     51    150   4107   3947   4097   4209   3925   4322   4343   4414   4379   4357   9171   4663   4870   4233   4445   4053   3790   3943   3639  13445  26303      0      0  65535 
     0      0      0      0      0      0      0      0      0      0      0      0      0      0      0      0      0      0      0 
     0      0      0      0      0      0      0      0      0      0      0      0      0      0      0      0      0      0      0 
     0      0      0      0      0      0      0      0      0      0      0      0      0      0      0      0      0      0      0 
0 -1 -1
     0      0      0      0      0      0      0      0      0      0      0      0      0      0      0      0      0      0      0 
  3861   4013   3958   4224   4173   3892   3507   4226   4356   4314   3893   3668   4209   4603   4176   3941   9213   4761   4322 
 17236  13361     51    150   3958   3892   4013   4173   3861   4224   4314   4356   4226   4209   9213   4603   4761   4176   4322   3941   3668   3893   3507  13442  26304      0      0  65535 
     0      0      0      0      0      0      0      0      0      0      0      0      0      0      0      0      0      0      0 
     0      0      0      0      0      0      0      0      0      0      0      0      0      0      0      0      0      0      0 
     0      0      0      0      0      0      0      0      0      0      0      0      0      0      0      0      0      0      0 
0 -1 -1
     0      0      0      0      0      0      0      0      0      0      0      0      0      0      0      0      0      0      0 
  3856   3998   3899   4192   4150   3852   3468   4198   4319   4283   3859   3612   4160   4560   4150   3905   9219   4721   4284 
 17236  13361     51    150   3899   3852   3998   4150   3856   4192   4283   4319   4198   4160   9219   4560   4721   4150   4284   3905   3612   3859   3468  13442  26304      0      0  65535 
     0      0      0      0      0      0      0      0      0      0      0      0      0      0      0      0      0      0      0 
     0      0      0      0      0      0      0      0      0      0      0      0      0      0      0      0      0      0      0 
     0      0      0      0      0      0      0      0      0      0      0      0      0      0      0      0      0      0      0 
0 -1 -1
     0      0      0      0      0      0      0      0      0      0      0      0      0      0      0      0      0      0      0 
  3856   3999   3897   4192   4149   3852   3468   4198   4319   4285   3860   3613   4159   4559   4151   3904   9246   4720   4284 
 17236  13361     51    150   3897   3852   3999   4149   3856   4192   4285   4319   4198   4159   9246   4559   4720   4151   4284   3904   3613   3860   3468  13446  26304      0      0  65535 
     0      0      0      0      0      0      0      0      0      0      0      0      0      0      0      0      0      0      0 
     0      0      0      0      0      0      0      0      0      0      0      0      0      0      0      0      0      0      0 
     0      0      0      0      0      0      0      0      0      0      0      0      0      0      0      0      0      0      0 
0 -1 -1
     0      0      0      0      0      0      0      0      0      0      0      0      0      0      0      0      0      0      0 
  3855   3999   3898   4192   4149   3850   3466   4199   4319   4283   3859   3612   4159   4557   4148   3905   9254   4719   4284 
 17236  13361     51    150   3898   3850   3999   4149   3855   4192   4283   4319   4199   4159   9254   4557   4719   4148   4284   3905   3612   3859   3466  13447  26305      1      0  65535 
     0      0      0      0      0      0      0      0      0      0      0      0      0      0      0      0      0      0      0 
     0      0      0      0      0      0      0      0      0      0      0      0      0      0      0      0      0      0      0 
     0      0      0      0      0      0      0      0      0      0      0      0      0      0      0      0      0      0      0 
0 -1 -1
     0      0      0      0      0      0      0      0      0      0      0      0      0      0      0      0      0      0      0 
  3858   3998   3898   4191   4147   3851   3465   4197   4319   4283   3859   3613   4159   4558   4151   3905   9267   4718   4284 
 17236  13361     51    151   3898   3851   3998   4147   3858   4191   4283   4319   4197   4159   9267   4558   4718   4151   4284   3905   3613   3859   3465  13447  26305      0      0  65535 
     0      0      0      0      0      0      0      0      0      0      0      0      0      0      0      0      0      0      0 
     0      0      0      0      0      0      0      0      0      0      0      0      0      0      0      0      0      0      0 
     0      0      0      0      0      0      0      0      0      0      0      0      0      0      0      0      0      0      0 
0 -1 -1
     0      0      0      0      0      0      0      0      0      0      0      0      0      0      0      0      0      0      0 
  3855   3997   3899   4192   4148   3852   3466   4195   4318   4282   3859   3612   4159   4557   4149   3904   9292   4720   4285 
 17236  13361     51    151   3899   3852   3997   4148   3855   4192   4282   4318   4195   4159   9292   4557   4720   4149   4285   3904   3612   3859   3466  13446  26303      0      0  65535 
     0      0      0      0      0      0      0      0      0      0      0      0      0      0      0      0      0      0      0 
     0      0      0      0      0      0      0      0      0      0      0      0      0      0      0      0      0      0      0 
     0      0      0      0      0      0      0      0      0      0      0      0      0      0      0      0      0      0      0 
0 -1 -1
     0      0      0      0      0      0      0      0      0      0      0      0      0      0      0      0      0      0      0 
  3857   3996   3899   4191   4146   3850   3465   4195   4318   4281   3857   3612   4159   4556   4147   3904   9295   4718   4283 
 17236  13361     51    150   3899   3850   3996   4146   3857   4191   4281   4318   4195   4159   9295   4556   4718   4147   4283   3904   3612   3857   3465  13446  26303      0      0  65535 
     0      0      0      0      0      0      0      0      0      0      0      0      0      0      0      0      0      0      0 
     0      0      0      0      0      0      0      0      0      0      0      0      0      0      0      0      0      0      0 
     0      0      0      0      0      0      0      0      0      0      0      0      0      0      0      0      0      0      0 
0 -1 -1
     0      0      0      0      0      0      0      0      0      0      0      0      0      0      0      0      0      0      0 
  3855   3996   3898   4190   4146   3850   3466   4197   4317   4281   3856   3611   4157   4556   4146   3903   9298   4717   4283 
 17236  13361     51    150   3898   3850   3996   4146   3855   4190   4281   4317   4197   4157   9298   4556   4717   4146   4283   3903   3611   3856   3466  13446  26304      0      0  65535 
     0      0      0      0      0      0      0      0      0      0      0      0      0      0      0      0      0      0      0 
     0      0      0      0      0      0      0      0      0      0      0      0      0      0      0      0      0      0      0 
     0      0      0      0      0      0      0      0      0      0      0      0      0      0      0      0      0      0      0 
0 -1 -1
     0      0      0      0      0      0      0      0      0      0      0      0      0      0      0      0      0      0      0 
  3856   3998   3898   4191   4145   3849   3465   4194   4317   4279   3857   3613   4159   4555   4148   3902   9306   4717   4282 
 17236  13361     51    151   3898   3849   3998   4145   3856   4191   4279   4317   4194   4159   9306   4555   4717   4148   4282   3902   3613   3857   3465  13446  26304      0      0  65535 
     0      0      0      0      0      0      0      0      0      0      0      0      0      0      0      0      0      0      0 
     0      0      0      0      0      0      0      0      0      0      0      0      0      0      0      0      0      0      0 
     0      0      0      0      0      0      0      0      0      0      0      0      0      0      0      0      0      0      0 
0 -1 -1
     0      0      0      0      0      0      0      0      0      0      0      0      0      0      0      0      0      0      0 
  3855   3997   3899   4191   4144   3850   3465   4194   4316   4280   3856   3610   4157   4554   4147   3901   9306   4717   4281 
 17236  13361     51    151   3899   3850   3997   4144   3855   4191   4280   4316   4194   4157   9306   4554   4717   4147   4281   3901   3610   3856   3465  13446  26304      0      0  65535 
     0      0      0      0      0      0      0      0      0      0      0      0      0      0      0      0      0      0      0 
     0      0      0      0      0      0      0      0      0      0      0      0      0      0      0      0      0      0      0 
     0      0      0      0      0      0      0      0      0      0      0      0      0      0      0      0      0      0      0 
0 -1 -1
     0      0      0      0      0      0      0      0      0      0      0      0      0      0      0      0      0      0      0 
  3856   3996   3896   4190   4144   3848   3464   4194   4317   4280   3856   3610   4157   4555   4146   3903   9315   4717   4282 
 17236  13361     51    151   3896   3848   3996   4144   3856   4190   4280   4317   4194   4157   9315   4555   4717   4146   4282   3903   3610   3856   3464  13443  26304      0      0  65535 
     0      0      0      0      0      0      0      0      0      0      0      0      0      0      0      0      0      0      0 
     0      0      0      0      0      0      0      0      0      0      0      0      0      0      0      0      0      0      0 
     0      0      0      0      0      0      0      0      0      0      0      0      0      0      0      0      0      0      0 
0 -1 -1
     0      0      0      0      0      0      0      0      0      0      0      0      0      0      0      0      0      0      0 
  3854   3996   3897   4189   4145   3846   3464   4193   4315   4278   3856   3611   4155   4553   4146   3903   9326   4716   4281 
 17236  13361     51    150   3897   3846   3996   4145   3854   4189   4278   4315   4193   4155   9326   4553   4716   4146   4281   3903   3611   3856   3464  13444  26304      0      0  65535 
     0      0      0      0      0      0      0      0      0      0      0      0      0      0      0      0      0      0      0 
     0      0      0      0      0      0      0      0      0      0      0      0      0      0      0      0      0      0      0 
     0      0      0      0      0      0      0      0      0      0      0      0      0      0      0      0      0      0      0 
0 -1 -1
     0      0      0      0      0      0      0      0      0      0      0      0      0      0      0      0      0      0      0 
  3856   3996   3895   4188   4143   3846   3465   4194   4314   4278   3855   3610   4156   4554   4146   3902   9319   4717   4282 
 17236  13361     51    150   3895   3846   3996   4143   3856   4188   4278   4314   4194   4156   9319   4554   4717   4146   4282   3902   3610   3855   3465  13445  26304      0      0  65535 
     0      0      0      0      0      0      0      0      0      0      0      0      0      0      0      0      0      0      0 
     0      0      0      0      0      0      0      0      0      0      0      0      0      0      0      0      0      0      0 
     0      0      0      0      0      0      0      0      0      0      0      0      0      0      0      0      0      0      0 
0 -1 -1
     0      0      0      0      0      0      0      0      0      0      0      0      0      0      0      0      0      0      0 
  3855   3996   3896   4188   4143   3847   3465   4193   4315   4278   3855   3609   4154   4555   4144   3902   9339   4716   4281 
 17236  13361     51    151   3896   3847   3996   4143   3855   4188   4278   4315   4193   4154   9339   4555   4716   4144   4281   3902   3609   3855   3465  13446  26303      0      0  65535 
     0      0      0      0      0      0      0      0      0      0      0      0      0      0      0      0      0      0      0 
     0      0      0      0      0      0      0      0      0      0      0      0      0      0      0      0      0      0      0 
     0      0      0      0      0      0      0      0      0      0      0      0      0      0      0      0      0      0      0 
0 -1 -1
     0      0      0      0      0      0      0      0      0      0      0      0      0      0      0      0      0      0      0 
  3855   3995   3897   4187   4144   3847   3463   4192   4314   4277   3856   3609   4155   4552   4145   3901   9350   4715   4282 
 17236  13361     51    151   3897   3847   3995   4144   3855   4187   4277   4314   4192   4155   9350   4552   4715   4145   4282   3901   3609   3856   3463  13447  26303      0      0  65535 
     0      0      0      0      0      0      0      0      0      0      0      0      0      0      0      0      0      0      0 
     0      0      0      0      0      0      0      0      0      0      0      0      0      0      0      0      0      0      0 
     0      0      0      0      0      0      0      0      0      0      0      0      0      0      0      0      0      0      0 
0 -1 -1
     0      0      0      0      0      0      0      0      0      0      0      0      0      0      0      0      0      0      0 
  3855   3995   3894   4187   4143   3847   3464   4193   4313   4276   3856   3610   4154   4552   4144   3902   9342   4715   4282 
 17236  13361     51    150   3894   3847   3995   4143   3855   4187   4276   4313   4193   4154   9342   4552   4715   4144   4282   3902   3610   3856   3464  13446  26303      0      0  65535 
     0      0      0      0      0      0      0      0      0      0      0      0      0      0      0      0      0      0      0 
     0      0      0      0      0      0      0      0      0      0      0      0      0      0      0      0      0      0      0 
     0      0      0      0      0      0      0      0      0      0      0      0      0      0      0      0      0      0      0 
0 -1 -1
     0      0      0      0      0      0      0      0      0      0      0      0      0      0      0      0      0      0      0 
  3854   3996   3896   4185   4141   3847   3463   4194   4313   4277   3853   3609   4155   4553   4145   3902   9335   4714   4280 
 17236  13361     51    151   3896   3847   3996   4141   3854   4185   4277   4313   4194   4155   9335   4553   4714   4145   4280   3902   3609   3853   3463  13446  26304      0      0  65535 
     0      0      0      0      0      0      0      0      0      0      0      0      0      0      0      0      0      0      0 
     0      0      0      0      0      0      0      0      0      0      0      0      0      0      0      0      0      0      0 
     0      0      0      0      0      0      0      0      0      0      0      0      0      0      0      0      0      0      0 
0 -1 -1
     0      0      0      0      0      0      0      0      0      0      0      0      0      0      0      0      0      0      0 
  3855   3992   3895   4187   4141   3845   3462   4192   4313   4277   3852   3608   4154   4551   4143   3901   9341   4714   4280 
 17236  13361     51    150   3895   3845   3992   4141   3855   4187   4277   4313   4192   4154   9341   4551   4714   4143   4280   3901   3608   3852   3462  13446  26304      0      0  65535 
     0      0      0      0      0      0      0      0      0      0      0      0      0      0      0      0      0      0      0 
     0      0      0      0      0      0      0      0      0      0      0      0      0      0      0      0      0      0      0 
     0      0      0      0      0      0      0      0      0      0      0      0      0      0      0      0      0      0      0 
0 -1 -1
     0      0      0      0      0      0      0      0      0      0      0      0      0      0      0      0      0      0      0 
  3855   3994   3896   4187   4141   3846   3462   4192   4312   4275   3852   3607   4153   4552   4144   3900   9354   4713   4282 
 17236  13361     51    150   3896   3846   3994   4141   3855   4187   4275   4312   4192   4153   9354   4552   4713   4144   4282   3900   3607   3852   3462  13442  26304      0      0  65535 
     0      0      0      0      0      0      0      0      0      0      0      0      0      0      0      0      0      0      0 
     0      0      0      0      0      0      0      0      0      0      0      0      0      0      0      0      0      0      0 
     0      0      0      0      0      0      0      0      0      0      0      0      0      0      0      0      0      0      0 
0 -1 -1
     0      0      0      0      0      0      0      0      0      0      0      0      0      0      0      0      1      0      0 
  3853   3994   3895   4186   4141   3847   3462   4192   4312   4276   3853   3610   4153   4552   4143   3899   9361   4714   4280 
 17236  13361     51    150   3895   3847   3994   4141   3853   4186   4276   4312   4192   4153   9361   4552   4714   4143   4280   3899   3610   3853   3462  13441  26304      0      0  65535 
     0      0      0      0      0      0      0      0      0      0      0      0      0      0      0      0      0      0      0 
     0      0      0      0      0      0      0      0      0      0      0      0      0      0      0      0      0      0      0 
     0      0      0      0      0      0      0      0      0      0      0      0      0      0      0      0      0      0      0 
0 -1 -1
     0      0      0      0      0      0      0      0      0      0      0      0      0      0      0      0      1      0      0 
  3854   3992   3895   4185   4138   3844   3460   4191   4311   4273   3851   3607   4153   4552   4142   3898   9362   4714   4280 
 17236  13361     51    150   3895   3844   3992   4138   3854   4185   4273   4311   4191   4153   9362   4552   4714   4142   4280   3898   3607   3851   3460  13442  26304      0      0  65535 
     0      0      0      0      0      0      0      0      0      0      0      0      0      0      0      0      0      0      0 
     0      0      0      0      0      0      0      0      0      0      0      0      0      0      0      0      0      0      0 
     0      0      0      0      0      0      0      0      0      0      0      0      0      0      0      0      0      0      0 
0 -1 -1
     0      0      0      0      0      0      0      0      0      0      0      0      0      0      0      0      1      0      0 
  3854   3992   3893   4184   4138   3844   3461   4191   4311   4273   3851   3607   4152   4551   4141   3899   9372   4711   4280 
 17236  13361     51    150   3893   3844   3992   4138   3854   4184   4273   4311   4191   4152   9372   4551   4711   4141   4280   3899   3607   3851   3461  13443  26304      0      0  65535 
     0      0      0      0      0      0      0      0      0      0      0      0      0      0      0      0      0      0      0 
     0      0      0      0      0      0      0      0      0      0      0      0      0      0      0      0      0      0      0 
     0      0      0      0      0      0      0      0      0      0      0      0      0      0      0      0      0      0      0 
0 -1 -1
