   255    255    255     97    150    103     34     14     26     22     14      6     12     15     12      7      1      6      3 
 26434  26148  22617  10193   8336   7055   5496   5724   5431   5175   4673   4283   5260   5375   4900   5047   9323   6011   5572 
 17236  13361     51    147  22617   7055  26148   8336  26434  10193   5175   5431   5724   5260   9323   5375   6011   4900   5572   5047   4283   4673   5496  13448  26304      0      0  65535 
     0      0      0      0      0      0      0      0      0      0      0      0      0      0      0      0      0      0      0 
     0      0      0      0      0      0      0      0      0      0      0      0      0      0      0      0      0      0      0 
     0      0      0      0      0      0      0      0      0      0      0      0      0      0      0      0      0      0      0 
0 -1 -1
   255    255    255     97    150    102     33     14     25     21     14      6     12     15     11      6      1      6      3 
 26823  26448  22815  10185   8319   7033   5487   5714   5420   5163   4667   4277   5253   5367   4890   5039   9335   6002   5563 
 17236  13361     51    147  22815   7033  26448   8319  26823  10185   5163   5420   5714   5253   9335   5367   6002   4890   5563   5039   4277   4667   5487  13449  26305      0      0  65535 
     0      0      0      0      0      0      0      0      0      0      0      0      0      0      0      0      0      0      0 
     0      0      0      0      0      0      0      0      0      0      0      0      0      0      0      0      0      0      0 
     0      0      0      0      0      0      0      0      0      0      0      0      0      0      0      0      0      0      0 
0 -1 -1
   255    255    255     98    151    103     33     14     25     21     13      6     12     15     12      6      1      6      3 
 27518  26977  23116  10277   8366   7047   5490   5720   5417   5162   4665   4275   5258   5375   4894   5040   9332   6006   5560 
 17236  13361     51    147  23116   7047  26977   8366  27518  10277   5162   5417   5720   5258   9332   5375   6006   4894   5560   5040   4275   4665   5490  13448  26304      0      0  65535 
     0      0      0      0      0      0      0      0      0      0      0      0      0      0      0      0      0      0      0 
     0      0      0      0      0      0      0      0      0      0      0      0      0      0      0      0      0      0      0 
     0      0      0      0      0      0      0      0      0      0      0      0      0      0      0      0      0      0      0 
0 -1 -1
   255    255    255     97    150    102     33     14     24     20     13      6     11     14     11      6      1      5      2 
 27716  27268  23423  10201   8329   7032   5483   5695   5399   5149   4655   4273   5244   5358   4881   5030   9324   5990   5552 
 17236  13361     51    147  23423   7032  27268   8329  27716  10201   5149   5399   5695   5244   9324   5358   5990   4881   5552   5030   4273   4655   5483  13448  26304      0      1  65535 
     0      0      0      0      0      0      0      0      0      0      0      0      0      0      0      0      0      0      0 
     0      0      0      0      0      0      0      0      0      0      0      0      0      0      0      0      0      0      0 
     0      0      0      0      0      0      0      0      0      0      0      0      0      0      0      0      0      0      0 
0 -1 -1
   255    255    255     90    142     99     33     13     23     19     12      6     10     13     10      6      1      5      2 
 27075  27006  23526   9829   8117   6930   5457   5633   5357   5118   4635   4261   5201   5316   4847   5008   9297   5952   5531 
 17236  13361     51    147  23526   6930  27006   8117  27075   9829   5118   5357   5633   5201   9297   5316   5952   4847   5531   5008   4261   4635   5457  13448  26304      0      0  65535 
     0      0      0      0      0      0      0      0      0      0      0      0      0      0      0      0      0      0      0 
     0      0      0      0      0      0      0      0      0      0      0      0      0      0      0      0      0      0      0 
     0      0      0      0      0      0      0      0      0      0      0      0      0      0      0      0      0      0      0 
0 -1 -1
   255    255    255     90    141     98     32     13     23     19     12      6     10     13     10      6      0      5      2 
 27111  27012  23512   9801   8093   6906   5450   5623   5348   5114   4633   4259   5197   5313   4846   5004   9290   5948   5527 
 17236  13361     51    147  23512   6906  27012   8093  27111   9801   5114   5348   5623   5197   9290   5313   5948   4846   5527   5004   4259   4633   5450  13445  26304      0      0  65535 
     0      0      0      0      0      0      0      0      0      0      0      0      0      0      0      0      0      0      0 
     0      0      0      0      0      0      0      0      0      0      0      0      0      0      0      0      0      0      0 
     0      0      0      0      0      0      0      0      0      0      0      0      0      0      0      0      0      0      0 
0 -1 -1
   255    255    255     91    141     97     32     13     23     19     12      6     10     13     10      6      0      5      2 
 27199  26953  23323   9862   8112   6901   5432   5631   5350   5114   4632   4258   5198   5315   4845   5001   9295   5948   5521 
 17236  13361     51    147  23323   6901  26953   8112  27199   9862   5114   5350   5631   5198   9295   5315   5948   4845   5521   5001   4258   4632   5432  13441  26304      0      0  65535 
     0      0      0      0      0      0      0      0      0      0      0      0      0      0      0      0      0      0      0 
     0      0      0      0      0      0      0      0      0      0      0      0      0      0      0      0      0      0      0 
     0      0      0      0      0      0      0      0      0      0      0      0      0      0      0      0      0      0      0 
0 -1 -1
   255    255    255     89    138     95     31     12     22     18     12      5     10     12      9      5      0      4      2 
 26833  26531  22918   9752   8024   6833   5388   5613   5333   5099   4612   4246   5180   5291   4823   4981   9285   5925   5509 
 17236  13361     51    147  22918   6833  26531   8024  26833   9752   5099   5333   5613   5180   9285   5291   5925   4823   5509   4981   4246   4612   5388  13440  26303      0      0  65535 
     0      0      0      0      0      0      0      0      0      0      0      0      0      0      0      0      0      0      0 
     0      0      0      0      0      0      0      0      0      0      0      0      0      0      0      0      0      0      0 
     0      0      0      0      0      0      0      0      0      0      0      0      0      0      0      0      0      0      0 
0 -1 -1
   255    255    255     86    133     91     30     12     21     17     11      5      9     11      8      5      0      4      2 
 26458  26050  22436   9610   7897   6732   5330   5587   5311   5078   4593   4233   5156   5264   4798   4960   9272   5901   5491 
 17236  13361     51    147  22436   6732  26050   7897  26458   9610   5078   5311   5587   5156   9272   5264   5901   4798   5491   4960   4233   4593   5330  13440  26303      0      0  65535 
     0      0      0      0      0      0      0      0      0      0      0      0      0      0      0      0      0      0      0 
     0      0      0      0      0      0      0      0      0      0      0      0      0      0      0      0      0      0      0 
     0      0      0      0      0      0      0      0      0      0      0      0      0      0      0      0      0      0      0 
0 -1 -1
   255    255    255     87    131     88     28     12     21     17     10      5      9     10      7      5      0      3      1 
 26523  25681  21771   9666   7860   6657   5266   5591   5301   5066   4576   4220   5147   5249   4782   4942   9263   5886   5478 
 17236  13361     51    147  21771   6657  25681   7860  26523   9666   5066   5301   5591   5147   9263   5249   5886   4782   5478   4942   4220   4576   5266  13440  26305      0      0  65535 
     0      0      0      0      0      0      0      0      0      0      0      0      0      0      0      0      0      0      0 
     0      0      0      0      0      0      0      0      0      0      0      0      0      0      0      0      0      0      0 
     0      0      0      0      0      0      0      0      0      0      0      0      0      0      0      0      0      0      0 
0 -1 -1
   255    255    255     87    128     85     26     12     20     16      9      4      9      9      6      4      0      3      1 
 26134  24953  20861   9645   7783   6560   5188   5590   5292   5053   4557   4207   5131   5228   4763   4920   9263   5866   5465 
 17236  13361     51    147  20861   6560  24953   7783  26134   9645   5053   5292   5590   5131   9263   5228   5866   4763   5465   4920   4207   4557   5188  13441  26304      0      0  65535 
     0      0      0      0      0      0      0      0      0      0      0      0      0      0      0      0      0      0      0 
     0      0      0      0      0      0      0      0      0      0      0      0      0      0      0      0      0      0      0 
     0      0      0      0      0      0      0      0      0      0      0      0      0      0      0      0      0      0      0 
0 -1 -1
   255    255    255     77    113     77     24     11     18     15      8      4      7      7      5      3      0      2      1 
 23618  22848  19326   9082   7406   6339   5071   5516   5236   5018   4522   4187   5075   5174   4719   4884   9248   5819   5434 
 17236  13361     51    148  19326   6339  22848   7406  23618   9082   5018   5236   5516   5075   9248   5174   5819   4719   5434   4884   4187   4522   5071  13440  26304      0      0  65535 
     0      0      0      0      0      0      0      0      0      0      0      0      0      0      0      0      0      0      0 
     0      0      0      0      0      0      0      0      0      0      0      0      0      0      0      0      0      0      0 
     0      0      0      0      0      0      0      0      0      0      0      0      0      0      0      0      0      0      0 
0 -1 -1
   199    255    243     52     79     59     18      8     14     12      6      3      5      3      2      2      0      0      0 
 17375  17848  15927   7667   6543   5860   4835   5327   5111   4947   4461   4159   4973   5087   4658   4825   9224   5737   5383 
 17236  13361     51    148  15927   5860  17848   6543  17375   7667   4947   5111   5327   4973   9224   5087   5737   4658   5383   4825   4159   4461   4835  13440  26304      0      0  65535 
     0      0      0      0      0      0      0      0      0      0      0      0      0      0      0      0      0      0      0 
     0      0      0      0      0      0      0      0      0      0      0      0      0      0      0      0      0      0      0 
     0      0      0      0      0      0      0      0      0      0      0      0      0      0      0      0      0      0      0 
0 -1 -1
    86    146    124     24     40     32      9      5      7      7      2      1      2      0      0      1      0      0      0 
 10143  11110  10362   6162   5536   5153   4430   5093   4947   4832   4366   4103   4855   5001   4590   4745   9201   5644   5312 
 17236  13361     51    149  10362   5153  11110   5536  10143   6162   4832   4947   5093   4855   9201   5001   5644   4590   5312   4745   4103   4366   4430  13438  26305      1      0  65535 
     0      0      0      0      0      0      0      0      0      0      0      0      0      0      0      0      0      0      0 
     0      0      0      0      0      0      0      0      0      0      0      0      0      0      0      0      0      0      0 
     0      0      0      0      0      0      0      0      0      0      0      0      0      0      0      0      0      0      0 
0 -1 -1
    17     33     28      6     10      8      0      1      0      0      0      0      0      0      0      0      0      0      0 
  5706   6159   5871   5133   4782   4490   4014   4847   4756   4675   4232   4014   4729   4907   4512   4633   9176   5535   5212 
 17236  13361     51    149   5871   4490   6159   4782   5706   5133   4675   4756   4847   4729   9176   4907   5535   4512   5212   4633   4014   4232   4014  13439  26305      0      0  65535 
     0      0      0      0      0      0      0      0      0      0      0      0      0      0      0      0      0      0      0 
     0      0      0      0      0      0      0      0      0      0      0      0      0      0      0      0      0      0      0 
     0      0      0      0      0      0      0      0      0      0      0      0      0      0      0      0      0      0      0 
0 -1 -1
     0      0      0      0      0      0      0      0      0      0      0      0      0      0      0      0      0      0      0 
  4269   4395   4302   4557   4346   4090   3739   4578   4554   4493   4086   3901   4565   4792   4412   4480   9152   5384   5059 
 17236  13361     51    150   4302   4090   4395   4346   4269   4557   4493   4554   4578   4565   9152   4792   5384   4412   5059   4480   3901   4086   3739  13441  26305      0      0  65535 
     0      0      0      0      0      0      0      0      0      0      0      0      0      0      0      0      0      0      0 
     0      0      0      0      0      0      0      0      0      0      0      0      0      0      0      0      0      0      0 
     0      0      0      0      0      0      0      0      0      0      0      0      0      0      0      0      0      0      0 
0 -1 -1
     0      0      0      0      0      0      0      0      0      0      0      0      0      0      0      0      0      0      0 
  4006   4127   4029   4338   4210   3934   3586   4359   4420   4372   3974   3767   4379   4682   4305   4263   9210   5156   4794 
 17236  13361     51    150   4029   3934   4127   4210   4006   4338   4372   4420   4359   4379   9210   4682   5156   4305   4794   4263   3767   3974   3586  13441  26305      0      1  65535 
     0      0      0      0      0      0      0      0      0      0      0      0      0      0      0      0      0      0      0 
     0      0      0      0      0      0      0      0      0      0      0      0      0      0      0      0      0      0      0 
     0      0      0      0      0      0      0      0      0      0      0      0      0      0      0      0      0      0      0 
0 -1 -1
     0      0      0      0      0      0      0      0      0      0      0      0      0      0      0      0      0      0      0 
  3870   4015   3906   4218   4158   3874   3478   4234   4346   4314   3888   3638   4227   4607   4204   3995   9268   4858   4408 
 17236  13361     51    150   3906   3874   4015   4158   3870   4218   4314   4346   4234   4227   9268   4607   4858   4204   4408   3995   3638   3888   3478  13441  26304      0      0  65535 
     0      0      0      0      0      0      0      0      0      0      0      0      0      0      0      0      0      0      0 
     0      0      0      0      0      0      0      0      0      0      0      0      0      0      0      0      0      0      0 
     0      0      0      0      0      0      0      0      0      0      0      0      0      0      0      0      0      0      0 
0 -1 -1
     0      0      0      0      0      0      0      0      0      0      0      0      0      0      0      0      0      0      0 
  3825   3970   3876   4165   4120   3824   3444   4172   4295   4254   3823   3586   4141   4532   4119   3874   9285   4696   4247 
 17236  13361     51    150   3876   3824   3970   4120   3825   4165   4254   4295   4172   4141   9285   4532   4696   4119   4247   3874   3586   3823   3444  13442  26303      0      0  65535 
     0      0      0      0      0      0      0      0      0      0      0      0      0      0      0      0      0      0      0 
     0      0      0      0      0      0      0      0      0      0      0      0      0      0      0      0      0      0      0 
     0      0      0      0      0      0      0      0      0      0      0      0      0      0      0      0      0      0      0 
0 -1 -1
     0      0      0      0      0      0      0      0      0      0      0      0      0      0      0      0      0      0      0 
  3832   3973   3879   4166   4115   3820   3442   4169   4287   4246   3824   3586   4130   4524   4113   3871   9285   4682   4247 
 17236  13361     51    151   3879   3820   3973   4115   3832   4166   4246   4287   4169   4130   9285   4524   4682   4113   4247   3871   3586   3824   3442  13444  26305      0      0  65535 
     0      0      0      0      0      0      0      0      0      0      0      0      0      0      0      0      0      0      0 
     0      0      0      0      0      0      0      0      0      0      0      0      0      0      0      0      0      0      0 
     0      0      0      0      0      0      0      0      0      0      0      0      0      0      0      0      0      0      0 
0 -1 -1
     0      0      0      0      0      0      0      0      0      0      0      0      0      0      0      0      1      0      0 
  3833   3972   3879   4166   4114   3819   3442   4171   4287   4245   3824   3585   4127   4523   4112   3870   9308   4681   4245 
 17236  13361     51    150   3879   3819   3972   4114   3833   4166   4245   4287   4171   4127   9308   4523   4681   4112   4245   3870   3585   3824   3442  13442  26303      0      0  65535 
     0      0      0      0      0      0      0      0      0      0      0      0      0      0      0      0      0      0      0 
     0      0      0      0      0      0      0      0      0      0      0      0      0      0      0      0      0      0      0 
     0      0      0      0      0      0      0      0      0      0      0      0      0      0      0      0      0      0      0 
0 -1 -1
     0      0      0      0      0      0      0      0      0      0      0      0      0      0      0      0      1      0      0 
  3833   3972   3881   4166   4115   3820   3442   4169   4287   4244   3824   3585   4127   4523   4112   3870   9315   4680   4245 
 17236  13361     51    150   3881   3820   3972   4115   3833   4166   4244   4287   4169   4127   9315   4523   4680   4112   4245   3870   3585   3824   3442  13445  26303      0      0  65535 
     0      0      0      0      0      0      0      0      0      0      0      0      0      0      0      0      0      0      0 
     0      0      0      0      0      0      0      0      0      0      0      0      0      0      0      0      0      0      0 
     0      0      0      0      0      0      0      0      0      0      0      0      0      0      0      0      0      0      0 
0 -1 -1
     0      0      0      0      0      0      0      0      0      0      0      0      0      0      0      0      1      0      0 
  3833   3972   3881   4165   4115   3819   3442   4170   4287   4243   3823   3586   4127   4522   4109   3869   9327   4681   4246 
 17236  13361     51    150   3881   3819   3972   4115   3833   4165   4243   4287   4170   4127   9327   4522   4681   4109   4246   3869   3586   3823   3442  13446  26303      0      0  65535 
     0      0      0      0      0      0      0      0      0      0      0      0      0      0      0      0      0      0      0 
     0      0      0      0      0      0      0      0      0      0      0      0      0      0      0      0      0      0      0 
     0      0      0      0      0      0      0      0      0      0      0      0      0      0      0      0      0      0      0 
0 -1 -1
     0      0      0      0      0      0      0      0      0      0      0      0      0      0      0      0      1      0      0 
  3833   3973   3882   4165   4114   3820   3445   4169   4286   4241   3824   3584   4128   4523   4110   3869   9323   4681   4244 
 17236  13361     51    151   3882   3820   3973   4114   3833   4165   4241   4286   4169   4128   9323   4523   4681   4110   4244   3869   3584   3824   3445  13446  26303      0      0  65535 
     0      0      0      0      0      0      0      0      0      0      0      0      0      0      0      0      0      0      0 
     0      0      0      0      0      0      0      0      0      0      0      0      0      0      0      0      0      0      0 
     0      0      0      0      0      0      0      0      0      0      0      0      0      0      0      0      0      0      0 
0 -1 -1
     0      0      0      0      0      0      0      0      0      0      0      0      0      0      0      0      1      0      0 
  3834   3972   3882   4166   4114   3819   3441   4168   4286   4243   3824   3585   4126   4522   4109   3869   9323   4680   4244 
 17236  13361     51    150   3882   3819   3972   4114   3834   4166   4243   4286   4168   4126   9323   4522   4680   4109   4244   3869   3585   3824   3441  13446  26305      0      0  65535 
     0      0      0      0      0      0      0      0      0      0      0      0      0      0      0      0      0      0      0 
     0      0      0      0      0      0      0      0      0      0      0      0      0      0      0      0      0      0      0 
     0      0      0      0      0      0      0      0      0      0      0      0      0      0      0      0      0      0      0 
0 -1 -1
     0      0      0      0      0      0      0      0      0      0      0      0      0      0      0      0      1      0      0 
  3835   3973   3882   4166   4113   3820   3442   4169   4288   4242   3821   3585   4127   4522   4109   3870   9337   4678   4244 
 17236  13361     51    150   3882   3820   3973   4113   3835   4166   4242   4288   4169   4127   9337   4522   4678   4109   4244   3870   3585   3821   3442  13447  26305      0      0  65535 
     0      0      0      0      0      0      0      0      0      0      0      0      0      0      0      0      0      0      0 
     0      0      0      0      0      0      0      0      0      0      0      0      0      0      0      0      0      0      0 
     0      0      0      0      0      0      0      0      0      0      0      0      0      0      0      0      0      0      0 
0 -1 -1
     0      0      0      0      0      0      0      0      0      0      0      0      0      0      0      0      1      0      0 
  3835   3973   3883   4165   4113   3818   3443   4170   4286   4241   3821   3585   4126   4522   4109   3869   9340   4679   4244 
 17236  13361     51    151   3883   3818   3973   4113   3835   4165   4241   4286   4170   4126   9340   4522   4679   4109   4244   3869   3585   3821   3443  13447  26304      0      0  65535 
     0      0      0      0      0      0      0      0      0      0      0      0      0      0      0      0      0      0      0 
     0      0      0      0      0      0      0      0      0      0      0      0      0      0      0      0      0      0      0 
     0      0      0      0      0      0      0      0      0      0      0      0      0      0      0      0      0      0      0 
0 -1 -1
     0      0      0      0      0      0      0      0      0      0      0      0      0      0      0      0      2      0      0 
  3835   3973   3883   4166   4112   3819   3442   4168   4285   4242   3822   3585   4126   4520   4107   3867   9346   4679   4243 
 17236  13361     51    150   3883   3819   3973   4112   3835   4166   4242   4285   4168   4126   9346   4520   4679   4107   4243   3867   3585   3822   3442  13448  26304      0      0  65535 
     0      0      0      0      0      0      0      0      0      0      0      0      0      0      0      0      0      0      0 
     0      0      0      0      0      0      0      0      0      0      0      0      0      0      0      0      0      0      0 
     0      0      0      0      0      0      0      0      0      0      0      0      0      0      0      0      0      0      0 
0 -1 -1
     0      0      0      0      0      0      0      0      0      0      0      0      0      0      0      0      1      0      0 
  3836   3975   3885   4164   4113   3819   3442   4168   4285   4241   3822   3586   4126   4519   4109   3867   9339   4679   4244 
 17236  13361     51    151   3885   3819   3975   4113   3836   4164   4241   4285   4168   4126   9339   4519   4679   4109   4244   3867   3586   3822   3442  13449  26304      0      0  65535 
     0      0      0      0      0      0      0      0      0      0      0      0      0      0      0      0      0      0      0 
     0      0      0      0      0      0      0      0      0      0      0      0      0      0      0      0      0      0      0 
     0      0      0      0      0      0      0      0      0      0      0      0      0      0      0      0      0      0      0 
0 -1 -1
     0      0      0      0      0      0      0      0      0      0      0      0      0      0      0      0      2      0      0 
  3835   3975   3884   4164   4112   3818   3441   4168   4284   4241   3822   3585   4127   4520   4107   3868   9350   4678   4243 
 17236  13361     51    150   3884   3818   3975   4112   3835   4164   4241   4284   4168   4127   9350   4520   4678   4107   4243   3868   3585   3822   3441  13448  26304      0      0  65535 
     0      0      0      0      0      0      0      0      0      0      0      0      0      0      0      0      0      0      0 
     0      0      0      0      0      0      0      0      0      0      0      0      0      0      0      0      0      0      0 
     0      0      0      0      0      0      0      0      0      0      0      0      0      0      0      0      0      0      0 
0 -1 -1
     0      0      0      0      0      0      0      0      0      0      0      0      0      0      0      0      2      0      0 
  3836   3974   3885   4164   4111   3817   3444   4167   4285   4239   3821   3586   4125   4521   4107   3866   9364   4677   4244 
 17236  13361     51    150   3885   3817   3974   4111   3836   4164   4239   4285   4167   4125   9364   4521   4677   4107   4244   3866   3586   3821   3444  13450  26304      0      0  65535 
     0      0      0      0      0      0      0      0      0      0      0      0      0      0      0      0      0      0      0 
     0      0      0      0      0      0      0      0      0      0      0      0      0      0      0      0      0      0      0 
     0      0      0      0      0      0      0      0      0      0      0      0      0      0      0      0      0      0      0 
0 -1 -1
     0      0      0      0      0      0      0      0      0      0      0      0      0      0      0      0      2      0      0 
  3836   3975   3885   4165   4113   3818   3442   4166   4283   4240   3820   3584   4126   4518   4106   3866   9361   4677   4241 
 17236  13361     51    151   3885   3818   3975   4113   3836   4165   4240   4283   4166   4126   9361   4518   4677   4106   4241   3866   3584   3820   3442  13449  26304      0      0  65535 
     0      0      0      0      0      0      0      0      0      0      0      0      0      0      0      0      0      0      0 
     0      0      0      0      0      0      0      0      0      0      0      0      0      0      0      0      0      0      0 
     0      0      0      0      0      0      0      0      0      0      0      0      0      0      0      0      0      0      0 
0 -1 -1
     0      0      0      0      0      0      0      0      0      0      0      0      0      0      0      0      2      0      0 
  3838   3975   3884   4164   4113   3817   3442   4166   4285   4240   3822   3584   4126   4520   4108   3868   9361   4676   4243 
 17236  13361     51    151   3884   3817   3975   4113   3838   4164   4240   4285   4166   4126   9361   4520   4676   4108   4243   3868   3584   3822   3442  13447  26304      1      0  65535 
     0      0      0      0      0      0      0      0      0      0      0      0      0      0      0      0      0      0      0 
     0      0      0      0      0      0      0      0      0      0      0      0      0      0      0      0      0      0      0 
     0      0      0      0      0      0      0      0      0      0      0      0      0      0      0      0      0      0      0 
0 -1 -1
     0      0      0      0      0      0      0      0      0      0      0      0      0      0      0      0      2      0      0 
  3837   3976   3884   4164   4112   3817   3442   4166   4285   4239   3821   3583   4126   4519   4107   3867   9362   4676   4242 
 17236  13361     51    151   3884   3817   3976   4112   3837   4164   4239   4285   4166   4126   9362   4519   4676   4107   4242   3867   3583   3821   3442  13443  26305      0      0  65535 
     0      0      0      0      0      0      0      0      0      0      0      0      0      0      0      0      0      0      0 
     0      0      0      0      0      0      0      0      0      0      0      0      0      0      0      0      0      0      0 
     0      0      0      0      0      0      0      0      0      0      0      0      0      0      0      0      0      0      0 
0 -1 -1
     0      0      0      0      0      0      0      0      0      0      0      0      0      0      0      0      2      0      0 
  3837   3975   3886   4164   4113   3816   3442   4167   4283   4240   3821   3584   4125   4519   4105   3867   9368   4676   4242 
 17236  13361     51    150   3886   3816   3975   4113   3837   4164   4240   4283   4167   4125   9368   4519   4676   4105   4242   3867   3584   3821   3442  13442  26304      0      0  65535 
     0      0      0      0      0      0      0      0      0      0      0      0      0      0      0      0      0      0      0 
     0      0      0      0      0      0      0      0      0      0      0      0      0      0      0      0      0      0      0 
     0      0      0      0      0      0      0      0      0      0      0      0      0      0      0      0      0      0      0 
0 -1 -1
     0      0      0      0      0      0      0      0      0      0      0      0      0      0      0      0      2      0      0 
  3836   3976   3886   4164   4111   3817   3443   4166   4283   4238   3820   3584   4125   4520   4105   3866   9362   4676   4241 
 17236  13361     51    151   3886   3817   3976   4111   3836   4164   4238   4283   4166   4125   9362   4520   4676   4105   4241   3866   3584   3820   3443  13444  26304      0      0  65535 
     0      0      0      0      0      0      0      0      0      0      0      0      0      0      0      0      0      0      0 
     0      0      0      0      0      0      0      0      0      0      0      0      0      0      0      0      0      0      0 
     0      0      0      0      0      0      0      0      0      0      0      0      0      0      0      0      0      0      0 
0 -1 -1
     0      0      0      0      0      0      0      0      0      0      0      0      0      0      0      0      2      0      0 
  3837   3974   3885   4163   4111   3815   3442   4167   4282   4239   3819   3583   4122   4516   4106   3865   9364   4676   4241 
 17236  13361     51    150   3885   3815   3974   4111   3837   4163   4239   4282   4167   4122   9364   4516   4676   4106   4241   3865   3583   3819   3442  13444  26305      0      0  65535 
     0      0      0      0      0      0      0      0      0      0      0      0      0      0      0      0      0      0      0 
     0      0      0      0      0      0      0      0      0      0      0      0      0      0      0      0      0      0      0 
     0      0      0      0      0      0      0      0      0      0      0      0      0      0      0      0      0      0      0 
0 -1 -1
