    10     16     20     12      7     16     21     10     15     11     21     24     21     11     10     20     17     25     24 
  5667   5967   6052   6106   5691   5644   5667   6103   6057   5962   5894   5832   6356   6256   5914   6446  10125   7439   7360 
 17236  13361     51    149   6052   5644   5967   5691   5667   6106   5962   6057   6103   6356  10125   6256   7439   5914   7360   6446   5832   5894   5667  13547  26304      0      0  65535 
     0      0      0      0      0      0      0      0      0      0      0      0      0      0      0      0      0      0      0 
     0      0      0      0      0      0      0      0      0      0      0      0      0      0      0      0      0      0      0 
     0      0      0      0      0      0      0      0      0      0      0      0      0      0      0      0      0      0      0 
0 -1 -1
    12     18     22     13      9     19     23     12     17     13     23     27     23     13     12     21     28     28     26 
  5803   6051   6170   6211   5740   5708   5761   6235   6113   6004   5952   5947   6453   6309   5967   6538  10615   7573   7514 
 17236  13361     51    149   6170   5708   6051   5740   5803   6211   6004   6113   6235   6453  10615   6309   7573   5967   7514   6538   5947   5952   5761  13545  26304      0      0  65535 
     0      0      0      0      0      0      0      0      0      0      0      0      0      0      0      0      0      0      0 
     0      0      0      0      0      0      0      0      0      0      0      0      0      0      0      0      0      0      0 
     0      0      0      0      0      0      0      0      0      0      0      0      0      0      0      0      0      0      0 
0 -1 -1
    12     19     23     14     10     20     24     12     18     13     24     28     24     14     13     22     29     29     27 
  5827   6076   6212   6233   5756   5732   5791   6268   6130   6018   5970   5980   6489   6328   5982   6562  10679   7613   7554 
 17236  13361     51    148   6212   5732   6076   5756   5827   6233   6018   6130   6268   6489  10679   6328   7613   5982   7554   6562   5980   5970   5791  13546  26304      0      1  65535 
     0      0      0      0      0      0      0      0      0      0      0      0      0      0      0      0      0      0      0 
     0      0      0      0      0      0      0      0      0      0      0      0      0      0      0      0      0      0      0 
     0      0      0      0      0      0      0      0      0      0      0      0      0      0      0      0      0      0      0 
0 -1 -1
    12     19     24     14     10     20     24     13     18     14     24     29     25     14     13     22     29     30     27 
  5844   6095   6236   6250   5769   5748   5808   6294   6142   6028   5982   6005   6517   6341   5996   6584  10700   7645   7589 
 17236  13361     51    148   6236   5748   6095   5769   5844   6250   6028   6142   6294   6517  10700   6341   7645   5996   7589   6584   6005   5982   5808  13546  26304      0      0  65535 
     0      0      0      0      0      0      0      0      0      0      0      0      0      0      0      0      0      0      0 
     0      0      0      0      0      0      0      0      0      0      0      0      0      0      0      0      0      0      0 
     0      0      0      0      0      0      0      0      0      0      0      0      0      0      0      0      0      0      0 
0 -1 -1
    12     19     24     14     10     21     24     13     19     14     24     29     25     14     14     22     27     30     27 
  5859   6104   6240   6262   5776   5754   5808   6316   6150   6034   5986   6004   6528   6346   6001   6582  10599   7650   7589 
 17236  13361     51    148   6240   5754   6104   5776   5859   6262   6034   6150   6316   6528  10599   6346   7650   6001   7589   6582   6004   5986   5808  13546  26304      0      0  65535 
     0      0      0      0      0      0      0      0      0      0      0      0      0      0      0      0      0      0      0 
     0      0      0      0      0      0      0      0      0      0      0      0      0      0      0      0      0      0      0 
     0      0      0      0      0      0      0      0      0      0      0      0      0      0      0      0      0      0      0 
0 -1 -1
    13     20     24     14     11     21     25     13     19     14     25     29     25     15     14     22     26     30     27 
  5871   6112   6248   6269   5785   5758   5819   6326   6158   6038   5991   6013   6533   6354   6007   6589  10542   7653   7592 
 17236  13361     51    148   6248   5758   6112   5785   5871   6269   6038   6158   6326   6533  10542   6354   7653   6007   7592   6589   6013   5991   5819  13546  26305      0      0  65535 
     0      0      0      0      0      0      0      0      0      0      0      0      0      0      0      0      0      0      0 
     0      0      0      0      0      0      0      0      0      0      0      0      0      0      0      0      0      0      0 
     0      0      0      0      0      0      0      0      0      0      0      0      0      0      0      0      0      0      0 
0 -1 -1
    13     20     25     15     11     21     25     14     19     14     25     30     25     15     14     23     27     30     28 
  5886   6127   6271   6278   5794   5771   5844   6340   6168   6046   6006   6044   6547   6366   6018   6608  10588   7669   7614 
 17236  13361     51    148   6271   5771   6127   5794   5886   6278   6046   6168   6340   6547  10588   6366   7669   6018   7614   6608   6044   6006   5844  13545  26305      0      1  65535 
     0      0      0      0      0      0      0      0      0      0      0      0      0      0      0      0      0      0      0 
     0      0      0      0      0      0      0      0      0      0      0      0      0      0      0      0      0      0      0 
     0      0      0      0      0      0      0      0      0      0      0      0      0      0      0      0      0      0      0 
0 -1 -1
    14     21     26     15     12     22     27     14     20     15     26     32     27     16     16     24     28     32     29 
  5926   6168   6329   6317   5816   5804   5897   6391   6193   6068   6039   6114   6597   6392   6052   6673  10636   7759   7723 
 17236  13361     51    148   6329   5804   6168   5816   5926   6317   6068   6193   6391   6597  10636   6392   7759   6052   7723   6673   6114   6039   5897  13541  26304      0      0  65535 
     0      0      0      0      0      0      0      0      0      0      0      0      0      0      0      0      0      0      0 
     0      0      0      0      0      0      0      0      0      0      0      0      0      0      0      0      0      0      0 
     0      0      0      0      0      0      0      0      0      0      0      0      0      0      0      0      0      0      0 
0 -1 -1
    14     22     27     16     13     23     28     15     21     16     28     34     28     18     17     25     27     34     30 
  5970   6205   6380   6350   5842   5832   5946   6443   6221   6092   6069   6170   6639   6421   6080   6718  10599   7822   7798 
 17236  13361     51    148   6380   5832   6205   5842   5970   6350   6092   6221   6443   6639  10599   6421   7822   6080   7798   6718   6170   6069   5946  13539  26304      0      0  65535 
     0      0      0      0      0      0      0      0      0      0      0      0      0      0      0      0      0      0      0 
     0      0      0      0      0      0      0      0      0      0      0      0      0      0      0      0      0      0      0 
     0      0      0      0      0      0      0      0      0      0      0      0      0      0      0      0      0      0      0 
0 -1 -1
    15     23     28     17     14     25     29     16     23     17     29     35     29     19     18     26     26     35     31 
  6020   6250   6436   6392   5868   5862   5989   6498   6250   6115   6098   6219   6685   6450   6111   6761  10551   7877   7857 
 17236  13361     51    148   6436   5862   6250   5868   6020   6392   6115   6250   6498   6685  10551   6450   7877   6111   7857   6761   6219   6098   5989  13539  26304      0      0  65535 
     0      0      0      0      0      0      0      0      0      0      0      0      0      0      0      0      0      0      0 
     0      0      0      0      0      0      0      0      0      0      0      0      0      0      0      0      0      0      0 
     0      0      0      0      0      0      0      0      0      0      0      0      0      0      0      0      0      0      0 
0 -1 -1
    16     24     30     18     16     27     31     17     24     19     31     39     31     21     21     28     26     38     34 
  6103   6323   6525   6457   5915   5916   6086   6591   6301   6157   6160   6344   6768   6503   6174   6875  10558   8015   8027 
 17236  13361     51    148   6525   5916   6323   5915   6103   6457   6157   6301   6591   6768  10558   6503   8015   6174   8027   6875   6344   6160   6086  13541  26304      0      0  65535 
     0      0      0      0      0      0      0      0      0      0      0      0      0      0      0      0      0      0      0 
     0      0      0      0      0      0      0      0      0      0      0      0      0      0      0      0      0      0      0 
     0      0      0      0      0      0      0      0      0      0      0      0      0      0      0      0      0      0      0 
0 -1 -1
    18     26     32     19     18     29     33     19     26     21     33     42     32     23     23     30     25     40     36 
  6187   6402   6628   6527   5960   5973   6166   6686   6352   6198   6209   6445   6846   6555   6228   6969  10481   8118   8158 
 17236  13361     51    148   6628   5973   6402   5960   6187   6527   6198   6352   6686   6846  10481   6555   8118   6228   8158   6969   6445   6209   6166  13540  26304      0      0  65535 
     0      0      0      0      0      0      0      0      0      0      0      0      0      0      0      0      0      0      0 
     0      0      0      0      0      0      0      0      0      0      0      0      0      0      0      0      0      0      0 
     0      0      0      0      0      0      0      0      0      0      0      0      0      0      0      0      0      0      0 
0 -1 -1
    18     27     33     20     18     29     33     19     27     22     33     43     33     24     24     30     24     41     36 
  6218   6429   6664   6552   5980   5992   6191   6719   6370   6213   6226   6479   6870   6576   6249   6995  10443   8146   8186 
 17236  13361     51    148   6664   5992   6429   5980   6218   6552   6213   6370   6719   6870  10443   6576   8146   6249   8186   6995   6479   6226   6191  13540  26305      0      0  65535 
     0      0      0      0      0      0      0      0      0      0      0      0      0      0      0      0      0      0      0 
     0      0      0      0      0      0      0      0      0      0      0      0      0      0      0      0      0      0      0 
     0      0      0      0      0      0      0      0      0      0      0      0      0      0      0      0      0      0      0 
0 -1 -1
    19     28     34     20     20     31     35     20     28     23     35     45     34     26     25     32     24     43     38 
  6271   6479   6726   6599   6012   6029   6249   6784   6404   6243   6263   6552   6927   6612   6289   7066  10449   8231   8288 
 17236  13361     51    148   6726   6029   6479   6012   6271   6599   6243   6404   6784   6927  10449   6612   8231   6289   8288   7066   6552   6263   6249  13540  26304      0      0  65535 
     0      0      0      0      0      0      0      0      0      0      0      0      0      0      0      0      0      0      0 
     0      0      0      0      0      0      0      0      0      0      0      0      0      0      0      0      0      0      0 
     0      0      0      0      0      0      0      0      0      0      0      0      0      0      0      0      0      0      0 
0 -1 -1
    20     29     35     21     21     32     35     21     29     24     36     46     35     27     26     32     22     44     39 
  6319   6515   6770   6636   6037   6057   6282   6835   6431   6268   6288   6594   6968   6641   6318   7104  10382   8280   8342 
 17236  13361     51    148   6770   6057   6515   6037   6319   6636   6268   6431   6835   6968  10382   6641   8280   6318   8342   7104   6594   6288   6282  13540  26305      0      0  65535 
     0      0      0      0      0      0      0      0      0      0      0      0      0      0      0      0      0      0      0 
     0      0      0      0      0      0      0      0      0      0      0      0      0      0      0      0      0      0      0 
     0      0      0      0      0      0      0      0      0      0      0      0      0      0      0      0      0      0      0 
0 -1 -1
    20     30     36     22     22     32     36     22     30     25     36     47     36     28     27     33     23     45     39 
  6358   6543   6796   6667   6057   6073   6306   6882   6454   6285   6306   6621   7003   6665   6338   7128  10423   8321   8375 
 17236  13361     51    148   6796   6073   6543   6057   6358   6667   6285   6454   6882   7003  10423   6665   8321   6338   8375   7128   6621   6306   6306  13539  26304      0      0  65535 
     0      0      0      0      0      0      0      0      0      0      0      0      0      0      0      0      0      0      0 
     0      0      0      0      0      0      0      0      0      0      0      0      0      0      0      0      0      0      0 
     0      0      0      0      0      0      0      0      0      0      0      0      0      0      0      0      0      0      0 
0 -1 -1
    21     30     36     22     22     33     36     22     31     25     36     47     37     28     27     33     21     45     40 
  6382   6560   6814   6683   6070   6086   6311   6905   6465   6292   6311   6626   7017   6674   6346   7134  10319   8341   8390 
 17236  13361     51    148   6814   6086   6560   6070   6382   6683   6292   6465   6905   7017  10319   6674   8341   6346   8390   7134   6626   6311   6311  13541  26304      0      0  65535 
     0      0      0      0      0      0      0      0      0      0      0      0      0      0      0      0      0      0      0 
     0      0      0      0      0      0      0      0      0      0      0      0      0      0      0      0      0      0      0 
     0      0      0      0      0      0      0      0      0      0      0      0      0      0      0      0      0      0      0 
0 -1 -1
    20     30     36     22     22     32     36     22     30     24     36     46     36     27     27     32     19     44     39 
  6368   6547   6793   6672   6059   6074   6286   6890   6453   6282   6294   6589   7003   6658   6327   7102  10206   8311   8350 
 17236  13361     51    148   6793   6074   6547   6059   6368   6672   6282   6453   6890   7003  10206   6658   8311   6327   8350   7102   6589   6294   6286  13542  26305      0      0  65535 
     0      0      0      0      0      0      0      0      0      0      0      0      0      0      0      0      0      0      0 
     0      0      0      0      0      0      0      0      0      0      0      0      0      0      0      0      0      0      0 
     0      0      0      0      0      0      0      0      0      0      0      0      0      0      0      0      0      0      0 
0 -1 -1
    20     29     34     21     20     31     34     21     29     23     34     44     35     26     25     31     15     43     38 
  6311   6502   6731   6619   6021   6039   6229   6820   6416   6248   6254   6518   6948   6614   6282   7035  10030   8235   8261 
 17236  13361     51    148   6731   6039   6502   6021   6311   6619   6248   6416   6820   6948  10030   6614   8235   6282   8261   7035   6518   6254   6229  13545  26304      0      0  65535 
     0      0      0      0      0      0      0      0      0      0      0      0      0      0      0      0      0      0      0 
     0      0      0      0      0      0      0      0      0      0      0      0      0      0      0      0      0      0      0 
     0      0      0      0      0      0      0      0      0      0      0      0      0      0      0      0      0      0      0 
0 -1 -1
    18     27     33     20     18     30     33     19     27     21     33     42     33     23     23     29     11     41     36 
  6230   6444   6657   6553   5975   5998   6157   6721   6370   6207   6207   6432   6880   6559   6229   6956   9864   8141   8156 
 17236  13361     51    148   6657   5998   6444   5975   6230   6553   6207   6370   6721   6880   9864   6559   8141   6229   8156   6956   6432   6207   6157  13555  26304      0      0  65535 
     0      0      0      0      0      0      0      0      0      0      0      0      0      0      0      0      0      0      0 
     0      0      0      0      0      0      0      0      0      0      0      0      0      0      0      0      0      0      0 
     0      0      0      0      0      0      0      0      0      0      0      0      0      0      0      0      0      0      0 
0 -1 -1
    16     25     30     18     16     27     30     17     24     19     30     38     31     20     20     27      9     37     33 
  6092   6336   6522   6445   5906   5926   6037   6570   6293   6148   6130   6297   6767   6478   6150   6830   9752   7992   7986 
 17236  13361     51    148   6522   5926   6336   5906   6092   6445   6148   6293   6570   6767   9752   6478   7992   6150   7986   6830   6297   6130   6037  13544  26304      0      0  65535 
     0      0      0      0      0      0      0      0      0      0      0      0      0      0      0      0      0      0      0 
     0      0      0      0      0      0      0      0      0      0      0      0      0      0      0      0      0      0      0 
     0      0      0      0      0      0      0      0      0      0      0      0      0      0      0      0      0      0      0 
0 -1 -1
    13     21     25     15     12     23     26     14     20     16     26     32     27     16     16     24      7     33     30 
  5893   6172   6314   6303   5815   5822   5867   6370   6195   6074   6026   6108   6611   6379   6053   6666   9690   7783   7750 
 17236  13361     51    148   6314   5822   6172   5815   5893   6303   6074   6195   6370   6611   9690   6379   7783   6053   7750   6666   6108   6026   5867  13544  26304      0      0  65535 
     0      0      0      0      0      0      0      0      0      0      0      0      0      0      0      0      0      0      0 
     0      0      0      0      0      0      0      0      0      0      0      0      0      0      0      0      0      0      0 
     0      0      0      0      0      0      0      0      0      0      0      0      0      0      0      0      0      0      0 
0 -1 -1
    10     17     21     13      9     19     22     11     17     13     22     27     23     12     12     21      6     28     26 
  5716   6017   6112   6174   5747   5722   5709   6188   6109   6012   5928   5932   6462   6293   5970   6515   9622   7562   7511 
 17236  13361     51    149   6112   5722   6017   5747   5716   6174   6012   6109   6188   6462   9622   6293   7562   5970   7511   6515   5932   5928   5709  13544  26305      0      0  65535 
     0      0      0      0      0      0      0      0      0      0      0      0      0      0      0      0      0      0      0 
     0      0      0      0      0      0      0      0      0      0      0      0      0      0      0      0      0      0      0 
     0      0      0      0      0      0      0      0      0      0      0      0      0      0      0      0      0      0      0 
0 -1 -1
     8     15     17     11      7     16     19      9     15     11     19     22     20      9     10     18      5     24     23 
  5578   5891   5937   6065   5694   5639   5563   6045   6041   5966   5844   5769   6335   6224   5904   6382   9601   7362   7282 
 17236  13361     51    149   5937   5639   5891   5694   5578   6065   5966   6041   6045   6335   9601   6224   7362   5904   7282   6382   5769   5844   5563  13544  26305      0      0  65535 
     0      0      0      0      0      0      0      0      0      0      0      0      0      0      0      0      0      0      0 
     0      0      0      0      0      0      0      0      0      0      0      0      0      0      0      0      0      0      0 
     0      0      0      0      0      0      0      0      0      0      0      0      0      0      0      0      0      0      0 
0 -1 -1
     6     12     14      8      5     13     16      7     12      9     16     18     17      7      7     16      5     20     19 
  5430   5773   5775   5935   5646   5559   5430   5872   5976   5920   5767   5622   6206   6166   5847   6254   9583   7189   7050 
 17236  13361     51    149   5775   5559   5773   5646   5430   5935   5920   5976   5872   6206   9583   6166   7189   5847   7050   6254   5622   5767   5430  13545  26303      0      0  65535 
     0      0      0      0      0      0      0      0      0      0      0      0      0      0      0      0      0      0      0 
     0      0      0      0      0      0      0      0      0      0      0      0      0      0      0      0      0      0      0 
     0      0      0      0      0      0      0      0      0      0      0      0      0      0      0      0      0      0      0 
0 -1 -1
     4      9     11      6      4     11     13      4     10      7     14     14     14      5      6     14      4     17     16 
  5298   5660   5649   5811   5612   5501   5319   5712   5922   5884   5702   5498   6075   6119   5801   6142   9546   7031   6840 
 17236  13361     51    149   5649   5501   5660   5612   5298   5811   5884   5922   5712   6075   9546   6119   7031   5801   6840   6142   5498   5702   5319  13545  26304      0      1  65535 
     0      0      0      0      0      0      0      0      0      0      0      0      0      0      0      0      0      0      0 
     0      0      0      0      0      0      0      0      0      0      0      0      0      0      0      0      0      0      0 
     0      0      0      0      0      0      0      0      0      0      0      0      0      0      0      0      0      0      0 
0 -1 -1
     1      3      5      2      2      6      7      1      5      4      9      7      6      3      3      9      4      9      9 
  5113   5411   5347   5583   5568   5363   5069   5508   5792   5806   5552   5270   5755   6060   5723   5904   9542   6693   6427 
 17236  13361     51    150   5347   5363   5411   5568   5113   5583   5806   5792   5508   5755   9542   6060   6693   5723   6427   5904   5270   5552   5069  13545  26305      0      0  65535 
     0      0      0      0      0      0      0      0      0      0      0      0      0      0      0      0      0      0      0 
     0      0      0      0      0      0      0      0      0      0      0      0      0      0      0      0      0      0      0 
     0      0      0      0      0      0      0      0      0      0      0      0      0      0      0      0      0      0      0 
0 -1 -1
     1      1      1      1      2      2      1      1      2      2      1      0      2      2      1      2      2      1      2 
  5098   5303   5155   5514   5563   5250   4784   5488   5711   5758   5357   5030   5549   6051   5694   5506   9440   6329   5930 
 17236  13361     51    150   5155   5250   5303   5563   5098   5514   5758   5711   5488   5549   9440   6051   6329   5694   5930   5506   5030   5357   4784  13545  26305      1      0  65535 
     0      0      0      0      0      0      0      0      0      0      0      0      0      0      0      0      0      0      0 
     0      0      0      0      0      0      0      0      0      0      0      0      0      0      0      0      0      0      0 
     0      0      0      0      0      0      0      0      0      0      0      0      0      0      0      0      0      0      0 
0 -1 -1
     1      1      1      1      2      2      1      1      2      2      1      0      2      2      1      0      1      1      0 
  5100   5304   5155   5516   5565   5248   4784   5489   5711   5761   5355   5030   5548   6051   5693   5441   9434   6298   5821 
 17236  13361     51    150   5155   5248   5304   5565   5100   5516   5761   5711   5489   5548   9434   6051   6298   5693   5821   5441   5030   5355   4784  13545  26303      0      0  65535 
     0      0      0      0      0      0      0      0      0      0      0      0      0      0      0      0      0      0      0 
     0      0      0      0      0      0      0      0      0      0      0      0      0      0      0      0      0      0      0 
     0      0      0      0      0      0      0      0      0      0      0      0      0      0      0      0      0      0      0 
0 -1 -1
     1      1      1      1      2      2      1      1      2      2      1      0      2      2      1      0      1      1      0 
  5101   5306   5156   5518   5565   5249   4784   5491   5713   5762   5355   5032   5550   6054   5693   5442   9430   6298   5821 
 17236  13361     51    150   5156   5249   5306   5565   5101   5518   5762   5713   5491   5550   9430   6054   6298   5693   5821   5442   5032   5355   4784  13546  26303      0      0  65535 
     0      0      0      0      0      0      0      0      0      0      0      0      0      0      0      0      0      0      0 
     0      0      0      0      0      0      0      0      0      0      0      0      0      0      0      0      0      0      0 
     0      0      0      0      0      0      0      0      0      0      0      0      0      0      0      0      0      0      0 
0 -1 -1
     1      1      1      1      2      2      1      1      2      2      1      0      2      2      1      0      1      1      0 
  5102   5305   5157   5519   5565   5250   4787   5492   5713   5762   5356   5032   5550   6054   5694   5443   9424   6299   5822 
 17236  13361     51    150   5157   5250   5305   5565   5102   5519   5762   5713   5492   5550   9424   6054   6299   5694   5822   5443   5032   5356   4787  13546  26304      0      0  65535 
     0      0      0      0      0      0      0      0      0      0      0      0      0      0      0      0      0      0      0 
     0      0      0      0      0      0      0      0      0      0      0      0      0      0      0      0      0      0      0 
     0      0      0      0      0      0      0      0      0      0      0      0      0      0      0      0      0      0      0 
0 -1 -1
     1      1      1      1      2      2      1      1      2      2      1      0      2      2      1      0      1      1      0 
  5102   5306   5158   5519   5568   5252   4786   5496   5715   5764   5358   5033   5552   6057   5695   5442   9419   6300   5824 
 17236  13361     51    150   5158   5252   5306   5568   5102   5519   5764   5715   5496   5552   9419   6057   6300   5695   5824   5442   5033   5358   4786  13547  26304      0      0  65535 
     0      0      0      0      0      0      0      0      0      0      0      0      0      0      0      0      0      0      0 
     0      0      0      0      0      0      0      0      0      0      0      0      0      0      0      0      0      0      0 
     0      0      0      0      0      0      0      0      0      0      0      0      0      0      0      0      0      0      0 
0 -1 -1
     1      1      1      1      2      2      1      1      2      2      1      1      2      2      1      0      1      1      0 
  5104   5310   5158   5522   5567   5251   4787   5496   5716   5764   5357   5034   5553   6056   5693   5442   9413   6300   5823 
 17236  13361     51    150   5158   5251   5310   5567   5104   5522   5764   5716   5496   5553   9413   6056   6300   5693   5823   5442   5034   5357   4787  13547  26304      0      0  65535 
     0      0      0      0      0      0      0      0      0      0      0      0      0      0      0      0      0      0      0 
     0      0      0      0      0      0      0      0      0      0      0      0      0      0      0      0      0      0      0 
     0      0      0      0      0      0      0      0      0      0      0      0      0      0      0      0      0      0      0 
0 -1 -1
     1      1      1      1      2      2      1      1      2      2      1      1      2      2      1      0      1      1      0 
  5107   5310   5161   5524   5570   5252   4788   5497   5715   5766   5357   5035   5555   6058   5695   5444   9425   6301   5825 
 17236  13361     51    150   5161   5252   5310   5570   5107   5524   5766   5715   5497   5555   9425   6058   6301   5695   5825   5444   5035   5357   4788  13546  26304      0      0  65535 
     0      0      0      0      0      0      0      0      0      0      0      0      0      0      0      0      0      0      0 
     0      0      0      0      0      0      0      0      0      0      0      0      0      0      0      0      0      0      0 
     0      0      0      0      0      0      0      0      0      0      0      0      0      0      0      0      0      0      0 
0 -1 -1
     1      1      1      1      2      2      1      1      2      2      1      1      2      3      1      0      1      1      0 
  5106   5311   5162   5524   5571   5254   4788   5499   5717   5766   5358   5035   5557   6060   5696   5444   9417   6302   5825 
 17236  13361     51    150   5162   5254   5311   5571   5106   5524   5766   5717   5499   5557   9417   6060   6302   5696   5825   5444   5035   5358   4788  13543  26305      0      0  65535 
     0      0      0      0      0      0      0      0      0      0      0      0      0      0      0      0      0      0      0 
     0      0      0      0      0      0      0      0      0      0      0      0      0      0      0      0      0      0      0 
     0      0      0      0      0      0      0      0      0      0      0      0      0      0      0      0      0      0      0 
0 -1 -1
     1      1      1      1      2      2      1      1      2      2      2      1      2      3      2      0      1      1      0 
  5110   5313   5162   5526   5572   5254   4789   5500   5721   5768   5361   5035   5557   6060   5698   5444   9423   6304   5827 
 17236  13361     51    150   5162   5254   5313   5572   5110   5526   5768   5721   5500   5557   9423   6060   6304   5698   5827   5444   5035   5361   4789  13542  26304      0      0  65535 
     0      0      0      0      0      0      0      0      0      0      0      0      0      0      0      0      0      0      0 
     0      0      0      0      0      0      0      0      0      0      0      0      0      0      0      0      0      0      0 
     0      0      0      0      0      0      0      0      0      0      0      0      0      0      0      0      0      0      0 
0 -1 -1
     1      1      1      1      2      2      1      1      2      3      2      1      2      3      2      0      1      1      0 
  5111   5312   5163   5528   5573   5255   4790   5504   5721   5770   5361   5037   5560   6061   5698   5445   9410   6305   5827 
 17236  13361     51    150   5163   5255   5312   5573   5111   5528   5770   5721   5504   5560   9410   6061   6305   5698   5827   5445   5037   5361   4790  13542  26304      0      0  65535 
     0      0      0      0      0      0      0      0      0      0      0      0      0      0      0      0      0      0      0 
     0      0      0      0      0      0      0      0      0      0      0      0      0      0      0      0      0      0      0 
     0      0      0      0      0      0      0      0      0      0      0      0      0      0      0      0      0      0      0 
0 -1 -1
     1      1      1      1      2      2      1      1      3      3      2      1      2      3      2      0      1      1      0 
  5111   5315   5164   5529   5574   5257   4790   5504   5723   5770   5361   5038   5561   6062   5699   5445   9419   6307   5828 
 17236  13361     51    150   5164   5257   5315   5574   5111   5529   5770   5723   5504   5561   9419   6062   6307   5699   5828   5445   5038   5361   4790  13542  26303      0      0  65535 
     0      0      0      0      0      0      0      0      0      0      0      0      0      0      0      0      0      0      0 
     0      0      0      0      0      0      0      0      0      0      0      0      0      0      0      0      0      0      0 
     0      0      0      0      0      0      0      0      0      0      0      0      0      0      0      0      0      0      0 
0 -1 -1
     1      1      1      1      2      2      1      1      3      2      2      1      2      3      2      0      1      1      0 
  5114   5316   5165   5530   5576   5256   4791   5505   5723   5768   5362   5040   5562   6065   5698   5447   9422   6307   5828 
 17236  13361     51    150   5165   5256   5316   5576   5114   5530   5768   5723   5505   5562   9422   6065   6307   5698   5828   5447   5040   5362   4791  13543  26304      0      0  65535 
     0      0      0      0      0      0      0      0      0      0      0      0      0      0      0      0      0      0      0 
     0      0      0      0      0      0      0      0      0      0      0      0      0      0      0      0      0      0      0 
     0      0      0      0      0      0      0      0      0      0      0      0      0      0      0      0      0      0      0 
0 -1 -1
     1      1      1      1      2      2      1      1      3      3      2      1      2      3      2      0      1      1      0 
  5114   5317   5167   5530   5576   5257   4793   5507   5725   5772   5362   5040   5564   6066   5698   5446   9405   6307   5830 
 17236  13361     51    150   5167   5257   5317   5576   5114   5530   5772   5725   5507   5564   9405   6066   6307   5698   5830   5446   5040   5362   4793  13551  26304      0      0  65535 
     0      0      0      0      0      0      0      0      0      0      0      0      0      0      0      0      0      0      0 
     0      0      0      0      0      0      0      0      0      0      0      0      0      0      0      0      0      0      0 
     0      0      0      0      0      0      0      0      0      0      0      0      0      0      0      0      0      0      0 
0 -1 -1
     1      1      1      1      3      2      1      1      3      3      2      1      2      3      2      0      1      1      0 
  5114   5317   5167   5534   5578   5258   4795   5509   5724   5773   5363   5042   5568   6065   5701   5445   9415   6310   5831 
 17236  13361     51    150   5167   5258   5317   5578   5114   5534   5773   5724   5509   5568   9415   6065   6310   5701   5831   5445   5042   5363   4795  13553  26303      0      0  65535 
     0      0      0      0      0      0      0      0      0      0      0      0      0      0      0      0      0      0      0 
     0      0      0      0      0      0      0      0      0      0      0      0      0      0      0      0      0      0      0 
     0      0      0      0      0      0      0      0      0      0      0      0      0      0      0      0      0      0      0 
0 -1 -1
     1      1      1      1      3      2      1      1      3      3      2      1      2      3      2      0      1      1      0 
  5115   5318   5169   5535   5577   5260   4795   5511   5728   5772   5364   5040   5568   6066   5701   5447   9404   6310   5829 
 17236  13361     51    150   5169   5260   5318   5577   5115   5535   5772   5728   5511   5568   9404   6066   6310   5701   5829   5447   5040   5364   4795  13543  26304      0      0  65535 
     0      0      0      0      0      0      0      0      0      0      0      0      0      0      0      0      0      0      0 
     0      0      0      0      0      0      0      0      0      0      0      0      0      0      0      0      0      0      0 
     0      0      0      0      0      0      0      0      0      0      0      0      0      0      0      0      0      0      0 
0 -1 -1
     1      1      1      1      3      2      1      1      3      3      2      1      2      3      2      0      1      1      0 
  5117   5320   5170   5535   5580   5261   4795   5512   5728   5774   5364   5042   5570   6069   5702   5448   9408   6311   5831 
 17236  13361     51    150   5170   5261   5320   5580   5117   5535   5774   5728   5512   5570   9408   6069   6311   5702   5831   5448   5042   5364   4795  13543  26304      0      0  65535 
     0      0      0      0      0      0      0      0      0      0      0      0      0      0      0      0      0      0      0 
     0      0      0      0      0      0      0      0      0      0      0      0      0      0      0      0      0      0      0 
     0      0      0      0      0      0      0      0      0      0      0      0      0      0      0      0      0      0      0 
0 -1 -1
