    13     10      9     30     19      9      6     37     52     21      8      6     67     53     13      5     42     30     10 
  5155   4942   4801   6377   5113   4568   4184   7117   6151   5232   4577   4252   7429   6283   4952   4594  11116   6536   5350 
 17236  13361     51    149   4801   4568   4942   5113   5155   6377   5232   6151   7117   7429  11116   6283   6536   4952   5350   4594   4252   4577   4184  13444  26304      0      0  65535 
     0      0      0      0      0      0      0      0      0      0      0      0      0      0      0      0      0      0      0 
     0      0      0      0      0      0      0      0      0      0      0      0      0      0      0      0      0      0      0 
     0      0      0      0      0      0      0      0      0      0      0      0      0      0      0      0      0      0      0 
0 -1 -1
    15     11      9     39     23      9      6     50     69     24      8      6     92     69     15      5     32     37     11 
  5280   4969   4811   6854   5196   4577   4190   8000   6602   5295   4579   4255   8500   6682   4990   4602  10631   6878   5399 
 17236  13361     51    149   4811   4577   4969   5196   5280   6854   5295   6602   8000   8500  10631   6682   6878   4990   5399   4602   4255   4579   4190  13444  26304      0      1  65535 
     0      0      0      0      0      0      0      0      0      0      0      0      0      0      0      0      0      0      0 
     0      0      0      0      0      0      0      0      0      0      0      0      0      0      0      0      0      0      0 
     0      0      0      0      0      0      0      0      0      0      0      0      0      0      0      0      0      0      0 
0 -1 -1
    17     11     10     48     26      9      6     64     87     26      8      6    121     87     16      5     26     45     11 
  5390   4985   4813   7357   5272   4579   4189   8971   7071   5350   4580   4256   9717   7091   5024   4604  10381   7235   5436 
 17236  13361     51    149   4813   4579   4985   5272   5390   7357   5350   7071   8971   9717  10381   7091   7235   5024   5436   4604   4256   4580   4189  13445  26304      0      0  65535 
     0      0      0      0      0      0      0      0      0      0      0      0      0      0      0      0      0      0      0 
     0      0      0      0      0      0      0      0      0      0      0      0      0      0      0      0      0      0      0 
     0      0      0      0      0      0      0      0      0      0      0      0      0      0      0      0      0      0      0 
0 -1 -1
    18     11      9     55     28      9      6     76    101     28      8      6    146    100     17      5     29     51     12 
  5463   4995   4812   7741   5327   4580   4188   9733   7445   5389   4578   4256  10736   7417   5045   4606  10525   7516   5465 
 17236  13361     51    149   4812   4580   4995   5327   5463   7741   5389   7445   9733  10736  10525   7417   7516   5045   5465   4606   4256   4578   4188  13445  26304      0      0  65535 
     0      0      0      0      0      0      0      0      0      0      0      0      0      0      0      0      0      0      0 
     0      0      0      0      0      0      0      0      0      0      0      0      0      0      0      0      0      0      0 
     0      0      0      0      0      0      0      0      0      0      0      0      0      0      0      0      0      0      0 
0 -1 -1
    19     11      9     61     30      9      6     86    114     29      8      6    166    112     17      5     34     56     12 
  5528   5002   4812   8072   5375   4581   4189  10388   7768   5424   4579   4256  11586   7705   5063   4607  10727   7756   5488 
 17236  13361     51    149   4812   4581   5002   5375   5528   8072   5424   7768  10388  11586  10727   7705   7756   5063   5488   4607   4256   4579   4189  13446  26304      0      0  65535 
     0      0      0      0      0      0      0      0      0      0      0      0      0      0      0      0      0      0      0 
     0      0      0      0      0      0      0      0      0      0      0      0      0      0      0      0      0      0      0 
     0      0      0      0      0      0      0      0      0      0      0      0      0      0      0      0      0      0      0 
0 -1 -1
    20     11      9     65     31      9      6     93    123     30      8      6    182    121     18      5     37     60     12 
  5575   5010   4810   8322   5413   4581   4188  10893   8009   5445   4578   4257  12246   7911   5072   4608  10880   7926   5498 
 17236  13361     51    149   4810   4581   5010   5413   5575   8322   5445   8009  10893  12246  10880   7911   7926   5072   5498   4608   4257   4578   4188  13469  26303      0      0  65535 
     0      0      0      0      0      0      0      0      0      0      0      0      0      0      0      0      0      0      0 
     0      0      0      0      0      0      0      0      0      0      0      0      0      0      0      0      0      0      0 
     0      0      0      0      0      0      0      0      0      0      0      0      0      0      0      0      0      0      0 
0 -1 -1
    20     11      9     70     32      9      6    101    131     31      7      6    197    128     18      5     41     63     12 
  5618   5009   4809   8560   5440   4581   4185  11430   8230   5457   4573   4255  12900   8091   5075   4602  11054   8060   5501 
 17236  13361     51    149   4809   4581   5009   5440   5618   8560   5457   8230  11430  12900  11054   8091   8060   5075   5501   4602   4255   4573   4185  13454  26303      0      0  65535 
     0      0      0      0      0      0      0      0      0      0      0      0      0      0      0      0      0      0      0 
     0      0      0      0      0      0      0      0      0      0      0      0      0      0      0      0      0      0      0 
     0      0      0      0      0      0      0      0      0      0      0      0      0      0      0      0      0      0      0 
0 -1 -1
    21     11      9     74     34      9      6    110    140     31      7      6    215    137     18      5     46     66     12 
  5663   5011   4806   8827   5470   4578   4181  12041   8472   5474   4569   4250  13639   8289   5081   4597  11286   8213   5503 
 17236  13361     51    149   4806   4578   5011   5470   5663   8827   5474   8472  12041  13639  11286   8289   8213   5081   5503   4597   4250   4569   4181  13447  26303      0      0  65535 
     0      0      0      0      0      0      0      0      0      0      0      0      0      0      0      0      0      0      0 
     0      0      0      0      0      0      0      0      0      0      0      0      0      0      0      0      0      0      0 
     0      0      0      0      0      0      0      0      0      0      0      0      0      0      0      0      0      0      0 
0 -1 -1
    22     12      9     78     35      9      6    118    149     32      7      6    232    145     18      5     53     70     12 
  5701   5014   4804   9048   5499   4577   4180  12551   8695   5489   4569   4251  14349   8497   5089   4593  11599   8390   5514 
 17236  13361     51    149   4804   4577   5014   5499   5701   9048   5489   8695  12551  14349  11599   8497   8390   5089   5514   4593   4251   4569   4180  13449  26303      0      0  65535 
     0      0      0      0      0      0      0      0      0      0      0      0      0      0      0      0      0      0      0 
     0      0      0      0      0      0      0      0      0      0      0      0      0      0      0      0      0      0      0 
     0      0      0      0      0      0      0      0      0      0      0      0      0      0      0      0      0      0      0 
0 -1 -1
    22     12      9     82     36      9      5    125    156     32      7      6    248    153     19      5     60     73     13 
  5731   5015   4801   9243   5519   4575   4177  13014   8891   5501   4567   4247  15009   8677   5095   4592  11920   8543   5521 
 17236  13361     51    149   4801   4575   5015   5519   5731   9243   5501   8891  13014  15009  11920   8677   8543   5095   5521   4592   4247   4567   4177  13450  26303      0      0  65535 
     0      0      0      0      0      0      0      0      0      0      0      0      0      0      0      0      0      0      0 
     0      0      0      0      0      0      0      0      0      0      0      0      0      0      0      0      0      0      0 
     0      0      0      0      0      0      0      0      0      0      0      0      0      0      0      0      0      0      0 
0 -1 -1
    23     12      9     86     37      9      5    133    166     33      7      6    255    163     19      5     63     78     13 
  5768   5018   4798   9486   5547   4571   4176  13589   9144   5518   4565   4246  15853   8918   5103   4592  12067   8750   5534 
 17236  13361     51    149   4798   4571   5018   5547   5768   9486   5518   9144  13589  15853  12067   8918   8750   5103   5534   4592   4246   4565   4176  13449  26304      0      0  65535 
     0      0      0      0      0      0      0      0      0      0      0      0      0      0      0      0      0      0      0 
     0      0      0      0      0      0      0      0      0      0      0      0      0      0      0      0      0      0      0 
     0      0      0      0      0      0      0      0      0      0      0      0      0      0      0      0      0      0      0 
0 -1 -1
    23     12      9     90     37      9      5    140    173     34      7      6    255    171     19      5     67     82     13 
  5796   5019   4796   9678   5567   4570   4175  14069   9347   5532   4563   4246  16573   9115   5109   4593  12224   8917   5542 
 17236  13361     51    149   4796   4570   5019   5567   5796   9678   5532   9347  14069  16573  12224   9115   8917   5109   5542   4593   4246   4563   4175  13450  26304      0      0  65535 
     0      0      0      0      0      0      0      0      0      0      0      0      0      0      0      0      0      0      0 
     0      0      0      0      0      0      0      0      0      0      0      0      0      0      0      0      0      0      0 
     0      0      0      0      0      0      0      0      0      0      0      0      0      0      0      0      0      0      0 
0 -1 -1
    24     12      9     94     38      9      5    150    182     34      7      6    255    178     19      5     71     84     13 
  5834   5020   4795   9936   5589   4567   4170  14682   9567   5540   4559   4241  17317   9280   5108   4587  12431   9032   5542 
 17236  13361     51    149   4795   4567   5020   5589   5834   9936   5540   9567  14682  17317  12431   9280   9032   5108   5542   4587   4241   4559   4170  13451  26305      0      0  65535 
     0      0      0      0      0      0      0      0      0      0      0      0      0      0      0      0      0      0      0 
     0      0      0      0      0      0      0      0      0      0      0      0      0      0      0      0      0      0      0 
     0      0      0      0      0      0      0      0      0      0      0      0      0      0      0      0      0      0      0 
0 -1 -1
    24     12      9     99     39      9      5    159    190     34      7      6    255    185     19      5     75     86     13 
  5874   5022   4792  10206   5611   4564   4168  15301   9788   5548   4554   4238  18042   9445   5109   4584  12604   9141   5541 
 17236  13361     51    149   4792   4564   5022   5611   5874  10206   5548   9788  15301  18042  12604   9445   9141   5109   5541   4584   4238   4554   4168  13451  26303      0      0  65535 
     0      0      0      0      0      0      0      0      0      0      0      0      0      0      0      0      0      0      0 
     0      0      0      0      0      0      0      0      0      0      0      0      0      0      0      0      0      0      0 
     0      0      0      0      0      0      0      0      0      0      0      0      0      0      0      0      0      0      0 
0 -1 -1
    25     12      9    102     40      9      5    164    196     35      7      6    255    191     19      5     77     89     13 
  5904   5024   4792  10382   5630   4563   4168  15673   9955   5559   4554   4238  18551   9589   5113   4584  12707   9255   5545 
 17236  13361     51    149   4792   4563   5024   5630   5904  10382   5559   9955  15673  18551  12707   9589   9255   5113   5545   4584   4238   4554   4168  13451  26303      0      0  65535 
     0      0      0      0      0      0      0      0      0      0      0      0      0      0      0      0      0      0      0 
     0      0      0      0      0      0      0      0      0      0      0      0      0      0      0      0      0      0      0 
     0      0      0      0      0      0      0      0      0      0      0      0      0      0      0      0      0      0      0 
0 -1 -1
    25     12      9    106     41      9      5    170    203     35      7      6    255    197     20      5     80     91     13 
  5937   5027   4790  10565   5651   4564   4167  16019  10120   5569   4553   4237  19032   9729   5119   4583  12833   9357   5549 
 17236  13361     51    149   4790   4564   5027   5651   5937  10565   5569  10120  16019  19032  12833   9729   9357   5119   5549   4583   4237   4553   4167  13446  26304      0      1  65535 
     0      0      0      0      0      0      0      0      0      0      0      0      0      0      0      0      0      0      0 
     0      0      0      0      0      0      0      0      0      0      0      0      0      0      0      0      0      0      0 
     0      0      0      0      0      0      0      0      0      0      0      0      0      0      0      0      0      0      0 
0 -1 -1
    26     12      9    108     41      8      5    174    207     35      7      5    255    201     20      5     83     92     13 
  5955   5026   4792  10706   5662   4560   4166  16340  10241   5572   4549   4234  19434   9821   5116   4581  12942   9413   5547 
 17236  13361     51    149   4792   4560   5026   5662   5955  10706   5572  10241  16340  19434  12942   9821   9413   5116   5547   4581   4234   4549   4166  13444  26304      0      0  65535 
     0      0      0      0      0      0      0      0      0      0      0      0      0      0      0      0      0      0      0 
     0      0      0      0      0      0      0      0      0      0      0      0      0      0      0      0      0      0      0 
     0      0      0      0      0      0      0      0      0      0      0      0      0      0      0      0      0      0      0 
0 -1 -1
    26     12      9    111     42      8      5    181    213     35      6      5    255    205     19      5     87     94     13 
  5978   5028   4788  10891   5672   4558   4165  16778  10392   5572   4546   4232  19961   9930   5114   4578  13153   9480   5543 
 17236  13361     51    149   4788   4558   5028   5672   5978  10891   5572  10392  16778  19961  13153   9930   9480   5114   5543   4578   4232   4546   4165  13444  26304      0      0  65535 
     0      0      0      0      0      0      0      0      0      0      0      0      0      0      0      0      0      0      0 
     0      0      0      0      0      0      0      0      0      0      0      0      0      0      0      0      0      0      0 
     0      0      0      0      0      0      0      0      0      0      0      0      0      0      0      0      0      0      0 
0 -1 -1
    26     12      9    113     42      8      5    183    216     36      7      5    255    208     20      5     90     95     13 
  5996   5028   4787  10968   5681   4557   4163  16910  10467   5575   4547   4232  20196   9991   5115   4577  13282   9516   5542 
 17236  13361     51    149   4787   4557   5028   5681   5996  10968   5575  10467  16910  20196  13282   9991   9516   5115   5542   4577   4232   4547   4163  13440  26304      0      0  65535 
     0      0      0      0      0      0      0      0      0      0      0      0      0      0      0      0      0      0      0 
     0      0      0      0      0      0      0      0      0      0      0      0      0      0      0      0      0      0      0 
     0      0      0      0      0      0      0      0      0      0      0      0      0      0      0      0      0      0      0 
0 -1 -1
    27     12      9    115     42      8      5    186    219     35      6      5    255    210     19      4     92     95     13 
  6011   5029   4787  11076   5687   4555   4163  17129  10549   5572   4544   4231  20450  10044   5112   4575  13387   9535   5538 
 17236  13361     51    149   4787   4555   5029   5687   6011  11076   5572  10549  17129  20450  13387  10044   9535   5112   5538   4575   4231   4544   4163  13443  26304      0      0  65535 
     0      0      0      0      0      0      0      0      0      0      0      0      0      0      0      0      0      0      0 
     0      0      0      0      0      0      0      0      0      0      0      0      0      0      0      0      0      0      0 
     0      0      0      0      0      0      0      0      0      0      0      0      0      0      0      0      0      0      0 
0 -1 -1
    27     12      9    118     43      8      5    191    223     36      6      5    255    213     19      4     93     95     13 
  6041   5032   4788  11258   5705   4553   4162  17433  10671   5577   4542   4229  20714  10105   5109   4574  13421   9542   5535 
 17236  13361     51    149   4788   4553   5032   5705   6041  11258   5577  10671  17433  20714  13421  10105   9542   5109   5535   4574   4229   4542   4162  13443  26304      0      0  65535 
     0      0      0      0      0      0      0      0      0      0      0      0      0      0      0      0      0      0      0 
     0      0      0      0      0      0      0      0      0      0      0      0      0      0      0      0      0      0      0 
     0      0      0      0      0      0      0      0      0      0      0      0      0      0      0      0      0      0      0 
0 -1 -1
    27     12      9    121     43      8      5    194    227     36      6      5    255    214     19      4     94     95     13 
  6071   5034   4789  11411   5718   4554   4161  17685  10768   5580   4542   4229  20906  10148   5107   4572  13474   9538   5529 
 17236  13361     51    149   4789   4554   5034   5718   6071  11411   5580  10768  17685  20906  13474  10148   9538   5107   5529   4572   4229   4542   4161  13443  26304      0      0  65535 
     0      0      0      0      0      0      0      0      0      0      0      0      0      0      0      0      0      0      0 
     0      0      0      0      0      0      0      0      0      0      0      0      0      0      0      0      0      0      0 
     0      0      0      0      0      0      0      0      0      0      0      0      0      0      0      0      0      0      0 
0 -1 -1
    28     12      9    122     43      8      5    195    228     36      6      5    255    214     19      4     93     94     13 
  6072   5033   4791  11458   5721   4552   4160  17739  10783   5580   4540   4226  20882  10134   5105   4569  13419   9509   5526 
 17236  13361     51    149   4791   4552   5033   5721   6072  11458   5580  10783  17739  20882  13419  10134   9509   5105   5526   4569   4226   4540   4160  13443  26304      0      0  65535 
     0      0      0      0      0      0      0      0      0      0      0      0      0      0      0      0      0      0      0 
     0      0      0      0      0      0      0      0      0      0      0      0      0      0      0      0      0      0      0 
     0      0      0      0      0      0      0      0      0      0      0      0      0      0      0      0      0      0      0 
0 -1 -1
    27     12      9    120     43      8      5    192    226     36      6      5    255    213     19      4     91     94     13 
  6060   5032   4790  11387   5713   4552   4162  17542  10735   5578   4541   4225  20683  10107   5104   4569  13308   9502   5524 
 17236  13361     51    149   4790   4552   5032   5713   6060  11387   5578  10735  17542  20683  13308  10107   9502   5104   5524   4569   4225   4541   4162  13440  26303      0      0  65535 
     0      0      0      0      0      0      0      0      0      0      0      0      0      0      0      0      0      0      0 
     0      0      0      0      0      0      0      0      0      0      0      0      0      0      0      0      0      0      0 
     0      0      0      0      0      0      0      0      0      0      0      0      0      0      0      0      0      0      0 
0 -1 -1
    27     12      9    117     43      8      5    186    221     35      6      5    255    210     19      4     87     94     13 
  6029   5031   4786  11202   5698   4549   4160  17124  10616   5570   4540   4226  20311  10045   5105   4570  13133   9489   5525 
 17236  13361     51    149   4786   4549   5031   5698   6029  11202   5570  10616  17124  20311  13133  10045   9489   5105   5525   4570   4226   4540   4160  13441  26303      0      1  65535 
     0      0      0      0      0      0      0      0      0      0      0      0      0      0      0      0      0      0      0 
     0      0      0      0      0      0      0      0      0      0      0      0      0      0      0      0      0      0      0 
     0      0      0      0      0      0      0      0      0      0      0      0      0      0      0      0      0      0      0 
0 -1 -1
    26     12      9    115     42      8      5    182    216     35      6      5    255    205     19      4     83     92     12 
  5998   5024   4787  11062   5677   4549   4161  16819  10489   5559   4538   4223  19893   9929   5097   4568  12971   9392   5517 
 17236  13361     51    149   4787   4549   5024   5677   5998  11062   5559  10489  16819  19893  12971   9929   9392   5097   5517   4568   4223   4538   4161  13451  26303      0      0  65535 
     0      0      0      0      0      0      0      0      0      0      0      0      0      0      0      0      0      0      0 
     0      0      0      0      0      0      0      0      0      0      0      0      0      0      0      0      0      0      0 
     0      0      0      0      0      0      0      0      0      0      0      0      0      0      0      0      0      0      0 
0 -1 -1
    26     12      9    115     42      8      5    182    216     35      6      5    255    202     19      4     81     90     12 
  6007   5023   4784  11115   5681   4549   4160  16826  10472   5557   4538   4222  19655   9854   5092   4565  12862   9284   5507 
 17236  13361     51    149   4784   4549   5023   5681   6007  11115   5557  10472  16826  19655  12862   9854   9284   5092   5507   4565   4222   4538   4160  13471  26305      0      0  65535 
     0      0      0      0      0      0      0      0      0      0      0      0      0      0      0      0      0      0      0 
     0      0      0      0      0      0      0      0      0      0      0      0      0      0      0      0      0      0      0 
     0      0      0      0      0      0      0      0      0      0      0      0      0      0      0      0      0      0      0 
0 -1 -1
    27     12      9    118     42      8      5    185    219     35      6      5    255    202     19      4     81     89     12 
  6030   5022   4785  11273   5694   4547   4158  17024  10547   5561   4537   4220  19638   9858   5091   4563  12859   9235   5500 
 17236  13361     51    149   4785   4547   5022   5694   6030  11273   5561  10547  17024  19638  12859   9858   9235   5091   5500   4563   4220   4537   4158  13445  26304      0      0  65535 
     0      0      0      0      0      0      0      0      0      0      0      0      0      0      0      0      0      0      0 
     0      0      0      0      0      0      0      0      0      0      0      0      0      0      0      0      0      0      0 
     0      0      0      0      0      0      0      0      0      0      0      0      0      0      0      0      0      0      0 
0 -1 -1
    27     12      9    118     43      8      5    184    220     35      6      5    255    204     19      4     81     90     12 
  6028   5019   4783  11266   5697   4547   4158  16973  10570   5565   4535   4218  19633   9905   5093   4562  12864   9291   5503 
 17236  13361     51    149   4783   4547   5019   5697   6028  11266   5565  10570  16973  19633  12864   9905   9291   5093   5503   4562   4218   4535   4158  13446  26304      0      0  65535 
     0      0      0      0      0      0      0      0      0      0      0      0      0      0      0      0      0      0      0 
     0      0      0      0      0      0      0      0      0      0      0      0      0      0      0      0      0      0      0 
     0      0      0      0      0      0      0      0      0      0      0      0      0      0      0      0      0      0      0 
0 -1 -1
    27     12      9    118     42      8      5    183    219     35      6      5    255    205     19      4     81     90     12 
  6020   5019   4781  11231   5692   4545   4156  16900  10561   5563   4535   4218  19633   9922   5093   4562  12875   9320   5503 
 17236  13361     51    149   4781   4545   5019   5692   6020  11231   5563  10561  16900  19633  12875   9922   9320   5093   5503   4562   4218   4535   4156  13446  26304      0      0  65535 
     0      0      0      0      0      0      0      0      0      0      0      0      0      0      0      0      0      0      0 
     0      0      0      0      0      0      0      0      0      0      0      0      0      0      0      0      0      0      0 
     0      0      0      0      0      0      0      0      0      0      0      0      0      0      0      0      0      0      0 
0 -1 -1
    27     12      9    117     42      8      5    183    219     35      6      5    255    206     19      4     83     91     12 
  6009   5018   4778  11204   5685   4543   4154  16937  10567   5558   4532   4216  19795   9954   5092   4561  12947   9364   5503 
 17236  13361     51    149   4778   4543   5018   5685   6009  11204   5558  10567  16937  19795  12947   9954   9364   5092   5503   4561   4216   4532   4154  13446  26305      0      0  65535 
     0      0      0      0      0      0      0      0      0      0      0      0      0      0      0      0      0      0      0 
     0      0      0      0      0      0      0      0      0      0      0      0      0      0      0      0      0      0      0 
     0      0      0      0      0      0      0      0      0      0      0      0      0      0      0      0      0      0      0 
0 -1 -1
    26     11      9    117     42      8      5    185    220     35      6      5    255    207     18      4     87     92     12 
  6001   5012   4776  11204   5675   4539   4152  17049  10578   5551   4529   4215  20001   9970   5086   4557  13118   9377   5499 
 17236  13361     51    149   4776   4539   5012   5675   6001  11204   5551  10578  17049  20001  13118   9970   9377   5086   5499   4557   4215   4529   4152  13446  26304      0      0  65535 
     0      0      0      0      0      0      0      0      0      0      0      0      0      0      0      0      0      0      0 
     0      0      0      0      0      0      0      0      0      0      0      0      0      0      0      0      0      0      0 
     0      0      0      0      0      0      0      0      0      0      0      0      0      0      0      0      0      0      0 
0 -1 -1
    26     11      9    118     42      8      5    186    220     34      6      5    255    206     18      4     86     91     12 
  6006   5009   4774  11237   5675   4539   4151  17098  10588   5546   4527   4213  20000   9958   5085   4555  13075   9350   5494 
 17236  13361     51    150   4774   4539   5009   5675   6006  11237   5546  10588  17098  20000  13075   9958   9350   5085   5494   4555   4213   4527   4151  13447  26303      0      0  65535 
     0      0      0      0      0      0      0      0      0      0      0      0      0      0      0      0      0      0      0 
     0      0      0      0      0      0      0      0      0      0      0      0      0      0      0      0      0      0      0 
     0      0      0      0      0      0      0      0      0      0      0      0      0      0      0      0      0      0      0 
0 -1 -1
    27     12      9    118     42      8      5    184    220     35      6      5    255    205     18      4     82     90     12 
  6008   5013   4774  11233   5680   4538   4151  16962  10569   5551   4530   4212  19773   9929   5085   4555  12924   9326   5494 
 17236  13361     51    149   4774   4538   5013   5680   6008  11233   5551  10569  16962  19773  12924   9929   9326   5085   5494   4555   4212   4530   4151  13447  26303      0      1  65535 
     0      0      0      0      0      0      0      0      0      0      0      0      0      0      0      0      0      0      0 
     0      0      0      0      0      0      0      0      0      0      0      0      0      0      0      0      0      0      0 
     0      0      0      0      0      0      0      0      0      0      0      0      0      0      0      0      0      0      0 
0 -1 -1
    26     11      9    115     42      8      5    176    214     34      6      5    255    200     18      4     77     89     12 
  5988   5009   4774  11070   5674   4540   4150  16426  10432   5549   4530   4212  19115   9817   5088   4557  12695   9253   5492 
 17236  13361     51    149   4774   4540   5009   5674   5988  11070   5549  10432  16426  19115  12695   9817   9253   5088   5492   4557   4212   4530   4150  13447  26304      0      1  65535 
     0      0      0      0      0      0      0      0      0      0      0      0      0      0      0      0      0      0      0 
     0      0      0      0      0      0      0      0      0      0      0      0      0      0      0      0      0      0      0 
     0      0      0      0      0      0      0      0      0      0      0      0      0      0      0      0      0      0      0 
0 -1 -1
    25     11      9    108     41      8      5    161    202     34      6      5    255    190     18      4     70     86     12 
  5934   5007   4776  10686   5649   4542   4153  15410  10112   5544   4532   4215  17901   9574   5088   4558  12354   9097   5492 
 17236  13361     51    149   4776   4542   5007   5649   5934  10686   5544  10112  15410  17901  12354   9574   9097   5088   5492   4558   4215   4532   4153  13448  26303      0      0  65535 
     0      0      0      0      0      0      0      0      0      0      0      0      0      0      0      0      0      0      0 
     0      0      0      0      0      0      0      0      0      0      0      0      0      0      0      0      0      0      0 
     0      0      0      0      0      0      0      0      0      0      0      0      0      0      0      0      0      0      0 
0 -1 -1
    24     11      9    100     40      8      5    143    190     34      6      5    255    182     19      4     62     84     12 
  5878   5005   4777  10232   5628   4549   4155  14254   9778   5547   4537   4216  16672   9371   5099   4563  12007   9017   5499 
 17236  13361     51    149   4777   4549   5005   5628   5878  10232   5547   9778  14254  16672  12007   9371   9017   5099   5499   4563   4216   4537   4155  13449  26304      0      0  65535 
     0      0      0      0      0      0      0      0      0      0      0      0      0      0      0      0      0      0      0 
     0      0      0      0      0      0      0      0      0      0      0      0      0      0      0      0      0      0      0 
     0      0      0      0      0      0      0      0      0      0      0      0      0      0      0      0      0      0      0 
0 -1 -1
    23     11      9     87     37      8      5    125    168     32      6      5    254    163     18      4     54     78     12 
  5752   4995   4777   9554   5546   4546   4155  13000   9209   5503   4539   4216  15288   8928   5079   4561  11629   8729   5485 
 17236  13361     51    149   4777   4546   4995   5546   5752   9554   5503   9209  13000  15288  11629   8928   8729   5079   5485   4561   4216   4539   4155  13451  26304      0      0  65535 
     0      0      0      0      0      0      0      0      0      0      0      0      0      0      0      0      0      0      0 
     0      0      0      0      0      0      0      0      0      0      0      0      0      0      0      0      0      0      0 
     0      0      0      0      0      0      0      0      0      0      0      0      0      0      0      0      0      0      0 
0 -1 -1
    20     11      8     74     32      8      5    110    144     29      6      5    228    142     16      4     47     69     11 
  5588   4970   4765   8821   5418   4535   4150  11999   8567   5420   4529   4212  14176   8409   5032   4554  11338   8343   5445 
 17236  13361     51    149   4765   4535   4970   5418   5588   8821   5420   8567  11999  14176  11338   8409   8343   5032   5445   4554   4212   4529   4150  13451  26304      0      0  65535 
     0      0      0      0      0      0      0      0      0      0      0      0      0      0      0      0      0      0      0 
     0      0      0      0      0      0      0      0      0      0      0      0      0      0      0      0      0      0      0 
     0      0      0      0      0      0      0      0      0      0      0      0      0      0      0      0      0      0      0 
0 -1 -1
    19     10      8     69     29      7      5    108    133     26      5      5    223    131     15      4     46     64     11 
  5507   4952   4755   8551   5347   4523   4144  11872   8296   5362   4519   4206  13981   8156   4997   4544  11281   8118   5410 
 17236  13361     51    149   4755   4523   4952   5347   5507   8551   5362   8296  11872  13981  11281   8156   8118   4997   5410   4544   4206   4519   4144  13452  26304      0      0  65535 
     0      0      0      0      0      0      0      0      0      0      0      0      0      0      0      0      0      0      0 
     0      0      0      0      0      0      0      0      0      0      0      0      0      0      0      0      0      0      0 
     0      0      0      0      0      0      0      0      0      0      0      0      0      0      0      0      0      0      0 
0 -1 -1
    18     10      8     64     26      7      5    102    122     24      5      4    212    120     14      4     44     59     10 
  5431   4933   4744   8248   5282   4512   4137  11517   7997   5312   4511   4200  13533   7882   4967   4536  11174   7889   5381 
 17236  13361     51    149   4744   4512   4933   5282   5431   8248   5312   7997  11517  13533  11174   7882   7889   4967   5381   4536   4200   4511   4137  13450  26304      0      0  65535 
     0      0      0      0      0      0      0      0      0      0      0      0      0      0      0      0      0      0      0 
     0      0      0      0      0      0      0      0      0      0      0      0      0      0      0      0      0      0      0 
     0      0      0      0      0      0      0      0      0      0      0      0      0      0      0      0      0      0      0 
0 -1 -1
    16      9      8     57     24      6      4     92    110     23      5      4    194    109     13      4     39     55     10 
  5359   4923   4737   7882   5231   4506   4134  10791   7674   5279   4507   4200  12746   7631   4950   4534  10969   7711   5367 
 17236  13361     51    149   4737   4506   4923   5231   5359   7882   5279   7674  10791  12746  10969   7631   7711   4950   5367   4534   4200   4507   4134  13444  26303      0      0  65535 
     0      0      0      0      0      0      0      0      0      0      0      0      0      0      0      0      0      0      0 
     0      0      0      0      0      0      0      0      0      0      0      0      0      0      0      0      0      0      0 
     0      0      0      0      0      0      0      0      0      0      0      0      0      0      0      0      0      0      0 
0 -1 -1
    16      9      8     52     22      6      4     83     99     21      5      4    175     98     12      4     35     50     10 
  5303   4911   4731   7599   5188   4503   4132  10211   7385   5244   4503   4195  11984   7365   4928   4527  10789   7479   5343 
 17236  13361     51    149   4731   4503   4911   5188   5303   7599   5244   7385  10211  11984  10789   7365   7479   4928   5343   4527   4195   4503   4132  13443  26303      0      0  65535 
     0      0      0      0      0      0      0      0      0      0      0      0      0      0      0      0      0      0      0 
     0      0      0      0      0      0      0      0      0      0      0      0      0      0      0      0      0      0      0 
     0      0      0      0      0      0      0      0      0      0      0      0      0      0      0      0      0      0      0 
0 -1 -1
    14      9      8     47     20      6      4     74     85     19      4      4    153     82     10      3     30     42      9 
  5233   4894   4721   7290   5127   4491   4125   9628   7022   5189   4491   4188  11028   6972   4887   4516  10545   7098   5292 
 17236  13361     51    149   4721   4491   4894   5127   5233   7290   5189   7022   9628  11028  10545   6972   7098   4887   5292   4516   4188   4491   4125  13443  26303      0      0  65535 
     0      0      0      0      0      0      0      0      0      0      0      0      0      0      0      0      0      0      0 
     0      0      0      0      0      0      0      0      0      0      0      0      0      0      0      0      0      0      0 
     0      0      0      0      0      0      0      0      0      0      0      0      0      0      0      0      0      0      0 
0 -1 -1
    13      8      7     41     18      5      4     65     73     17      4      4    131     68      9      3     25     36      8 
  5166   4879   4711   6980   5071   4480   4117   9012   6690   5142   4480   4182  10119   6656   4854   4503  10321   6815   5254 
 17236  13361     51    149   4711   4480   4879   5071   5166   6980   5142   6690   9012  10119  10321   6656   6815   4854   5254   4503   4182   4480   4117  13443  26304      0      0  65535 
     0      0      0      0      0      0      0      0      0      0      0      0      0      0      0      0      0      0      0 
     0      0      0      0      0      0      0      0      0      0      0      0      0      0      0      0      0      0      0 
     0      0      0      0      0      0      0      0      0      0      0      0      0      0      0      0      0      0      0 
0 -1 -1
    12      8      7     36     16      5      4     56     63     16      4      4    114     60      8      3     21     33      8 
  5099   4865   4704   6687   5024   4471   4112   8415   6430   5108   4475   4176   9397   6455   4837   4498  10164   6662   5236 
 17236  13361     51    149   4704   4471   4865   5024   5099   6687   5108   6430   8415   9397  10164   6455   6662   4837   5236   4498   4176   4475   4112  13445  26304      0      0  65535 
     0      0      0      0      0      0      0      0      0      0      0      0      0      0      0      0      0      0      0 
     0      0      0      0      0      0      0      0      0      0      0      0      0      0      0      0      0      0      0 
     0      0      0      0      0      0      0      0      0      0      0      0      0      0      0      0      0      0      0 
0 -1 -1
    12      8      7     33     15      5      4     50     57     15      4      4    103     55      8      3     19     31      8 
  5052   4856   4696   6496   4993   4466   4108   8013   6271   5088   4471   4175   8955   6340   4826   4496  10062   6587   5227 
 17236  13361     51    149   4696   4466   4856   4993   5052   6496   5088   6271   8013   8955  10062   6340   6587   4826   5227   4496   4175   4471   4108  13470  26304      0      0  65535 
     0      0      0      0      0      0      0      0      0      0      0      0      0      0      0      0      0      0      0 
     0      0      0      0      0      0      0      0      0      0      0      0      0      0      0      0      0      0      0 
     0      0      0      0      0      0      0      0      0      0      0      0      0      0      0      0      0      0      0 
0 -1 -1
    11      8      7     29     13      5      4     43     50     13      4      4     89     48      7      3     16     28      8 
  5000   4844   4690   6281   4961   4459   4102   7556   6078   5060   4466   4173   8373   6177   4811   4491   9940   6455   5209 
 17236  13361     51    149   4690   4459   4844   4961   5000   6281   5060   6078   7556   8373   9940   6177   6455   4811   5209   4491   4173   4466   4102  13452  26304      0      0  65535 
     0      0      0      0      0      0      0      0      0      0      0      0      0      0      0      0      0      0      0 
     0      0      0      0      0      0      0      0      0      0      0      0      0      0      0      0      0      0      0 
     0      0      0      0      0      0      0      0      0      0      0      0      0      0      0      0      0      0      0 
0 -1 -1
    10      7      7     25     12      4      4     37     43     12      3      4     76     41      7      3     13     25      7 
  4955   4833   4683   6099   4927   4451   4102   7158   5900   5034   4457   4170   7818   6008   4790   4483   9806   6301   5187 
 17236  13361     51    149   4683   4451   4833   4927   4955   6099   5034   5900   7158   7818   9806   6008   6301   4790   5187   4483   4170   4457   4102  13442  26304      0      0  65535 
     0      0      0      0      0      0      0      0      0      0      0      0      0      0      0      0      0      0      0 
     0      0      0      0      0      0      0      0      0      0      0      0      0      0      0      0      0      0      0 
     0      0      0      0      0      0      0      0      0      0      0      0      0      0      0      0      0      0      0 
0 -1 -1
     9      7      7     22     11      4      4     31     36     11      3      3     62     34      6      3     11     21      7 
  4910   4820   4677   5913   4890   4443   4093   6750   5712   5001   4450   4164   7220   5833   4769   4476   9685   6132   5157 
 17236  13361     51    149   4677   4443   4820   4890   4910   5913   5001   5712   6750   7220   9685   5833   6132   4769   5157   4476   4164   4450   4093  13441  26303      0      0  65535 
     0      0      0      0      0      0      0      0      0      0      0      0      0      0      0      0      0      0      0 
     0      0      0      0      0      0      0      0      0      0      0      0      0      0      0      0      0      0      0 
     0      0      0      0      0      0      0      0      0      0      0      0      0      0      0      0      0      0      0 
0 -1 -1
     9      7      6     19     10      4      3     26     30     10      3      3     50     28      5      2      8     18      6 
  4877   4810   4669   5767   4863   4437   4088   6415   5564   4976   4441   4157   6709   5679   4746   4465   9578   5979   5123 
 17236  13361     51    149   4669   4437   4810   4863   4877   5767   4976   5564   6415   6709   9578   5679   5979   4746   5123   4465   4157   4441   4088  13441  26302      0      0  65535 
     0      0      0      0      0      0      0      0      0      0      0      0      0      0      0      0      0      0      0 
     0      0      0      0      0      0      0      0      0      0      0      0      0      0      0      0      0      0      0 
     0      0      0      0      0      0      0      0      0      0      0      0      0      0      0      0      0      0      0 
0 -1 -1
     8      7      6     16      8      3      3     20     23      8      2      3     36     19      3      2      6     14      6 
  4825   4796   4663   5574   4823   4425   4080   6011   5369   4935   4426   4150   6137   5483   4714   4451   9469   5780   5073 
 17236  13361     51    150   4663   4425   4796   4823   4825   5574   4935   5369   6011   6137   9469   5483   5780   4714   5073   4451   4150   4426   4080  13441  26302      0      0  65535 
     0      0      0      0      0      0      0      0      0      0      0      0      0      0      0      0      0      0      0 
     0      0      0      0      0      0      0      0      0      0      0      0      0      0      0      0      0      0      0 
     0      0      0      0      0      0      0      0      0      0      0      0      0      0      0      0      0      0      0 
0 -1 -1
     7      6      6     12      6      3      3     15     16      6      1      3     26     13      2      2      4     10      5 
  4764   4777   4651   5373   4774   4412   4068   5667   5194   4892   4410   4137   5704   5326   4680   4433   9368   5620   5028 
 17236  13361     51    149   4651   4412   4777   4774   4764   5373   4892   5194   5667   5704   9368   5326   5620   4680   5028   4433   4137   4410   4068  13444  26303      0      0  65535 
     0      0      0      0      0      0      0      0      0      0      0      0      0      0      0      0      0      0      0 
     0      0      0      0      0      0      0      0      0      0      0      0      0      0      0      0      0      0      0 
     0      0      0      0      0      0      0      0      0      0      0      0      0      0      0      0      0      0      0 
0 -1 -1
     6      5      6      8      4      2      3     10      9      4      1      2     16      6      0      1      1      7      4 
  4677   4744   4630   5145   4712   4387   4053   5317   5004   4835   4387   4124   5307   5168   4639   4407   9262   5462   4968 
 17236  13361     51    149   4630   4387   4744   4712   4677   5145   4835   5004   5317   5307   9262   5168   5462   4639   4968   4407   4124   4387   4053  13446  26304      0      0  65535 
     0      0      0      0      0      0      0      0      0      0      0      0      0      0      0      0      0      0      0 
     0      0      0      0      0      0      0      0      0      0      0      0      0      0      0      0      0      0      0 
     0      0      0      0      0      0      0      0      0      0      0      0      0      0      0      0      0      0      0 
0 -1 -1
     5      5      5      7      3      2      2      9      7      3      0      2     14      5      0      1      1      6      4 
  4654   4731   4618   5092   4695   4376   4043   5237   4965   4819   4377   4115   5219   5135   4625   4399   9247   5424   4948 
 17236  13361     51    149   4618   4376   4731   4695   4654   5092   4819   4965   5237   5219   9247   5135   5424   4625   4948   4399   4115   4377   4043  13446  26304      0      0  65535 
     0      0      0      0      0      0      0      0      0      0      0      0      0      0      0      0      0      0      0 
     0      0      0      0      0      0      0      0      0      0      0      0      0      0      0      0      0      0      0 
     0      0      0      0      0      0      0      0      0      0      0      0      0      0      0      0      0      0      0 
0 -1 -1
     4      4      5      5      1      1      2      5      3      1      0      1      9      0      0      1      0      3      3 
  4583   4700   4596   4940   4642   4353   4023   5024   4848   4768   4351   4097   4985   5029   4588   4369   9203   5306   4887 
 17236  13361     51    150   4596   4353   4700   4642   4583   4940   4768   4848   5024   4985   9203   5029   5306   4588   4887   4369   4097   4351   4023  13446  26304      0      0  65535 
     0      0      0      0      0      0      0      0      0      0      0      0      0      0      0      0      0      0      0 
     0      0      0      0      0      0      0      0      0      0      0      0      0      0      0      0      0      0      0 
     0      0      0      0      0      0      0      0      0      0      0      0      0      0      0      0      0      0      0 
0 -1 -1
     3      3      4      2      0      0      1      3      0      0      0      0      4      0      0      0      0      1      1 
  4478   4633   4546   4779   4570   4308   3982   4831   4735   4692   4303   4061   4779   4939   4532   4320   9152   5186   4797 
 17236  13361     51    149   4546   4308   4633   4570   4478   4779   4692   4735   4831   4779   9152   4939   5186   4532   4797   4320   4061   4303   3982  13446  26304      0      0  65535 
     0      0      0      0      0      0      0      0      0      0      0      0      0      0      0      0      0      0      0 
     0      0      0      0      0      0      0      0      0      0      0      0      0      0      0      0      0      0      0 
     0      0      0      0      0      0      0      0      0      0      0      0      0      0      0      0      0      0      0 
0 -1 -1
     1      1      2      0      0      0      0      1      0      0      0      0      1      0      0      0      0      0      0 
  4383   4556   4479   4677   4516   4260   3934   4709   4673   4636   4259   4017   4671   4891   4487   4270   9134   5105   4714 
 17236  13361     51    150   4479   4260   4556   4516   4383   4677   4636   4673   4709   4671   9134   4891   5105   4487   4714   4270   4017   4259   3934  13446  26304      0      0  65535 
     0      0      0      0      0      0      0      0      0      0      0      0      0      0      0      0      0      0      0 
     0      0      0      0      0      0      0      0      0      0      0      0      0      0      0      0      0      0      0 
     0      0      0      0      0      0      0      0      0      0      0      0      0      0      0      0      0      0      0 
0 -1 -1
     0      0      1      0      0      0      0      0      0      0      0      0      0      0      0      0      0      0      0 
  4337   4512   4437   4640   4495   4236   3903   4662   4658   4616   4235   3992   4636   4880   4475   4243   9126   5074   4672 
 17236  13361     51    150   4437   4236   4512   4495   4337   4640   4616   4658   4662   4636   9126   4880   5074   4475   4672   4243   3992   4235   3903  13446  26304      0      0  65535 
     0      0      0      0      0      0      0      0      0      0      0      0      0      0      0      0      0      0      0 
     0      0      0      0      0      0      0      0      0      0      0      0      0      0      0      0      0      0      0 
     0      0      0      0      0      0      0      0      0      0      0      0      0      0      0      0      0      0      0 
0 -1 -1
     0      0      0      0      0      0      0      0      0      0      0      0      0      0      0      0      0      0      0 
  4281   4463   4379   4594   4472   4210   3857   4599   4638   4596   4203   3949   4585   4862   4452   4203   9130   5032   4610 
 17236  13361     51    150   4379   4210   4463   4472   4281   4594   4596   4638   4599   4585   9130   4862   5032   4452   4610   4203   3949   4203   3857  13447  26304      0      0  65535 
     0      0      0      0      0      0      0      0      0      0      0      0      0      0      0      0      0      0      0 
     0      0      0      0      0      0      0      0      0      0      0      0      0      0      0      0      0      0      0 
     0      0      0      0      0      0      0      0      0      0      0      0      0      0      0      0      0      0      0 
0 -1 -1
     0      0      0      0      0      0      0      0      0      0      0      0      0      0      0      0      0      0      0 
  4212   4398   4302   4538   4449   4174   3801   4520   4613   4576   4169   3897   4498   4842   4425   4160   9148   4975   4537 
 17236  13361     51    150   4302   4174   4398   4449   4212   4538   4576   4613   4520   4498   9148   4842   4975   4425   4537   4160   3897   4169   3801  13447  26304      0      0  65535 
     0      0      0      0      0      0      0      0      0      0      0      0      0      0      0      0      0      0      0 
     0      0      0      0      0      0      0      0      0      0      0      0      0      0      0      0      0      0      0 
     0      0      0      0      0      0      0      0      0      0      0      0      0      0      0      0      0      0      0 
0 -1 -1
     0      0      0      0      0      0      0      0      0      0      0      0      0      0      0      0      0      0      0 
  4142   4331   4209   4476   4428   4140   3738   4465   4583   4543   4129   3851   4411   4803   4397   4112   9142   4916   4464 
 17236  13361     51    150   4209   4140   4331   4428   4142   4476   4543   4583   4465   4411   9142   4803   4916   4397   4464   4112   3851   4129   3738  13447  26304      0      0  65535 
     0      0      0      0      0      0      0      0      0      0      0      0      0      0      0      0      0      0      0 
     0      0      0      0      0      0      0      0      0      0      0      0      0      0      0      0      0      0      0 
     0      0      0      0      0      0      0      0      0      0      0      0      0      0      0      0      0      0      0 
0 -1 -1
     0      0      0      0      0      0      0      0      0      0      0      0      0      0      0      0      0      0      0 
  4079   4256   4124   4421   4382   4086   3658   4423   4545   4486   4063   3790   4382   4772   4341   4069   9143   4901   4430 
 17236  13361     51    150   4124   4086   4256   4382   4079   4421   4486   4545   4423   4382   9143   4772   4901   4341   4430   4069   3790   4063   3658  13448  26303      0      0  65535 
     0      0      0      0      0      0      0      0      0      0      0      0      0      0      0      0      0      0      0 
     0      0      0      0      0      0      0      0      0      0      0      0      0      0      0      0      0      0      0 
     0      0      0      0      0      0      0      0      0      0      0      0      0      0      0      0      0      0      0 
0 -1 -1
     0      0      0      0      0      0      0      0      0      0      0      0      0      0      0      0      0      0      0 
  4058   4197   4089   4422   4366   4050   3646   4421   4542   4485   4050   3781   4383   4770   4334   4075   9148   4903   4434 
 17236  13361     51    150   4089   4050   4197   4366   4058   4422   4485   4542   4421   4383   9148   4770   4903   4334   4434   4075   3781   4050   3646  13448  26303      0      0  65535 
     0      0      0      0      0      0      0      0      0      0      0      0      0      0      0      0      0      0      0 
     0      0      0      0      0      0      0      0      0      0      0      0      0      0      0      0      0      0      0 
     0      0      0      0      0      0      0      0      0      0      0      0      0      0      0      0      0      0      0 
0 -1 -1
     0      0      0      0      0      0      0      0      0      0      0      0      0      0      0      0      0      0      0 
  4057   4198   4086   4421   4363   4048   3646   4419   4540   4482   4051   3781   4381   4768   4334   4073   9155   4904   4436 
 17236  13361     51    150   4086   4048   4198   4363   4057   4421   4482   4540   4419   4381   9155   4768   4904   4334   4436   4073   3781   4051   3646  13450  26303      0      0  65535 
     0      0      0      0      0      0      0      0      0      0      0      0      0      0      0      0      0      0      0 
     0      0      0      0      0      0      0      0      0      0      0      0      0      0      0      0      0      0      0 
     0      0      0      0      0      0      0      0      0      0      0      0      0      0      0      0      0      0      0 
0 -1 -1
     0      0      0      0      0      0      0      0      0      0      0      0      0      0      0      0      0      0      0 
  4057   4196   4086   4420   4363   4048   3644   4420   4540   4483   4049   3780   4381   4768   4334   4073   9164   4902   4435 
 17236  13361     51    150   4086   4048   4196   4363   4057   4420   4483   4540   4420   4381   9164   4768   4902   4334   4435   4073   3780   4049   3644  13450  26303      0      0  65535 
     0      0      0      0      0      0      0      0      0      0      0      0      0      0      0      0      0      0      0 
     0      0      0      0      0      0      0      0      0      0      0      0      0      0      0      0      0      0      0 
     0      0      0      0      0      0      0      0      0      0      0      0      0      0      0      0      0      0      0 
0 -1 -1
     0      0      0      0      0      0      0      0      0      0      0      0      0      0      0      0      0      0      0 
  4057   4194   4084   4418   4361   4046   3643   4419   4540   4481   4048   3780   4380   4768   4332   4072   9170   4900   4433 
 17236  13361     51    150   4084   4046   4194   4361   4057   4418   4481   4540   4419   4380   9170   4768   4900   4332   4433   4072   3780   4048   3643  13466  26303      0      0  65535 
     0      0      0      0      0      0      0      0      0      0      0      0      0      0      0      0      0      0      0 
     0      0      0      0      0      0      0      0      0      0      0      0      0      0      0      0      0      0      0 
     0      0      0      0      0      0      0      0      0      0      0      0      0      0      0      0      0      0      0 
0 -1 -1
     0      0      0      0      0      0      0      0      0      0      0      0      0      0      0      0      0      0      0 
  4055   4194   4083   4417   4361   4045   3644   4419   4538   4481   4047   3779   4379   4767   4332   4071   9167   4899   4433 
 17236  13361     51    150   4083   4045   4194   4361   4055   4417   4481   4538   4419   4379   9167   4767   4899   4332   4433   4071   3779   4047   3644  13468  26304      0      0  65535 
     0      0      0      0      0      0      0      0      0      0      0      0      0      0      0      0      0      0      0 
     0      0      0      0      0      0      0      0      0      0      0      0      0      0      0      0      0      0      0 
     0      0      0      0      0      0      0      0      0      0      0      0      0      0      0      0      0      0      0 
0 -1 -1
     0      0      0      0      0      0      0      0      0      0      0      0      0      0      0      0      0      0      0 
  4053   4193   4084   4417   4360   4044   3644   4417   4538   4478   4047   3779   4379   4767   4331   4069   9177   4900   4433 
 17236  13361     51    150   4084   4044   4193   4360   4053   4417   4478   4538   4417   4379   9177   4767   4900   4331   4433   4069   3779   4047   3644  13443  26303      0      0  65535 
     0      0      0      0      0      0      0      0      0      0      0      0      0      0      0      0      0      0      0 
     0      0      0      0      0      0      0      0      0      0      0      0      0      0      0      0      0      0      0 
     0      0      0      0      0      0      0      0      0      0      0      0      0      0      0      0      0      0      0 
0 -1 -1
     0      0      0      0      0      0      0      0      0      0      0      0      0      0      0      0      0      0      0 
  4055   4192   4082   4416   4361   4046   3643   4415   4537   4479   4047   3777   4378   4764   4331   4070   9180   4898   4433 
 17236  13361     51    150   4082   4046   4192   4361   4055   4416   4479   4537   4415   4378   9180   4764   4898   4331   4433   4070   3777   4047   3643  13442  26303      0      0  65535 
     0      0      0      0      0      0      0      0      0      0      0      0      0      0      0      0      0      0      0 
     0      0      0      0      0      0      0      0      0      0      0      0      0      0      0      0      0      0      0 
     0      0      0      0      0      0      0      0      0      0      0      0      0      0      0      0      0      0      0 
0 -1 -1
     0      0      0      0      0      0      0      0      0      0      0      0      0      0      0      0      0      0      0 
  4052   4192   4082   4415   4359   4044   3642   4416   4536   4479   4044   3777   4378   4764   4330   4069   9184   4898   4433 
 17236  13361     51    150   4082   4044   4192   4359   4052   4415   4479   4536   4416   4378   9184   4764   4898   4330   4433   4069   3777   4044   3642  13444  26303      0      0  65535 
     0      0      0      0      0      0      0      0      0      0      0      0      0      0      0      0      0      0      0 
     0      0      0      0      0      0      0      0      0      0      0      0      0      0      0      0      0      0      0 
     0      0      0      0      0      0      0      0      0      0      0      0      0      0      0      0      0      0      0 
0 -1 -1
     0      0      0      0      0      0      0      0      0      0      0      0      0      0      0      0      0      0      0 
  4052   4191   4083   4414   4358   4043   3642   4415   4536   4479   4045   3777   4375   4762   4331   4068   9189   4898   4431 
 17236  13361     51    150   4083   4043   4191   4358   4052   4414   4479   4536   4415   4375   9189   4762   4898   4331   4431   4068   3777   4045   3642  13445  26303      0      0  65535 
     0      0      0      0      0      0      0      0      0      0      0      0      0      0      0      0      0      0      0 
     0      0      0      0      0      0      0      0      0      0      0      0      0      0      0      0      0      0      0 
     0      0      0      0      0      0      0      0      0      0      0      0      0      0      0      0      0      0      0 
0 -1 -1
     0      0      0      0      0      0      0      0      0      0      0      0      0      0      0      0      0      0      0 
  4052   4191   4081   4415   4357   4042   3640   4414   4535   4478   4043   3776   4374   4764   4328   4067   9182   4896   4430 
 17236  13361     51    150   4081   4042   4191   4357   4052   4415   4478   4535   4414   4374   9182   4764   4896   4328   4430   4067   3776   4043   3640  13445  26304      0      0  65535 
     0      0      0      0      0      0      0      0      0      0      0      0      0      0      0      0      0      0      0 
     0      0      0      0      0      0      0      0      0      0      0      0      0      0      0      0      0      0      0 
     0      0      0      0      0      0      0      0      0      0      0      0      0      0      0      0      0      0      0 
0 -1 -1
     0      0      0      0      0      0      0      0      0      0      0      0      0      0      0      0      0      0      0 
  4052   4190   4080   4413   4356   4041   3639   4413   4535   4474   4043   3775   4375   4760   4327   4066   9195   4897   4430 
 17236  13361     51    150   4080   4041   4190   4356   4052   4413   4474   4535   4413   4375   9195   4760   4897   4327   4430   4066   3775   4043   3639  13445  26303      0      0  65535 
     0      0      0      0      0      0      0      0      0      0      0      0      0      0      0      0      0      0      0 
     0      0      0      0      0      0      0      0      0      0      0      0      0      0      0      0      0      0      0 
     0      0      0      0      0      0      0      0      0      0      0      0      0      0      0      0      0      0      0 
0 -1 -1
     0      0      0      0      0      0      0      0      0      0      0      0      0      0      0      0      0      0      0 
  4051   4188   4079   4413   4355   4040   3637   4413   4532   4475   4042   3774   4374   4761   4327   4066   9216   4895   4429 
 17236  13361     51    150   4079   4040   4188   4355   4051   4413   4475   4532   4413   4374   9216   4761   4895   4327   4429   4066   3774   4042   3637  13444  26303      0      0  65535 
     0      0      0      0      0      0      0      0      0      0      0      0      0      0      0      0      0      0      0 
     0      0      0      0      0      0      0      0      0      0      0      0      0      0      0      0      0      0      0 
     0      0      0      0      0      0      0      0      0      0      0      0      0      0      0      0      0      0      0 
0 -1 -1
