    33     36     40     26     35     34     31     29     34     32     34     48     31     34     37     30     20     41     34 
  7447   7237   7409   7425   6537   6457   6691   7728   6824   6685   6641   7074   7460   6971   6731   7665  10598   8908   8926 
 17236  13361     51    147   7409   6457   7237   6537   7447   7425   6685   6824   7728   7460  10598   6971   8908   6731   8926   7665   7074   6641   6691  13547  26305      0      0  65535 
     0      0      0      0      0      0      0      0      0      0      0      0      0      0      0      0      0      0      0 
     0      0      0      0      0      0      0      0      0      0      0      0      0      0      0      0      0      0      0 
     0      0      0      0      0      0      0      0      0      0      0      0      0      0      0      0      0      0      0 
0 -1 -1
    34     37     41     27     36     35     31     29     35     33     34     48     32     35     38     30     18     42     34 
  7499   7275   7449   7461   6567   6480   6713   7778   6851   6709   6658   7094   7492   6995   6753   7686  10473   8934   8945 
 17236  13361     51    147   7449   6480   7275   6567   7499   7461   6709   6851   7778   7492  10473   6995   8934   6753   8945   7686   7094   6658   6713  13546  26304      0      1  65535 
     0      0      0      0      0      0      0      0      0      0      0      0      0      0      0      0      0      0      0 
     0      0      0      0      0      0      0      0      0      0      0      0      0      0      0      0      0      0      0 
     0      0      0      0      0      0      0      0      0      0      0      0      0      0      0      0      0      0      0 
0 -1 -1
    35     38     42     27     37     36     32     30     35     34     35     49     33     36     39     30     16     42     35 
  7536   7309   7485   7486   6594   6500   6737   7806   6870   6728   6672   7123   7513   7015   6774   7709  10408   8954   8968 
 17236  13361     51    147   7485   6500   7309   6594   7536   7486   6728   6870   7806   7513  10408   7015   8954   6774   8968   7709   7123   6672   6737  13546  26303      0      0  65535 
     0      0      0      0      0      0      0      0      0      0      0      0      0      0      0      0      0      0      0 
     0      0      0      0      0      0      0      0      0      0      0      0      0      0      0      0      0      0      0 
     0      0      0      0      0      0      0      0      0      0      0      0      0      0      0      0      0      0      0 
0 -1 -1
    34     37     41     27     36     35     31     29     34     33     34     48     31     34     37     30     11     41     34 
  7487   7281   7459   7442   6565   6481   6695   7728   6836   6704   6643   7081   7459   6974   6735   7664  10151   8891   8907 
 17236  13361     51    147   7459   6481   7281   6565   7487   7442   6704   6836   7728   7459  10151   6974   8891   6735   8907   7664   7081   6643   6695  13546  26303      0      0  65535 
     0      0      0      0      0      0      0      0      0      0      0      0      0      0      0      0      0      0      0 
     0      0      0      0      0      0      0      0      0      0      0      0      0      0      0      0      0      0      0 
     0      0      0      0      0      0      0      0      0      0      0      0      0      0      0      0      0      0      0 
0 -1 -1
    31     34     39     24     33     33     28     26     31     30     31     44     29     30     33     27      6     38     32 
  7335   7168   7338   7322   6469   6409   6588   7556   6743   6626   6567   6957   7340   6881   6642   7541   9925   8747   8762 
 17236  13361     51    148   7338   6409   7168   6469   7335   7322   6626   6743   7556   7340   9925   6881   8747   6642   8762   7541   6957   6567   6588  13546  26305      1      0  65535 
     0      0      0      0      0      0      0      0      0      0      0      0      0      0      0      0      0      0      0 
     0      0      0      0      0      0      0      0      0      0      0      0      0      0      0      0      0      0      0 
     0      0      0      0      0      0      0      0      0      0      0      0      0      0      0      0      0      0      0 
0 -1 -1
    29     32     36     22     29     30     26     24     27     26     28     41     26     27     30     25      3     35     29 
  7173   7053   7210   7197   6383   6337   6484   7386   6658   6555   6496   6836   7230   6798   6557   7425   9803   8615   8622 
 17236  13361     51    148   7210   6337   7053   6383   7173   7197   6555   6658   7386   7230   9803   6798   8615   6557   8622   7425   6836   6496   6484  13546  26304      0      0  65535 
     0      0      0      0      0      0      0      0      0      0      0      0      0      0      0      0      0      0      0 
     0      0      0      0      0      0      0      0      0      0      0      0      0      0      0      0      0      0      0 
     0      0      0      0      0      0      0      0      0      0      0      0      0      0      0      0      0      0      0 
0 -1 -1
    25     28     33     19     25     26     23     20     23     23     25     36     22     22     26     22      2     31     26 
  6942   6900   7053   7027   6269   6246   6350   7139   6548   6465   6396   6677   7072   6691   6446   7265   9753   8430   8423 
 17236  13361     51    148   7053   6246   6900   6269   6942   7027   6465   6548   7139   7072   9753   6691   8430   6446   8423   7265   6677   6396   6350  13546  26304      0      0  65535 
     0      0      0      0      0      0      0      0      0      0      0      0      0      0      0      0      0      0      0 
     0      0      0      0      0      0      0      0      0      0      0      0      0      0      0      0      0      0      0 
     0      0      0      0      0      0      0      0      0      0      0      0      0      0      0      0      0      0      0 
0 -1 -1
    19     21     26     14     17     20     17     14     17     16     18     28     16     15     19     17      1     24     21 
  6550   6607   6750   6756   6088   6080   6111   6775   6374   6319   6223   6402   6818   6526   6271   6989   9697   8103   8080 
 17236  13361     51    148   6750   6080   6607   6088   6550   6756   6319   6374   6775   6818   9697   6526   8103   6271   8080   6989   6402   6223   6111  13542  26304      0      0  65535 
     0      0      0      0      0      0      0      0      0      0      0      0      0      0      0      0      0      0      0 
     0      0      0      0      0      0      0      0      0      0      0      0      0      0      0      0      0      0      0 
     0      0      0      0      0      0      0      0      0      0      0      0      0      0      0      0      0      0      0 
0 -1 -1
    11     13     17      8     10     12     10      8      9      9     10     16      9      8     10      9      0     14     13 
  6051   6238   6305   6427   5887   5854   5779   6361   6179   6150   5991   5997   6515   6343   6059   6606   9618   7640   7531 
 17236  13361     51    148   6305   5854   6238   5887   6051   6427   6150   6179   6361   6515   9618   6343   7640   6059   7531   6606   5997   5991   5779  13539  26304      0      0  65535 
     0      0      0      0      0      0      0      0      0      0      0      0      0      0      0      0      0      0      0 
     0      0      0      0      0      0      0      0      0      0      0      0      0      0      0      0      0      0      0 
     0      0      0      0      0      0      0      0      0      0      0      0      0      0      0      0      0      0      0 
0 -1 -1
     3      4      7      1      3      3      1      2      2      2      1      3      1      1      2      1      0      2      2 
  5526   5840   5824   6039   5727   5621   5410   5926   5992   5984   5756   5555   6181   6190   5866   6198   9574   7104   6870 
 17236  13361     51    149   5824   5621   5840   5727   5526   6039   5984   5992   5926   6181   9574   6190   7104   5866   6870   6198   5555   5756   5410  13539  26304      0      0  65535 
     0      0      0      0      0      0      0      0      0      0      0      0      0      0      0      0      0      0      0 
     0      0      0      0      0      0      0      0      0      0      0      0      0      0      0      0      0      0      0 
     0      0      0      0      0      0      0      0      0      0      0      0      0      0      0      0      0      0      0 
0 -1 -1
     0      0      0      0      0      0      0      0      0      0      0      0      0      0      0      0      0      0      0 
  5165   5413   5294   5625   5631   5361   4950   5571   5805   5838   5487   5147   5714   6113   5739   5677   9509   6534   6163 
 17236  13361     51    150   5294   5361   5413   5631   5165   5625   5838   5805   5571   5714   9509   6113   6534   5739   6163   5677   5147   5487   4950  13541  26304      0      0  65535 
     0      0      0      0      0      0      0      0      0      0      0      0      0      0      0      0      0      0      0 
     0      0      0      0      0      0      0      0      0      0      0      0      0      0      0      0      0      0      0 
     0      0      0      0      0      0      0      0      0      0      0      0      0      0      0      0      0      0      0 
0 -1 -1
     0      0      0      0      0      0      0      0      0      0      0      0      0      0      0      0      0      0      0 
  5162   5362   5203   5587   5624   5298   4821   5566   5777   5814   5390   5053   5626   6110   5730   5460   9444   6341   5839 
 17236  13361     51    151   5203   5298   5362   5624   5162   5587   5814   5777   5566   5626   9444   6110   6341   5730   5839   5460   5053   5390   4821  13540  26304      0      0  65535 
     0      0      0      0      0      0      0      0      0      0      0      0      0      0      0      0      0      0      0 
     0      0      0      0      0      0      0      0      0      0      0      0      0      0      0      0      0      0      0 
     0      0      0      0      0      0      0      0      0      0      0      0      0      0      0      0      0      0      0 
0 -1 -1
     0      0      0      0      0      0      0      0      0      0      0      0      0      0      0      0      0      0      0 
  5160   5363   5204   5586   5624   5296   4821   5565   5780   5811   5391   5053   5625   6113   5730   5459   9430   6341   5839 
 17236  13361     51    151   5204   5296   5363   5624   5160   5586   5811   5780   5565   5625   9430   6113   6341   5730   5839   5459   5053   5391   4821  13539  26304      0      0  65535 
     0      0      0      0      0      0      0      0      0      0      0      0      0      0      0      0      0      0      0 
     0      0      0      0      0      0      0      0      0      0      0      0      0      0      0      0      0      0      0 
     0      0      0      0      0      0      0      0      0      0      0      0      0      0      0      0      0      0      0 
0 -1 -1
     0      0      0      0      0      0      0      0      0      0      0      0      0      0      0      0      0      0      0 
  5162   5362   5203   5588   5626   5299   4821   5568   5778   5813   5393   5054   5627   6113   5729   5458   9427   6340   5839 
 17236  13361     51    151   5203   5299   5362   5626   5162   5588   5813   5778   5568   5627   9427   6113   6340   5729   5839   5458   5054   5393   4821  13538  26304      1      0  65535 
     0      0      0      0      0      0      0      0      0      0      0      0      0      0      0      0      0      0      0 
     0      0      0      0      0      0      0      0      0      0      0      0      0      0      0      0      0      0      0 
     0      0      0      0      0      0      0      0      0      0      0      0      0      0      0      0      0      0      0 
0 -1 -1
     0      0      0      0      0      0      0      0      0      0      0      0      0      0      0      0      0      0      0 
  5162   5364   5203   5589   5627   5297   4822   5567   5780   5813   5391   5055   5626   6114   5728   5459   9434   6340   5839 
 17236  13361     51    151   5203   5297   5364   5627   5162   5589   5813   5780   5567   5626   9434   6114   6340   5728   5839   5459   5055   5391   4822  13538  26304      0      0  65535 
     0      0      0      0      0      0      0      0      0      0      0      0      0      0      0      0      0      0      0 
     0      0      0      0      0      0      0      0      0      0      0      0      0      0      0      0      0      0      0 
     0      0      0      0      0      0      0      0      0      0      0      0      0      0      0      0      0      0      0 
0 -1 -1
     0      0      0      0      0      0      0      0      0      0      0      0      0      0      0      0      0      0      0 
  5162   5362   5206   5588   5627   5298   4822   5571   5780   5813   5390   5055   5628   6112   5730   5459   9431   6342   5842 
 17236  13361     51    151   5206   5298   5362   5627   5162   5588   5813   5780   5571   5628   9431   6112   6342   5730   5842   5459   5055   5390   4822  13539  26304      0      0  65535 
     0      0      0      0      0      0      0      0      0      0      0      0      0      0      0      0      0      0      0 
     0      0      0      0      0      0      0      0      0      0      0      0      0      0      0      0      0      0      0 
     0      0      0      0      0      0      0      0      0      0      0      0      0      0      0      0      0      0      0 
0 -1 -1
     0      0      0      0      0      0      0      0      0      0      0      0      0      0      0      0      0      0      0 
  5163   5363   5204   5588   5627   5299   4822   5570   5781   5814   5391   5055   5628   6112   5730   5458   9426   6341   5839 
 17236  13361     51    151   5204   5299   5363   5627   5163   5588   5814   5781   5570   5628   9426   6112   6341   5730   5839   5458   5055   5391   4822  13541  26304      0      0  65535 
     0      0      0      0      0      0      0      0      0      0      0      0      0      0      0      0      0      0      0 
     0      0      0      0      0      0      0      0      0      0      0      0      0      0      0      0      0      0      0 
     0      0      0      0      0      0      0      0      0      0      0      0      0      0      0      0      0      0      0 
0 -1 -1
     0      0      0      0      0      0      0      0      0      0      0      0      0      0      0      0      0      0      0 
  5163   5363   5205   5590   5628   5298   4822   5570   5781   5814   5391   5054   5628   6114   5729   5458   9428   6340   5841 
 17236  13361     51    151   5205   5298   5363   5628   5163   5590   5814   5781   5570   5628   9428   6114   6340   5729   5841   5458   5054   5391   4822  13542  26305      0      0  65535 
     0      0      0      0      0      0      0      0      0      0      0      0      0      0      0      0      0      0      0 
     0      0      0      0      0      0      0      0      0      0      0      0      0      0      0      0      0      0      0 
     0      0      0      0      0      0      0      0      0      0      0      0      0      0      0      0      0      0      0 
0 -1 -1
     0      0      0      0      0      0      0      0      0      0      0      0      0      0      0      0      0      0      0 
  5164   5362   5205   5588   5627   5298   4821   5570   5779   5816   5392   5055   5628   6115   5730   5457   9420   6342   5840 
 17236  13361     51    151   5205   5298   5362   5627   5164   5588   5816   5779   5570   5628   9420   6115   6342   5730   5840   5457   5055   5392   4821  13543  26304      0      0  65535 
     0      0      0      0      0      0      0      0      0      0      0      0      0      0      0      0      0      0      0 
     0      0      0      0      0      0      0      0      0      0      0      0      0      0      0      0      0      0      0 
     0      0      0      0      0      0      0      0      0      0      0      0      0      0      0      0      0      0      0 
0 -1 -1
     0      0      0      0      0      0      0      0      0      0      0      0      0      0      0      0      0      0      0 
  5165   5365   5206   5592   5629   5299   4822   5571   5782   5814   5391   5055   5630   6115   5730   5459   9424   6342   5841 
 17236  13361     51    151   5206   5299   5365   5629   5165   5592   5814   5782   5571   5630   9424   6115   6342   5730   5841   5459   5055   5391   4822  13565  26305      0      0  65535 
     0      0      0      0      0      0      0      0      0      0      0      0      0      0      0      0      0      0      0 
     0      0      0      0      0      0      0      0      0      0      0      0      0      0      0      0      0      0      0 
     0      0      0      0      0      0      0      0      0      0      0      0      0      0      0      0      0      0      0 
0 -1 -1
     0      0      0      0      0      0      0      0      0      0      0      0      0      0      0      0      0      0      0 
  5166   5365   5206   5594   5629   5299   4823   5573   5783   5815   5390   5054   5631   6116   5730   5459   9433   6344   5842 
 17236  13361     51    151   5206   5299   5365   5629   5166   5594   5815   5783   5573   5631   9433   6116   6344   5730   5842   5459   5054   5390   4823  13544  26305      0      0  65535 
     0      0      0      0      0      0      0      0      0      0      0      0      0      0      0      0      0      0      0 
     0      0      0      0      0      0      0      0      0      0      0      0      0      0      0      0      0      0      0 
     0      0      0      0      0      0      0      0      0      0      0      0      0      0      0      0      0      0      0 
0 -1 -1
     0      0      0      0      0      0      0      0      0      0      0      0      0      0      0      0      0      0      0 
  5167   5366   5207   5593   5630   5300   4824   5574   5785   5816   5393   5058   5630   6116   5731   5460   9435   6344   5843 
 17236  13361     51    151   5207   5300   5366   5630   5167   5593   5816   5785   5574   5630   9435   6116   6344   5731   5843   5460   5058   5393   4824  13544  26304      1      0  65535 
     0      0      0      0      0      0      0      0      0      0      0      0      0      0      0      0      0      0      0 
     0      0      0      0      0      0      0      0      0      0      0      0      0      0      0      0      0      0      0 
     0      0      0      0      0      0      0      0      0      0      0      0      0      0      0      0      0      0      0 
0 -1 -1
     0      0      0      0      0      0      0      0      0      0      0      0      0      0      0      0      0      0      0 
  5167   5366   5209   5594   5632   5302   4824   5575   5783   5816   5393   5058   5631   6117   5731   5459   9427   6343   5842 
 17236  13361     51    151   5209   5302   5366   5632   5167   5594   5816   5783   5575   5631   9427   6117   6343   5731   5842   5459   5058   5393   4824  13545  26304      0      0  65535 
     0      0      0      0      0      0      0      0      0      0      0      0      0      0      0      0      0      0      0 
     0      0      0      0      0      0      0      0      0      0      0      0      0      0      0      0      0      0      0 
     0      0      0      0      0      0      0      0      0      0      0      0      0      0      0      0      0      0      0 
0 -1 -1
     0      0      0      0      0      0      0      0      0      0      0      0      0      0      0      0      0      0      0 
  5170   5369   5210   5594   5632   5301   4824   5576   5785   5818   5392   5056   5632   6117   5732   5461   9428   6344   5843 
 17236  13361     51    150   5210   5301   5369   5632   5170   5594   5818   5785   5576   5632   9428   6117   6344   5732   5843   5461   5056   5392   4824  13545  26304      0      0  65535 
     0      0      0      0      0      0      0      0      0      0      0      0      0      0      0      0      0      0      0 
     0      0      0      0      0      0      0      0      0      0      0      0      0      0      0      0      0      0      0 
     0      0      0      0      0      0      0      0      0      0      0      0      0      0      0      0      0      0      0 
0 -1 -1
     0      0      0      0      0      0      0      0      0      0      0      0      0      0      0      0      0      0      0 
  5169   5369   5210   5595   5633   5304   4825   5576   5786   5818   5392   5057   5635   6118   5732   5460   9428   6346   5843 
 17236  13361     51    151   5210   5304   5369   5633   5169   5595   5818   5786   5576   5635   9428   6118   6346   5732   5843   5460   5057   5392   4825  13545  26304      0      0  65535 
     0      0      0      0      0      0      0      0      0      0      0      0      0      0      0      0      0      0      0 
     0      0      0      0      0      0      0      0      0      0      0      0      0      0      0      0      0      0      0 
     0      0      0      0      0      0      0      0      0      0      0      0      0      0      0      0      0      0      0 
0 -1 -1
     0      0      0      0      0      0      0      0      0      0      0      0      0      0      0      0      0      0      0 
  5170   5368   5211   5596   5633   5301   4826   5579   5786   5818   5392   5058   5634   6118   5731   5461   9427   6345   5844 
 17236  13361     51    151   5211   5301   5368   5633   5170   5596   5818   5786   5579   5634   9427   6118   6345   5731   5844   5461   5058   5392   4826  13545  26304      0      1  65535 
     0      0      0      0      0      0      0      0      0      0      0      0      0      0      0      0      0      0      0 
     0      0      0      0      0      0      0      0      0      0      0      0      0      0      0      0      0      0      0 
     0      0      0      0      0      0      0      0      0      0      0      0      0      0      0      0      0      0      0 
0 -1 -1
