   120    189    177    148    161     75     26     42     31     21     15      5     23     25     16      7     18     19     11 
 13348  14044  13912  14353  10219   7744   6301   8893   7106   6779   6202   5558   7122   7179   6570   6219  10319   7643   6921 
 17236  13361     51    151  13912   7744  14044  10219  13348  14353   6779   7106   8893   7122  10319   7179   7643   6570   6921   6219   5558   6202   6301  13542  26305      1      0  65535 
     0      0      0      0      0      0      0      0      0      0      0      0      0      0      0      0      0      0      0 
     0      0      0      0      0      0      0      0      0      0      0      0      0      0      0      0      0      0      0 
     0      0      0      0      0      0      0      0      0      0      0      0      0      0      0      0      0      0      0 
0 -1 -1
   123    200    191    160    181     87     34     49     37     26     19      7     27     29     21     10     18     23     14 
 13567  14518  14532  15031  10704   8070   6653   9399   7263   6888   6309   5621   7251   7293   6688   6348  10319   7825   7130 
 17236  13361     51    150  14532   8070  14518  10704  13567  15031   6888   7263   9399   7251  10319   7293   7825   6688   7130   6348   5621   6309   6653  13542  26304      0      0  65535 
     0      0      0      0      0      0      0      0      0      0      0      0      0      0      0      0      0      0      0 
     0      0      0      0      0      0      0      0      0      0      0      0      0      0      0      0      0      0      0 
     0      0      0      0      0      0      0      0      0      0      0      0      0      0      0      0      0      0      0 
0 -1 -1
   125    208    204    173    202    100     43     58     45     31     22      8     30     34     25     12     17     27     17 
 13701  14853  15141  15744  11253   8423   7004   9973   7472   7011   6401   5671   7414   7406   6789   6455  10277   8003   7320 
 17236  13361     51    149  15141   8423  14853  11253  13701  15744   7011   7472   9973   7414  10277   7406   8003   6789   7320   6455   5671   6401   7004  13542  26304      0      0  65535 
     0      0      0      0      0      0      0      0      0      0      0      0      0      0      0      0      0      0      0 
     0      0      0      0      0      0      0      0      0      0      0      0      0      0      0      0      0      0      0 
     0      0      0      0      0      0      0      0      0      0      0      0      0      0      0      0      0      0      0 
0 -1 -1
   124    214    218    184    226    116     55     71     54     38     27     11     34     39     31     15     17     31     20 
 13648  15110  15838  16394  11841   8836   7538  10877   7728   7167   6543   5750   7570   7532   6925   6614  10300   8186   7540 
 17236  13361     51    149  15838   8836  15110  11841  13648  16394   7167   7728  10877   7570  10300   7532   8186   6925   7540   6614   5750   6543   7538  13542  26304      0      0  65535 
     0      0      0      0      0      0      0      0      0      0      0      0      0      0      0      0      0      0      0 
     0      0      0      0      0      0      0      0      0      0      0      0      0      0      0      0      0      0      0 
     0      0      0      0      0      0      0      0      0      0      0      0      0      0      0      0      0      0      0 
0 -1 -1
   124    217    232    197    250    132     68     86     65     44     31     12     37     43     34     17     18     33     22 
 13632  15254  16460  17129  12463   9286   8094  11860   8011   7307   6650   5799   7702   7630   7009   6709  10326   8295   7667 
 17236  13361     51    148  16460   9286  15254  12463  13632  17129   7307   8011  11860   7702  10326   7630   8295   7009   7667   6709   5799   6650   8094  13542  26304      0      1  65535 
     0      0      0      0      0      0      0      0      0      0      0      0      0      0      0      0      0      0      0 
     0      0      0      0      0      0      0      0      0      0      0      0      0      0      0      0      0      0      0 
     0      0      0      0      0      0      0      0      0      0      0      0      0      0      0      0      0      0      0 
0 -1 -1
   123    219    244    203    255    145     79     95     72     48     33     13     39     45     36     18     18     35     24 
 13579  15356  17045  17453  12869   9624   8560  12492   8181   7395   6713   5819   7793   7679   7054   6757  10342   8364   7742 
 17236  13361     51    147  17045   9624  15356  12869  13579  17453   7395   8181  12492   7793  10342   7679   8364   7054   7742   6757   5819   6713   8560  13541  26306      1      1  65535 
     0      0      0      0      0      0      0      0      0      0      0      0      0      0      0      0      0      0      0 
     0      0      0      0      0      0      0      0      0      0      0      0      0      0      0      0      0      0      0 
     0      0      0      0      0      0      0      0      0      0      0      0      0      0      0      0      0      0      0 
0 -1 -1
   122    222    255    207    255    158     90    104     78     52     37     14     42     48     39     19     19     37     25 
 13518  15467  17616  17634  13232   9965   9067  13074   8358   7501   6806   5853   7898   7746   7128   6830  10355   8460   7845 
 17236  13361     51    146  17616   9965  15467  13232  13518  17634   7501   8358  13074   7898  10355   7746   8460   7128   7845   6830   5853   6806   9067  13541  26304      1      0  65535 
     0      0      0      0      0      0      0      0      0      0      0      0      0      0      0      0      0      0      0 
     0      0      0      0      0      0      0      0      0      0      0      0      0      0      0      0      0      0      0 
     0      0      0      0      0      0      0      0      0      0      0      0      0      0      0      0      0      0      0 
0 -1 -1
   124    228    255    214    255    172    103    114     85     57     41     16     44     52     42     21     18     39     27 
 13619  15740  18181  18060  13664  10349   9605  13718   8546   7616   6914   5927   7983   7829   7220   6937  10336   8573   7970 
 17236  13361     51    145  18181  10349  15740  13664  13619  18060   7616   8546  13718   7983  10336   7829   8573   7220   7970   6937   5927   6914   9605  13540  26304      0      0  65535 
     0      0      0      0      0      0      0      0      0      0      0      0      0      0      0      0      0      0      0 
     0      0      0      0      0      0      0      0      0      0      0      0      0      0      0      0      0      0      0 
     0      0      0      0      0      0      0      0      0      0      0      0      0      0      0      0      0      0      0 
0 -1 -1
   128    237    255    226    255    185    113    124     93     61     45     18     45     55     46     24     18     41     29 
 13856  16144  18758  18699  14139  10707  10050  14429   8741   7715   7021   6014   8037   7905   7311   7055  10322   8668   8092 
 17236  13361     51    144  18758  10707  16144  14139  13856  18699   7715   8741  14429   8037  10322   7905   8668   7311   8092   7055   6014   7021  10050  13539  26304      0      0  65535 
     0      0      0      0      0      0      0      0      0      0      0      0      0      0      0      0      0      0      0 
     0      0      0      0      0      0      0      0      0      0      0      0      0      0      0      0      0      0      0 
     0      0      0      0      0      0      0      0      0      0      0      0      0      0      0      0      0      0      0 
0 -1 -1
   133    248    255    239    255    199    123    134    101     68     50     22     48     61     52     27     17     45     32 
 14215  16613  19293  19452  14635  11084  10492  15050   8954   7863   7174   6128   8156   8049   7458   7215  10268   8841   8277 
 17236  13361     51    143  19293  11084  16613  14635  14215  19452   7863   8954  15050   8156  10268   8049   8841   7458   8277   7215   6128   7174  10492  13539  26304      0      0  65535 
     0      0      0      0      0      0      0      0      0      0      0      0      0      0      0      0      0      0      0 
     0      0      0      0      0      0      0      0      0      0      0      0      0      0      0      0      0      0      0 
     0      0      0      0      0      0      0      0      0      0      0      0      0      0      0      0      0      0      0 
0 -1 -1
   138    255    255    253    255    212    132    144    110     74     57     26     51     67     58     30     16     49     35 
 14553  17063  19751  20247  15113  11422  10852  15775   9196   8021   7340   6261   8289   8206   7617   7387  10222   9020   8467 
 17236  13361     51    143  19751  11422  17063  15113  14553  20247   8021   9196  15775   8289  10222   8206   9020   7617   8467   7387   6261   7340  10852  13539  26304      0      0  65535 
     0      0      0      0      0      0      0      0      0      0      0      0      0      0      0      0      0      0      0 
     0      0      0      0      0      0      0      0      0      0      0      0      0      0      0      0      0      0      0 
     0      0      0      0      0      0      0      0      0      0      0      0      0      0      0      0      0      0      0 
0 -1 -1
   142    255    255    255    255    219    136    150    115     79     61     29     54     72     63     33     15     51     37 
 14770  17359  20006  20696  15374  11607  11011  16161   9341   8130   7465   6374   8381   8327   7738   7525  10204   9146   8607 
 17236  13361     51    143  20006  11607  17359  15374  14770  20696   8130   9341  16161   8381  10204   8327   9146   7738   8607   7525   6374   7465  11011  13541  26304      0      0  65535 
     0      0      0      0      0      0      0      0      0      0      0      0      0      0      0      0      0      0      0 
     0      0      0      0      0      0      0      0      0      0      0      0      0      0      0      0      0      0      0 
     0      0      0      0      0      0      0      0      0      0      0      0      0      0      0      0      0      0      0 
0 -1 -1
   141    255    255    255    255    219    133    152    118     82     62     29     56     75     65     33     15     52     37 
 14707  17302  20007  20629  15318  11605  10893  16297   9403   8195   7497   6380   8477   8395   7782   7542  10182   9187   8627 
 17236  13361     51    143  20007  11605  17302  15318  14707  20629   8195   9403  16297   8477  10182   8395   9187   7782   8627   7542   6380   7497  10893  13541  26304      0      1  65535 
     0      0      0      0      0      0      0      0      0      0      0      0      0      0      0      0      0      0      0 
     0      0      0      0      0      0      0      0      0      0      0      0      0      0      0      0      0      0      0 
     0      0      0      0      0      0      0      0      0      0      0      0      0      0      0      0      0      0      0 
0 -1 -1
   138    255    255    245    255    206    123    145    115     82     62     28     59     78     66     33     16     53     37 
 14517  16992  19783  19793  14765  11272  10490  15818   9325   8202   7499   6348   8603   8456   7802   7523  10228   9211   8610 
 17236  13361     51    143  19783  11272  16992  14765  14517  19793   8202   9325  15818   8603  10228   8456   9211   7802   8610   7523   6348   7499  10490  13540  26305      0      0  65535 
     0      0      0      0      0      0      0      0      0      0      0      0      0      0      0      0      0      0      0 
     0      0      0      0      0      0      0      0      0      0      0      0      0      0      0      0      0      0      0 
     0      0      0      0      0      0      0      0      0      0      0      0      0      0      0      0      0      0      0 
0 -1 -1
   126    233    255    216    255    186    111    129    106     78     55     21     60     73     58     27     14     48     32 
 13728  15966  18863  18144  13759  10711   9949  14769   9092   8096   7304   6120   8633   8346   7609   7244  10125   9005   8312 
 17236  13361     51    144  18863  10711  15966  13759  13728  18144   8096   9092  14769   8633  10125   8346   9005   7609   8312   7244   6120   7304   9949  13538  26305      0      0  65535 
     0      0      0      0      0      0      0      0      0      0      0      0      0      0      0      0      0      0      0 
     0      0      0      0      0      0      0      0      0      0      0      0      0      0      0      0      0      0      0 
     0      0      0      0      0      0      0      0      0      0      0      0      0      0      0      0      0      0      0 
0 -1 -1
   104    197    248    179    255    161     89    110     93     69     44     15     55     62     46     21     11     40     26 
 12341  14381  17217  16117  12579  10055   8991  13476   8758   7886   7012   5885   8444   8087   7311   6900  10028   8621   7876 
 17236  13361     51    146  17217  10055  14381  12579  12341  16117   7886   8758  13476   8444  10028   8087   8621   7311   7876   6900   5885   7012   8991  13536  26303      0      0  65535 
     0      0      0      0      0      0      0      0      0      0      0      0      0      0      0      0      0      0      0 
     0      0      0      0      0      0      0      0      0      0      0      0      0      0      0      0      0      0      0 
     0      0      0      0      0      0      0      0      0      0      0      0      0      0      0      0      0      0      0 
0 -1 -1
    69    141    172    128    179    110     47     77     65     44     25      7     36     38     26     10      7     22     13 
 10072  11936  13663  13279  10670   8670   7189  11260   7995   7311   6474   5640   7651   7504   6803   6375   9802   7805   7062 
 17236  13361     51    148  13663   8670  11936  10670  10072  13279   7311   7995  11260   7651   9802   7504   7805   6803   7062   6375   5640   6474   7189  13557  26304      0      0  65535 
     0      0      0      0      0      0      0      0      0      0      0      0      0      0      0      0      0      0      0 
     0      0      0      0      0      0      0      0      0      0      0      0      0      0      0      0      0      0      0 
     0      0      0      0      0      0      0      0      0      0      0      0      0      0      0      0      0      0      0 
0 -1 -1
    12     56     86     35     75     59     19     22     21     11      6      2      8      5      4      2      1      4      3 
  6437   8252   9628   8104   8031   7314   5988   7585   6832   6551   5965   5455   6455   6711   6267   5958   9547   6971   6396 
 17236  13361     51    151   9628   7314   8252   8031   6437   8104   6551   6832   7585   6455   9547   6711   6971   6267   6396   5958   5455   5965   5988  13543  26304      0      0  65535 
     0      0      0      0      0      0      0      0      0      0      0      0      0      0      0      0      0      0      0 
     0      0      0      0      0      0      0      0      0      0      0      0      0      0      0      0      0      0      0 
     0      0      0      0      0      0      0      0      0      0      0      0      0      0      0      0      0      0      0 
0 -1 -1
     0      1      1      1      1      2      0      0      1      1      0      0      0      0      0      0      0      0      0 
  5690   5858   5633   6169   6169   5784   5190   6124   6305   6302   5812   5395   6146   6603   6166   5831   9484   6782   6217 
 17236  13361     51    152   5633   5784   5858   6169   5690   6169   6302   6305   6124   6146   9484   6603   6782   6166   6217   5831   5395   5812   5190  13534  26304      0      0  65535 
     0      0      0      0      0      0      0      0      0      0      0      0      0      0      0      0      0      0      0 
     0      0      0      0      0      0      0      0      0      0      0      0      0      0      0      0      0      0      0 
     0      0      0      0      0      0      0      0      0      0      0      0      0      0      0      0      0      0      0 
0 -1 -1
     0      1      1      1      1      1      0      0      1      1      0      0      0      1      0      0      0      0      0 
  5686   5854   5609   6163   6164   5748   5184   6123   6304   6303   5811   5395   6146   6604   6165   5832   9480   6784   6217 
 17236  13361     51    153   5609   5748   5854   6164   5686   6163   6303   6304   6123   6146   9480   6604   6784   6165   6217   5832   5395   5811   5184  13535  26305      0      0  65535 
     0      0      0      0      0      0      0      0      0      0      0      0      0      0      0      0      0      0      0 
     0      0      0      0      0      0      0      0      0      0      0      0      0      0      0      0      0      0      0 
     0      0      0      0      0      0      0      0      0      0      0      0      0      0      0      0      0      0      0 
0 -1 -1
     0      1      1      0      1      1      0      0      0      1      0      0      0      0      0      0      0      0      0 
  5688   5851   5609   6161   6161   5749   5183   6123   6303   6302   5811   5398   6148   6603   6166   5832   9476   6784   6219 
 17236  13361     51    153   5609   5749   5851   6161   5688   6161   6302   6303   6123   6148   9476   6603   6784   6166   6219   5832   5398   5811   5183  13536  26304      0      1  65535 
     0      0      0      0      0      0      0      0      0      0      0      0      0      0      0      0      0      0      0 
     0      0      0      0      0      0      0      0      0      0      0      0      0      0      0      0      0      0      0 
     0      0      0      0      0      0      0      0      0      0      0      0      0      0      0      0      0      0      0 
0 -1 -1
     0      1      1      1      1      1      0      0      1      1      0      0      0      1      0      0      0      0      0 
  5689   5853   5607   6163   6162   5748   5185   6125   6305   6302   5811   5399   6151   6604   6167   5834   9491   6787   6223 
 17236  13361     51    153   5607   5748   5853   6162   5689   6163   6302   6305   6125   6151   9491   6604   6787   6167   6223   5834   5399   5811   5185  13536  26304      0      0  65535 
     0      0      0      0      0      0      0      0      0      0      0      0      0      0      0      0      0      0      0 
     0      0      0      0      0      0      0      0      0      0      0      0      0      0      0      0      0      0      0 
     0      0      0      0      0      0      0      0      0      0      0      0      0      0      0      0      0      0      0 
0 -1 -1
     0      1      1      1      1      1      0      0      1      1      0      0      0      0      0      0      0      0      0 
  5689   5852   5609   6163   6163   5747   5185   6128   6305   6302   5811   5402   6153   6603   6165   5836   9489   6789   6224 
 17236  13361     51    153   5609   5747   5852   6163   5689   6163   6302   6305   6128   6153   9489   6603   6789   6165   6224   5836   5402   5811   5185  13536  26305      0      0  65535 
     0      0      0      0      0      0      0      0      0      0      0      0      0      0      0      0      0      0      0 
     0      0      0      0      0      0      0      0      0      0      0      0      0      0      0      0      0      0      0 
     0      0      0      0      0      0      0      0      0      0      0      0      0      0      0      0      0      0      0 
0 -1 -1
     0      1      1      1      1      1      0      0      1      1      0      0      0      1      0      0      0      0      0 
  5692   5855   5613   6165   6164   5749   5187   6130   6308   6304   5813   5404   6154   6604   6168   5838   9487   6791   6228 
 17236  13361     51    153   5613   5749   5855   6164   5692   6165   6304   6308   6130   6154   9487   6604   6791   6168   6228   5838   5404   5813   5187  13536  26306      0      0  65535 
     0      0      0      0      0      0      0      0      0      0      0      0      0      0      0      0      0      0      0 
     0      0      0      0      0      0      0      0      0      0      0      0      0      0      0      0      0      0      0 
     0      0      0      0      0      0      0      0      0      0      0      0      0      0      0      0      0      0      0 
0 -1 -1
     0      1      1      1      1      1      0      0      1      1      0      1      0      1      0      0      0      0      0 
  5694   5855   5615   6168   6165   5752   5189   6133   6308   6305   5813   5408   6156   6607   6168   5839   9479   6793   6229 
 17236  13361     51    153   5615   5752   5855   6165   5694   6168   6305   6308   6133   6156   9479   6607   6793   6168   6229   5839   5408   5813   5189  13536  26304      0      0  65535 
     0      0      0      0      0      0      0      0      0      0      0      0      0      0      0      0      0      0      0 
     0      0      0      0      0      0      0      0      0      0      0      0      0      0      0      0      0      0      0 
     0      0      0      0      0      0      0      0      0      0      0      0      0      0      0      0      0      0      0 
0 -1 -1
     0      1      1      1      1      1      1      0      1      1      0      1      1      1      0      0      0      1      0 
  5695   5859   5617   6168   6167   5752   5192   6136   6310   6304   5814   5408   6158   6606   6168   5842   9500   6798   6233 
 17236  13361     51    153   5617   5752   5859   6167   5695   6168   6304   6310   6136   6158   9500   6606   6798   6168   6233   5842   5408   5814   5192  13540  26304      0      0  65535 
     0      0      0      0      0      0      0      0      0      0      0      0      0      0      0      0      0      0      0 
     0      0      0      0      0      0      0      0      0      0      0      0      0      0      0      0      0      0      0 
     0      0      0      0      0      0      0      0      0      0      0      0      0      0      0      0      0      0      0 
0 -1 -1
     0      1      1      1      1      1      1      0      1      1      1      1      1      1      0      0      0      1      0 
  5699   5859   5620   6173   6169   5753   5192   6138   6313   6307   5817   5412   6160   6608   6170   5844   9500   6799   6237 
 17236  13361     51    153   5620   5753   5859   6169   5699   6173   6307   6313   6138   6160   9500   6608   6799   6170   6237   5844   5412   5817   5192  13540  26304      0      0  65535 
     0      0      0      0      0      0      0      0      0      0      0      0      0      0      0      0      0      0      0 
     0      0      0      0      0      0      0      0      0      0      0      0      0      0      0      0      0      0      0 
     0      0      0      0      0      0      0      0      0      0      0      0      0      0      0      0      0      0      0 
0 -1 -1
     0      1      1      1      1      1      1      1      1      1      1      1      1      1      1      0      0      1      0 
  5701   5863   5623   6172   6171   5753   5196   6142   6312   6308   5817   5415   6162   6609   6172   5847   9496   6803   6240 
 17236  13361     51    153   5623   5753   5863   6171   5701   6172   6308   6312   6142   6162   9496   6609   6803   6172   6240   5847   5415   5817   5196  13540  26304      0      0  65535 
     0      0      0      0      0      0      0      0      0      0      0      0      0      0      0      0      0      0      0 
     0      0      0      0      0      0      0      0      0      0      0      0      0      0      0      0      0      0      0 
     0      0      0      0      0      0      0      0      0      0      0      0      0      0      0      0      0      0      0 
0 -1 -1
     1      1      1      1      1      1      1      1      1      1      1      1      1      1      1      0      0      1      1 
  5702   5866   5627   6177   6171   5756   5198   6145   6314   6306   5818   5416   6165   6610   6172   5849   9485   6804   6244 
 17236  13361     51    153   5627   5756   5866   6171   5702   6177   6306   6314   6145   6165   9485   6610   6804   6172   6244   5849   5416   5818   5198  13541  26305      0      0  65535 
     0      0      0      0      0      0      0      0      0      0      0      0      0      0      0      0      0      0      0 
     0      0      0      0      0      0      0      0      0      0      0      0      0      0      0      0      0      0      0 
     0      0      0      0      0      0      0      0      0      0      0      0      0      0      0      0      0      0      0 
0 -1 -1
     1      1      1      1      1      1      1      1      1      1      1      1      1      1      1      0      0      1      1 
  5706   5867   5629   6180   6173   5757   5200   6147   6316   6310   5818   5420   6168   6613   6175   5852   9495   6807   6248 
 17236  13361     51    153   5629   5757   5867   6173   5706   6180   6310   6316   6147   6168   9495   6613   6807   6175   6248   5852   5420   5818   5200  13541  26305      0      0  65535 
     0      0      0      0      0      0      0      0      0      0      0      0      0      0      0      0      0      0      0 
     0      0      0      0      0      0      0      0      0      0      0      0      0      0      0      0      0      0      0 
     0      0      0      0      0      0      0      0      0      0      0      0      0      0      0      0      0      0      0 
0 -1 -1
     1      1      1      1      2      1      1      1      1      1      1      1      1      1      1      0      0      1      1 
  5708   5869   5633   6183   6174   5759   5203   6152   6317   6312   5819   5423   6170   6614   6176   5855   9503   6812   6250 
 17236  13361     51    153   5633   5759   5869   6174   5708   6183   6312   6317   6152   6170   9503   6614   6812   6176   6250   5855   5423   5819   5203  13542  26305      0      0  65535 
     0      0      0      0      0      0      0      0      0      0      0      0      0      0      0      0      0      0      0 
     0      0      0      0      0      0      0      0      0      0      0      0      0      0      0      0      0      0      0 
     0      0      0      0      0      0      0      0      0      0      0      0      0      0      0      0      0      0      0 
0 -1 -1
     1      1      1      1      2      1      1      1      1      1      1      1      1      1      1      0      0      1      1 
  5710   5872   5637   6185   6177   5761   5205   6155   6318   6314   5821   5425   6173   6615   6176   5857   9504   6815   6256 
 17236  13361     51    153   5637   5761   5872   6177   5710   6185   6314   6318   6155   6173   9504   6615   6815   6176   6256   5857   5425   5821   5205  13541  26305      0      0  65535 
     0      0      0      0      0      0      0      0      0      0      0      0      0      0      0      0      0      0      0 
     0      0      0      0      0      0      0      0      0      0      0      0      0      0      0      0      0      0      0 
     0      0      0      0      0      0      0      0      0      0      0      0      0      0      0      0      0      0      0 
0 -1 -1
     1      1      1      1      2      1      1      1      1      1      1      1      1      1      1      1      0      1      1 
  5714   5874   5640   6188   6178   5762   5208   6158   6321   6314   5824   5429   6177   6618   6179   5860   9498   6816   6258 
 17236  13361     51    153   5640   5762   5874   6178   5714   6188   6314   6321   6158   6177   9498   6618   6816   6179   6258   5860   5429   5824   5208  13541  26305      0      0  65535 
     0      0      0      0      0      0      0      0      0      0      0      0      0      0      0      0      0      0      0 
     0      0      0      0      0      0      0      0      0      0      0      0      0      0      0      0      0      0      0 
     0      0      0      0      0      0      0      0      0      0      0      0      0      0      0      0      0      0      0 
0 -1 -1
     1      1      1      1      2      1      1      1      1      1      1      1      1      1      1      1      0      1      1 
  5718   5876   5641   6189   6179   5763   5210   6163   6324   6314   5824   5431   6180   6617   6182   5862   9500   6821   6263 
 17236  13361     51    153   5641   5763   5876   6179   5718   6189   6314   6324   6163   6180   9500   6617   6821   6182   6263   5862   5431   5824   5210  13542  26304      0      0  65535 
     0      0      0      0      0      0      0      0      0      0      0      0      0      0      0      0      0      0      0 
     0      0      0      0      0      0      0      0      0      0      0      0      0      0      0      0      0      0      0 
     0      0      0      0      0      0      0      0      0      0      0      0      0      0      0      0      0      0      0 
0 -1 -1
     1      1      1      1      2      1      1      1      1      1      1      1      1      1      1      1      0      1      1 
  5719   5880   5645   6193   6182   5766   5212   6165   6325   6315   5827   5434   6182   6622   6182   5866   9512   6824   6265 
 17236  13361     51    153   5645   5766   5880   6182   5719   6193   6315   6325   6165   6182   9512   6622   6824   6182   6265   5866   5434   5827   5212  13543  26304      0      0  65535 
     0      0      0      0      0      0      0      0      0      0      0      0      0      0      0      0      0      0      0 
     0      0      0      0      0      0      0      0      0      0      0      0      0      0      0      0      0      0      0 
     0      0      0      0      0      0      0      0      0      0      0      0      0      0      0      0      0      0      0 
0 -1 -1
     1      1      1      1      2      1      1      1      1      1      1      1      1      1      1      1      0      1      1 
  5723   5883   5648   6197   6185   5768   5214   6167   6327   6317   5827   5436   6183   6623   6184   5868   9502   6827   6270 
 17236  13361     51    153   5648   5768   5883   6185   5723   6197   6317   6327   6167   6183   9502   6623   6827   6184   6270   5868   5436   5827   5214  13543  26304      0      0  65535 
     0      0      0      0      0      0      0      0      0      0      0      0      0      0      0      0      0      0      0 
     0      0      0      0      0      0      0      0      0      0      0      0      0      0      0      0      0      0      0 
     0      0      0      0      0      0      0      0      0      0      0      0      0      0      0      0      0      0      0 
0 -1 -1
     1      1      1      1      2      1      1      1      1      2      1      1      1      1      1      1      0      1      1 
  5726   5885   5652   6198   6186   5769   5218   6171   6329   6319   5830   5441   6188   6623   6186   5872   9493   6831   6274 
 17236  13361     51    153   5652   5769   5885   6186   5726   6198   6319   6329   6171   6188   9493   6623   6831   6186   6274   5872   5441   5830   5218  13556  26304      0      0  65535 
     0      0      0      0      0      0      0      0      0      0      0      0      0      0      0      0      0      0      0 
     0      0      0      0      0      0      0      0      0      0      0      0      0      0      0      0      0      0      0 
     0      0      0      0      0      0      0      0      0      0      0      0      0      0      0      0      0      0      0 
0 -1 -1
     1      1      2      1      2      2      1      1      2      2      1      2      1      1      1      1      0      1      1 
  5726   5888   5656   6201   6189   5771   5219   6176   6331   6320   5831   5444   6192   6627   6188   5875   9504   6835   6276 
 17236  13361     51    153   5656   5771   5888   6189   5726   6201   6320   6331   6176   6192   9504   6627   6835   6188   6276   5875   5444   5831   5219  13561  26305      1      0  65535 
     0      0      0      0      0      0      0      0      0      0      0      0      0      0      0      0      0      0      0 
     0      0      0      0      0      0      0      0      0      0      0      0      0      0      0      0      0      0      0 
     0      0      0      0      0      0      0      0      0      0      0      0      0      0      0      0      0      0      0 
0 -1 -1
     1      2      2      1      2      2      1      1      2      2      1      2      1      2      1      1      0      1      1 
  5731   5891   5658   6201   6190   5775   5222   6176   6335   6323   5833   5448   6194   6629   6191   5878   9504   6837   6281 
 17236  13361     51    153   5658   5775   5891   6190   5731   6201   6323   6335   6176   6194   9504   6629   6837   6191   6281   5878   5448   5833   5222  13544  26305      0      0  65535 
     0      0      0      0      0      0      0      0      0      0      0      0      0      0      0      0      0      0      0 
     0      0      0      0      0      0      0      0      0      0      0      0      0      0      0      0      0      0      0 
     0      0      0      0      0      0      0      0      0      0      0      0      0      0      0      0      0      0      0 
0 -1 -1
     1      2      2      1      2      2      1      1      2      2      1      2      1      2      1      1      0      1      1 
  5734   5892   5661   6206   6194   5777   5226   6182   6334   6324   5836   5449   6197   6632   6193   5880   9502   6841   6286 
 17236  13361     51    153   5661   5777   5892   6194   5734   6206   6324   6334   6182   6197   9502   6632   6841   6193   6286   5880   5449   5836   5226  13544  26304      0      0  65535 
     0      0      0      0      0      0      0      0      0      0      0      0      0      0      0      0      0      0      0 
     0      0      0      0      0      0      0      0      0      0      0      0      0      0      0      0      0      0      0 
     0      0      0      0      0      0      0      0      0      0      0      0      0      0      0      0      0      0      0 
0 -1 -1
     1      2      2      1      2      2      1      1      2      2      1      2      2      2      1      1      0      2      1 
  5736   5895   5664   6208   6195   5777   5228   6184   6337   6327   5837   5453   6201   6634   6193   5884   9515   6844   6288 
 17236  13361     51    153   5664   5777   5895   6195   5736   6208   6327   6337   6184   6201   9515   6634   6844   6193   6288   5884   5453   5837   5228  13544  26304      0      0  65535 
     0      0      0      0      0      0      0      0      0      0      0      0      0      0      0      0      0      0      0 
     0      0      0      0      0      0      0      0      0      0      0      0      0      0      0      0      0      0      0 
     0      0      0      0      0      0      0      0      0      0      0      0      0      0      0      0      0      0      0 
0 -1 -1
     1      2      2      1      2      2      1      1      2      2      1      2      2      2      1      1      0      2      1 
  5737   5898   5667   6211   6196   5779   5230   6188   6339   6328   5838   5455   6205   6635   6195   5887   9509   6848   6293 
 17236  13361     51    153   5667   5779   5898   6196   5737   6211   6328   6339   6188   6205   9509   6635   6848   6195   6293   5887   5455   5838   5230  13543  26305      0      0  65535 
     0      0      0      0      0      0      0      0      0      0      0      0      0      0      0      0      0      0      0 
     0      0      0      0      0      0      0      0      0      0      0      0      0      0      0      0      0      0      0 
     0      0      0      0      0      0      0      0      0      0      0      0      0      0      0      0      0      0      0 
0 -1 -1
     1      2      2      1      2      2      2      1      2      2      1      2      2      2      2      1      0      2      1 
  5741   5900   5670   6215   6199   5782   5234   6190   6341   6329   5840   5459   6206   6638   6198   5888   9512   6851   6297 
 17236  13361     51    153   5670   5782   5900   6199   5741   6215   6329   6341   6190   6206   9512   6638   6851   6198   6297   5888   5459   5840   5234  13541  26305      0      0  65535 
     0      0      0      0      0      0      0      0      0      0      0      0      0      0      0      0      0      0      0 
     0      0      0      0      0      0      0      0      0      0      0      0      0      0      0      0      0      0      0 
     0      0      0      0      0      0      0      0      0      0      0      0      0      0      0      0      0      0      0 
0 -1 -1
