    32     43     50     30     54     49     43     34     47     54     49     75     49     63     65     46      1     61     50 
  8224   8122   8652   8211   7299   7156   7709   8905   7552   7448   7425   8621   8831   7972   7788   9051  10204  10553  10822 
 17236  13361     51    146   8652   7156   8122   7299   8224   8211   7448   7552   8905   8831  10204   7972  10553   7788  10822   9051   8621   7425   7709  13544  26303      0      0  65535 
     0      0      0      0      0      0      0      0      0      0      0      0      0      0      0      0      0      0      0 
     0      0      0      0      0      0      0      0      0      0      0      0      0      0      0      0      0      0      0 
     0      0      0      0      0      0      0      0      0      0      0      0      0      0      0      0      0      0      0 
0 -1 -1
    34     45     53     33     58     52     46     36     50     58     52     79     52     68     69     49      1     65     53 
  8356   8230   8771   8329   7398   7238   7819   9068   7636   7539   7510   8739   8975   8079   7895   9177  10212  10718  10985 
 17236  13361     51    146   8771   7238   8230   7398   8356   8329   7539   7636   9068   8975  10212   8079  10718   7895  10985   9177   8739   7510   7819  13544  26304      0      0  65535 
     0      0      0      0      0      0      0      0      0      0      0      0      0      0      0      0      0      0      0 
     0      0      0      0      0      0      0      0      0      0      0      0      0      0      0      0      0      0      0 
     0      0      0      0      0      0      0      0      0      0      0      0      0      0      0      0      0      0      0 
0 -1 -1
    35     46     54     34     60     54     47     38     52     60     53     80     54     70     71     50      0     66     53 
  8432   8294   8847   8400   7454   7286   7857   9148   7680   7586   7542   8782   9039   8125   7940   9222  10194  10784  11042 
 17236  13361     51    146   8847   7286   8294   7454   8432   8400   7586   7680   9148   9039  10194   8125  10784   7940  11042   9222   8782   7542   7857  13544  26304      0      0  65535 
     0      0      0      0      0      0      0      0      0      0      0      0      0      0      0      0      0      0      0 
     0      0      0      0      0      0      0      0      0      0      0      0      0      0      0      0      0      0      0 
     0      0      0      0      0      0      0      0      0      0      0      0      0      0      0      0      0      0      0 
0 -1 -1
    34     45     53     33     59     53     45     37     50     58     51     77     52     67     69     48      0     64     52 
  8379   8249   8793   8354   7412   7249   7787   9081   7643   7543   7485   8701   8973   8069   7876   9136  10148  10699  10937 
 17236  13361     51    146   8793   7249   8249   7412   8379   8354   7543   7643   9081   8973  10148   8069  10699   7876  10937   9136   8701   7485   7787  13544  26304      0      0  65535 
     0      0      0      0      0      0      0      0      0      0      0      0      0      0      0      0      0      0      0 
     0      0      0      0      0      0      0      0      0      0      0      0      0      0      0      0      0      0      0 
     0      0      0      0      0      0      0      0      0      0      0      0      0      0      0      0      0      0      0 
0 -1 -1
    30     40     47     29     50     46     38     32     43     49     43     67     45     57     58     41      0     56     45 
  8105   8018   8521   8113   7200   7071   7484   8754   7457   7335   7254   8342   8668   7824   7597   8766  10040  10327  10498 
 17236  13361     51    147   8521   7071   8018   7200   8105   8113   7335   7457   8754   8668  10040   7824  10327   7597  10498   8766   8342   7254   7484  13559  26304      1      0  65535 
     0      0      0      0      0      0      0      0      0      0      0      0      0      0      0      0      0      0      0 
     0      0      0      0      0      0      0      0      0      0      0      0      0      0      0      0      0      0      0 
     0      0      0      0      0      0      0      0      0      0      0      0      0      0      0      0      0      0      0 
0 -1 -1
    20     28     33     19     32     31     24     21     28     31     27     44     30     36     36     26      0     39     31 
  7464   7472   7850   7565   6742   6674   6877   8037   7061   6912   6822   7570   8017   7317   7054   8007   9882   9531   9563 
 17236  13361     51    148   7850   6674   7472   6742   7464   7565   6912   7061   8037   8017   9882   7317   9531   7054   9563   8007   7570   6822   6877  13564  26304      0      0  65535 
     0      0      0      0      0      0      0      0      0      0      0      0      0      0      0      0      0      0      0 
     0      0      0      0      0      0      0      0      0      0      0      0      0      0      0      0      0      0      0 
     0      0      0      0      0      0      0      0      0      0      0      0      0      0      0      0      0      0      0 
0 -1 -1
    10     15     18     10     17     17     11     11     15     15     13     22     15     18     18     13      0     22     16 
  6848   6916   7144   7051   6349   6303   6302   7371   6698   6555   6433   6814   7424   6884   6601   7303   9749   8734   8638 
 17236  13361     51    149   7144   6303   6916   6349   6848   7051   6555   6698   7371   7424   9749   6884   8734   6601   8638   7303   6814   6433   6302  13544  26304      0      0  65535 
     0      0      0      0      0      0      0      0      0      0      0      0      0      0      0      0      0      0      0 
     0      0      0      0      0      0      0      0      0      0      0      0      0      0      0      0      0      0      0 
     0      0      0      0      0      0      0      0      0      0      0      0      0      0      0      0      0      0      0 
0 -1 -1
     0      0      1      0      2      2      0      0      0      1      0      0      0      0      0      0      0      2      1 
  6106   6283   6350   6484   5982   5904   5748   6591   6313   6219   6044   6057   6779   6449   6157   6613   9616   7817   7603 
 17236  13361     51    149   6350   5904   6283   5982   6106   6484   6219   6313   6591   6779   9616   6449   7817   6157   7603   6613   6057   6044   5748  13542  26304      0      0  65535 
     0      0      0      0      0      0      0      0      0      0      0      0      0      0      0      0      0      0      0 
     0      0      0      0      0      0      0      0      0      0      0      0      0      0      0      0      0      0      0 
     0      0      0      0      0      0      0      0      0      0      0      0      0      0      0      0      0      0      0 
0 -1 -1
     0      0      0      0      0      0      0      0      0      0      0      0      0      0      0      0      0      0      0 
  5681   5907   5863   6157   5810   5674   5420   6163   6114   6045   5826   5577   6411   6243   5941   6207   9549   7257   6925 
 17236  13361     51    150   5863   5674   5907   5810   5681   6157   6045   6114   6163   6411   9549   6243   7257   5941   6925   6207   5577   5826   5420  13544  26304      0      0  65535 
     0      0      0      0      0      0      0      0      0      0      0      0      0      0      0      0      0      0      0 
     0      0      0      0      0      0      0      0      0      0      0      0      0      0      0      0      0      0      0 
     0      0      0      0      0      0      0      0      0      0      0      0      0      0      0      0      0      0      0 
0 -1 -1
     0      0      0      0      0      0      0      0      0      0      0      0      0      0      0      0      0      0      0 
  5397   5668   5564   5927   5729   5532   5180   5863   5991   5948   5684   5290   6147   6166   5835   5931   9496   6890   6462 
 17236  13361     51    151   5564   5532   5668   5729   5397   5927   5948   5991   5863   6147   9496   6166   6890   5835   6462   5931   5290   5684   5180  13544  26304      0      0  65535 
     0      0      0      0      0      0      0      0      0      0      0      0      0      0      0      0      0      0      0 
     0      0      0      0      0      0      0      0      0      0      0      0      0      0      0      0      0      0      0 
     0      0      0      0      0      0      0      0      0      0      0      0      0      0      0      0      0      0      0 
0 -1 -1
     0      0      0      0      0      0      0      0      0      0      0      0      0      0      0      0      0      0      0 
  5241   5440   5264   5690   5692   5373   4886   5650   5864   5867   5470   5073   5780   6162   5761   5559   9417   6485   5975 
 17236  13361     51    151   5264   5373   5440   5692   5241   5690   5867   5864   5650   5780   9417   6162   6485   5761   5975   5559   5073   5470   4886  13544  26304      0      0  65535 
     0      0      0      0      0      0      0      0      0      0      0      0      0      0      0      0      0      0      0 
     0      0      0      0      0      0      0      0      0      0      0      0      0      0      0      0      0      0      0 
     0      0      0      0      0      0      0      0      0      0      0      0      0      0      0      0      0      0      0 
0 -1 -1
     0      0      0      0      0      0      0      0      0      0      0      0      0      0      0      0      0      0      0 
  5242   5429   5255   5672   5693   5345   4855   5650   5846   5858   5419   5073   5699   6160   5753   5468   9409   6368   5843 
 17236  13361     51    152   5255   5345   5429   5693   5242   5672   5858   5846   5650   5699   9409   6160   6368   5753   5843   5468   5073   5419   4855  13544  26306      0      0  65535 
     0      0      0      0      0      0      0      0      0      0      0      0      0      0      0      0      0      0      0 
     0      0      0      0      0      0      0      0      0      0      0      0      0      0      0      0      0      0      0 
     0      0      0      0      0      0      0      0      0      0      0      0      0      0      0      0      0      0      0 
0 -1 -1
     0      0      0      0      0      0      0      0      0      0      0      0      0      0      0      0      0      0      0 
  5243   5429   5256   5674   5694   5344   4854   5653   5847   5858   5418   5073   5698   6161   5752   5467   9410   6366   5845 
 17236  13361     51    152   5256   5344   5429   5694   5243   5674   5858   5847   5653   5698   9410   6161   6366   5752   5845   5467   5073   5418   4854  13543  26305      0      0  65535 
     0      0      0      0      0      0      0      0      0      0      0      0      0      0      0      0      0      0      0 
     0      0      0      0      0      0      0      0      0      0      0      0      0      0      0      0      0      0      0 
     0      0      0      0      0      0      0      0      0      0      0      0      0      0      0      0      0      0      0 
0 -1 -1
     0      0      0      0      0      0      0      0      0      0      0      0      0      0      0      0      0      0      0 
  5244   5429   5255   5672   5693   5346   4855   5652   5847   5858   5418   5072   5698   6160   5752   5466   9407   6367   5843 
 17236  13361     51    151   5255   5346   5429   5693   5244   5672   5858   5847   5652   5698   9407   6160   6367   5752   5843   5466   5072   5418   4855  13539  26305      0      0  65535 
     0      0      0      0      0      0      0      0      0      0      0      0      0      0      0      0      0      0      0 
     0      0      0      0      0      0      0      0      0      0      0      0      0      0      0      0      0      0      0 
     0      0      0      0      0      0      0      0      0      0      0      0      0      0      0      0      0      0      0 
0 -1 -1
     0      0      0      0      0      0      0      0      0      0      0      0      0      0      0      0      0      0      0 
  5241   5430   5256   5674   5693   5346   4857   5652   5846   5859   5418   5073   5698   6160   5753   5466   9400   6366   5843 
 17236  13361     51    152   5256   5346   5430   5693   5241   5674   5859   5846   5652   5698   9400   6160   6366   5753   5843   5466   5073   5418   4857  13538  26305      1      0  65535 
     0      0      0      0      0      0      0      0      0      0      0      0      0      0      0      0      0      0      0 
     0      0      0      0      0      0      0      0      0      0      0      0      0      0      0      0      0      0      0 
     0      0      0      0      0      0      0      0      0      0      0      0      0      0      0      0      0      0      0 
0 -1 -1
     0      0      0      0      0      0      0      0      0      0      0      0      0      0      0      0      0      0      0 
  5243   5429   5256   5672   5693   5344   4855   5652   5848   5859   5418   5072   5698   6159   5752   5467   9404   6366   5843 
 17236  13361     51    151   5256   5344   5429   5693   5243   5672   5859   5848   5652   5698   9404   6159   6366   5752   5843   5467   5072   5418   4855  13538  26305      0      0  65535 
     0      0      0      0      0      0      0      0      0      0      0      0      0      0      0      0      0      0      0 
     0      0      0      0      0      0      0      0      0      0      0      0      0      0      0      0      0      0      0 
     0      0      0      0      0      0      0      0      0      0      0      0      0      0      0      0      0      0      0 
0 -1 -1
     0      0      0      0      0      0      0      0      0      0      0      0      0      0      0      0      0      0      0 
  5243   5430   5256   5674   5694   5346   4858   5654   5847   5858   5418   5072   5699   6161   5752   5466   9416   6365   5845 
 17236  13361     51    152   5256   5346   5430   5694   5243   5674   5858   5847   5654   5699   9416   6161   6365   5752   5845   5466   5072   5418   4858  13537  26304      0      0  65535 
     0      0      0      0      0      0      0      0      0      0      0      0      0      0      0      0      0      0      0 
     0      0      0      0      0      0      0      0      0      0      0      0      0      0      0      0      0      0      0 
     0      0      0      0      0      0      0      0      0      0      0      0      0      0      0      0      0      0      0 
0 -1 -1
     0      0      0      0      0      0      0      0      0      0      0      0      0      0      0      0      0      0      0 
  5244   5430   5257   5675   5695   5345   4855   5653   5847   5858   5418   5073   5699   6161   5754   5467   9406   6365   5845 
 17236  13361     51    151   5257   5345   5430   5695   5244   5675   5858   5847   5653   5699   9406   6161   6365   5754   5845   5467   5073   5418   4855  13537  26304      0      1  65535 
     0      0      0      0      0      0      0      0      0      0      0      0      0      0      0      0      0      0      0 
     0      0      0      0      0      0      0      0      0      0      0      0      0      0      0      0      0      0      0 
     0      0      0      0      0      0      0      0      0      0      0      0      0      0      0      0      0      0      0 
0 -1 -1
     0      0      0      0      0      0      0      0      0      0      0      0      0      0      0      0      0      0      0 
  5245   5431   5258   5675   5695   5346   4856   5654   5848   5860   5419   5073   5698   6162   5754   5469   9396   6367   5846 
 17236  13361     51    151   5258   5346   5431   5695   5245   5675   5860   5848   5654   5698   9396   6162   6367   5754   5846   5469   5073   5419   4856  13538  26305      0      1  65535 
     0      0      0      0      0      0      0      0      0      0      0      0      0      0      0      0      0      0      0 
     0      0      0      0      0      0      0      0      0      0      0      0      0      0      0      0      0      0      0 
     0      0      0      0      0      0      0      0      0      0      0      0      0      0      0      0      0      0      0 
0 -1 -1
     0      0      0      0      0      0      0      0      0      0      0      0      0      0      0      0      0      0      0 
  5246   5432   5258   5676   5696   5346   4856   5654   5848   5860   5420   5073   5698   6162   5752   5468   9413   6367   5847 
 17236  13361     51    152   5258   5346   5432   5696   5246   5676   5860   5848   5654   5698   9413   6162   6367   5752   5847   5468   5073   5420   4856  13538  26304      0      0  65535 
     0      0      0      0      0      0      0      0      0      0      0      0      0      0      0      0      0      0      0 
     0      0      0      0      0      0      0      0      0      0      0      0      0      0      0      0      0      0      0 
     0      0      0      0      0      0      0      0      0      0      0      0      0      0      0      0      0      0      0 
0 -1 -1
     0      0      0      0      0      0      0      0      0      0      0      0      0      0      0      0      0      0      0 
  5247   5433   5260   5676   5697   5347   4858   5656   5848   5861   5419   5074   5700   6163   5754   5468   9409   6368   5847 
 17236  13361     51    152   5260   5347   5433   5697   5247   5676   5861   5848   5656   5700   9409   6163   6368   5754   5847   5468   5074   5419   4858  13538  26305      0      0  65535 
     0      0      0      0      0      0      0      0      0      0      0      0      0      0      0      0      0      0      0 
     0      0      0      0      0      0      0      0      0      0      0      0      0      0      0      0      0      0      0 
     0      0      0      0      0      0      0      0      0      0      0      0      0      0      0      0      0      0      0 
0 -1 -1
     0      0      0      0      0      0      0      0      0      0      0      0      0      0      0      0      0      0      0 
  5247   5433   5258   5676   5697   5347   4858   5656   5847   5860   5420   5076   5701   6162   5753   5468   9409   6369   5845 
 17236  13361     51    151   5258   5347   5433   5697   5247   5676   5860   5847   5656   5701   9409   6162   6369   5753   5845   5468   5076   5420   4858  13539  26305      0      0  65535 
     0      0      0      0      0      0      0      0      0      0      0      0      0      0      0      0      0      0      0 
     0      0      0      0      0      0      0      0      0      0      0      0      0      0      0      0      0      0      0 
     0      0      0      0      0      0      0      0      0      0      0      0      0      0      0      0      0      0      0 
0 -1 -1
     0      0      0      0      0      0      0      0      0      0      0      0      0      0      0      0      0      0      0 
  5248   5433   5259   5678   5696   5347   4858   5658   5849   5861   5420   5075   5701   6162   5753   5469   9407   6368   5848 
 17236  13361     51    151   5259   5347   5433   5696   5248   5678   5861   5849   5658   5701   9407   6162   6368   5753   5848   5469   5075   5420   4858  13538  26305      1      0  65535 
     0      0      0      0      0      0      0      0      0      0      0      0      0      0      0      0      0      0      0 
     0      0      0      0      0      0      0      0      0      0      0      0      0      0      0      0      0      0      0 
     0      0      0      0      0      0      0      0      0      0      0      0      0      0      0      0      0      0      0 
0 -1 -1
     0      0      0      0      0      0      0      0      0      0      0      0      0      0      0      0      0      0      0 
  5247   5435   5259   5678   5697   5348   4858   5659   5849   5860   5421   5077   5702   6164   5756   5468   9407   6370   5848 
 17236  13361     51    152   5259   5348   5435   5697   5247   5678   5860   5849   5659   5702   9407   6164   6370   5756   5848   5468   5077   5421   4858  13538  26305      0      0  65535 
     0      0      0      0      0      0      0      0      0      0      0      0      0      0      0      0      0      0      0 
     0      0      0      0      0      0      0      0      0      0      0      0      0      0      0      0      0      0      0 
     0      0      0      0      0      0      0      0      0      0      0      0      0      0      0      0      0      0      0 
0 -1 -1
     0      0      0      0      0      0      0      0      0      0      0      0      0      0      0      0      0      0      0 
  5250   5435   5259   5680   5699   5349   4859   5659   5850   5863   5421   5077   5701   6163   5753   5469   9402   6370   5847 
 17236  13361     51    152   5259   5349   5435   5699   5250   5680   5863   5850   5659   5701   9402   6163   6370   5753   5847   5469   5077   5421   4859  13538  26305      0      0  65535 
     0      0      0      0      0      0      0      0      0      0      0      0      0      0      0      0      0      0      0 
     0      0      0      0      0      0      0      0      0      0      0      0      0      0      0      0      0      0      0 
     0      0      0      0      0      0      0      0      0      0      0      0      0      0      0      0      0      0      0 
0 -1 -1
