     2      3      4      2      0      2      8      5     12     32    106    230     88    255    255    255     18    255    229 
  4057   4127   4165   4392   4140   3889   3863   4625   4646   5004   6748  11464   7934  13562  21518  28711  10101  21358  19274 
 17236  13361     51    149   4165   3889   4127   4140   4057   4392   5004   4646   4625   7934  10101  13562  21358  21518  19274  28711  11464   6748   3863  13456  26304      0      0  65535 
     0      0      0      0      0      0      0      0      0      0      0      0      0      0      0      0      0      0      0 
     0      0      0      0      0      0      0      0      0      0      0      0      0      0      0      0      0      0      0 
     0      0      0      0      0      0      0      0      0      0      0      0      0      0      0      0      0      0      0 
0 -1 -1
     2      3      5      2      0      1      8      5     12     33    113    250     95    255    255    255     34    255    247 
  4063   4134   4169   4393   4133   3883   3868   4633   4652   5027   6938  12163   8268  14435  23152  31069  10796  22597  20407 
 17236  13361     51    149   4169   3883   4134   4133   4063   4393   5027   4652   4633   8268  10796  14435  22597  23152  20407  31069  12163   6938   3868  13449  26304      0      0  65535 
     0      0      0      0      0      0      0      0      0      0      0      0      0      0      0      0      0      0      0 
     0      0      0      0      0      0      0      0      0      0      0      0      0      0      0      0      0      0      0 
     0      0      0      0      0      0      0      0      0      0      0      0      0      0      0      0      0      0      0 
0 -1 -1
     2      3      5      2      0      1      8      5     12     34    119    255    103    255    255    255     70    255    255 
  4064   4133   4172   4393   4124   3874   3869   4638   4655   5041   7084  12716   8574  15216  24600  32626  12444  23821  21501 
 17236  13361     51    149   4172   3874   4133   4124   4064   4393   5041   4655   4638   8574  12444  15216  23821  24600  21501  32626  12716   7084   3869  13448  26304      0      0  65535 
     0      0      0      0      0      0      0      0      0      0      0      0      0      0      0      0      0      0      0 
     0      0      0      0      0      0      0      0      0      0      0      0      0      0      0      0      0      0      0 
     0      0      0      0      0      0      0      0      0      0      0      0      0      0      0      0      0      0      0 
0 -1 -1
     2      3      5      2      0      1      8      5     13     35    124    255    110    255    255    255     86    255    255 
  4067   4135   4175   4394   4117   3868   3872   4644   4658   5056   7215  13191   8882  15934  25865  32766  13189  24815  22340 
 17236  13361     51    149   4175   3868   4135   4117   4067   4394   5056   4658   4644   8882  13189  15934  24815  25865  22340  32766  13191   7215   3872  13448  26304      0      0  65535 
     0      0      0      0      0      0      0      0      0      0      0      0      0      0      0      0      0      0      0 
     0      0      0      0      0      0      0      0      0      0      0      0      0      0      0      0      0      0      0 
     0      0      0      0      0      0      0      0      0      0      0      0      0      0      0      0      0      0      0 
0 -1 -1
     2      3      5      2      0      1      8      5     13     35    128    255    111    255    255    255     40    255    255 
  4069   4138   4179   4394   4114   3861   3877   4644   4658   5066   7344  13884   8910  16176  26704  32766  11070  25075  22863 
 17236  13361     51    149   4179   3861   4138   4114   4069   4394   5066   4658   4644   8910  11070  16176  25075  26704  22863  32766  13884   7344   3877  13448  26305      0      0  65535 
     0      0      0      0      0      0      0      0      0      0      0      0      0      0      0      0      0      0      0 
     0      0      0      0      0      0      0      0      0      0      0      0      0      0      0      0      0      0      0 
     0      0      0      0      0      0      0      0      0      0      0      0      0      0      0      0      0      0      0 
0 -1 -1
     2      3      5      2      0      1      8      5     12     34    129    255    102    255    255    255     16    255    255 
  4068   4138   4183   4393   4114   3863   3884   4634   4649   5049   7364  14361   8555  15679  26561  32766   9975  24351  22793 
 17236  13361     51    149   4183   3863   4138   4114   4068   4393   5049   4649   4634   8555   9975  15679  24351  26561  22793  32766  14361   7364   3884  13445  26304      0      0  65535 
     0      0      0      0      0      0      0      0      0      0      0      0      0      0      0      0      0      0      0 
     0      0      0      0      0      0      0      0      0      0      0      0      0      0      0      0      0      0      0 
     0      0      0      0      0      0      0      0      0      0      0      0      0      0      0      0      0      0      0 
0 -1 -1
     2      3      5      2      0      1      8      5     12     33    128    255     91    255    255    255     13    255    255 
  4064   4138   4185   4392   4119   3867   3889   4622   4638   5027   7335  14610   8095  14890  25832  32766   9838  23041  22167 
 17236  13361     51    149   4185   3867   4138   4119   4064   4392   5027   4638   4622   8095   9838  14890  23041  25832  22167  32766  14610   7335   3889  13446  26304      0      1  65535 
     0      0      0      0      0      0      0      0      0      0      0      0      0      0      0      0      0      0      0 
     0      0      0      0      0      0      0      0      0      0      0      0      0      0      0      0      0      0      0 
     0      0      0      0      0      0      0      0      0      0      0      0      0      0      0      0      0      0      0 
0 -1 -1
     2      3      5      2      0      1      8      4     12     33    126    255     82    255    255    255     11    255    255 
  4066   4139   4186   4393   4126   3877   3899   4614   4634   5018   7284  14640   7698  14141  24843  32766   9748  21570  21005 
 17236  13361     51    149   4186   3877   4139   4126   4066   4393   5018   4634   4614   7698   9748  14141  21570  24843  21005  32766  14640   7284   3899  13447  26304      0      0  65535 
     0      0      0      0      0      0      0      0      0      0      0      0      0      0      0      0      0      0      0 
     0      0      0      0      0      0      0      0      0      0      0      0      0      0      0      0      0      0      0 
     0      0      0      0      0      0      0      0      0      0      0      0      0      0      0      0      0      0      0 
0 -1 -1
     2      3      5      2      0      2      9      4     11     31    112    255     66    255    255    255      8    255    220 
  4064   4143   4190   4394   4144   3894   3905   4600   4625   4970   6907  13607   7048  12531  22015  31818   9618  18845  18675 
 17236  13361     51    149   4190   3894   4143   4144   4064   4394   4970   4625   4600   7048   9618  12531  18845  22015  18675  31818  13607   6907   3905  13449  26303      0      0  65535 
     0      0      0      0      0      0      0      0      0      0      0      0      0      0      0      0      0      0      0 
     0      0      0      0      0      0      0      0      0      0      0      0      0      0      0      0      0      0      0 
     0      0      0      0      0      0      0      0      0      0      0      0      0      0      0      0      0      0      0 
0 -1 -1
     2      3      5      2      1      3      8      4     10     25     79    201     41    207    255    255      2    204    151 
  4054   4145   4191   4391   4175   3929   3898   4566   4595   4838   6000  10472   5966   9500  16180  23325   9372  14149  14147 
 17236  13361     51    149   4191   3929   4145   4175   4054   4391   4838   4595   4566   5966   9372   9500  14149  16180  14147  23325  10472   6000   3898  13449  26304      0      0  65535 
     0      0      0      0      0      0      0      0      0      0      0      0      0      0      0      0      0      0      0 
     0      0      0      0      0      0      0      0      0      0      0      0      0      0      0      0      0      0      0 
     0      0      0      0      0      0      0      0      0      0      0      0      0      0      0      0      0      0      0 
0 -1 -1
     2      3      5      2      2      4      7      3      9     19     46     98     24    105    255    194      0    112     79 
  4037   4134   4173   4381   4193   3946   3851   4529   4558   4689   5115   6973   5269   7064  10498  14011   9230   9924   9466 
 17236  13361     51    149   4173   3946   4134   4193   4037   4381   4689   4558   4529   5269   9230   7064   9924  10498   9466  14011   6973   5115   3851  13450  26304      0      0  65535 
     0      0      0      0      0      0      0      0      0      0      0      0      0      0      0      0      0      0      0 
     0      0      0      0      0      0      0      0      0      0      0      0      0      0      0      0      0      0      0 
     0      0      0      0      0      0      0      0      0      0      0      0      0      0      0      0      0      0      0 
0 -1 -1
     2      2      4      2      2      4      6      3      8     15     29     49     17     59    135    103      0     63     41 
  4026   4124   4153   4371   4196   3943   3800   4505   4528   4590   4638   5336   4959   5972   7491   9282   9172   7692   7011 
 17236  13361     51    149   4153   3943   4124   4196   4026   4371   4590   4528   4505   4959   9172   5972   7692   7491   7011   9282   5336   4638   3800  13451  26304      0      0  65535 
     0      0      0      0      0      0      0      0      0      0      0      0      0      0      0      0      0      0      0 
     0      0      0      0      0      0      0      0      0      0      0      0      0      0      0      0      0      0      0 
     0      0      0      0      0      0      0      0      0      0      0      0      0      0      0      0      0      0      0 
0 -1 -1
     1      2      4      2      2      3      5      2      6      9     15     20      9     25     49     40      0     27     17 
  4005   4105   4122   4350   4185   3923   3733   4466   4476   4464   4253   4331   4646   5156   5341   6023   9108   6021   5439 
 17236  13361     51    150   4122   3923   4105   4185   4005   4350   4464   4476   4466   4646   9108   5156   6021   5341   5439   6023   4331   4253   3733  13451  26304      1      0  65535 
     0      0      0      0      0      0      0      0      0      0      0      0      0      0      0      0      0      0      0 
     0      0      0      0      0      0      0      0      0      0      0      0      0      0      0      0      0      0      0 
     0      0      0      0      0      0      0      0      0      0      0      0      0      0      0      0      0      0      0 
0 -1 -1
     1      1      3      1      1      2      2      1      3      4      5      5      4      7     10      9      0      7      5 
  3978   4077   4082   4318   4161   3888   3644   4411   4407   4344   3983   3819   4417   4722   4365   4437   9051   5115   4667 
 17236  13361     51    150   4082   3888   4077   4161   3978   4318   4344   4407   4411   4417   9051   4722   5115   4365   4667   4437   3819   3983   3644  13450  26305      0      0  65535 
     0      0      0      0      0      0      0      0      0      0      0      0      0      0      0      0      0      0      0 
     0      0      0      0      0      0      0      0      0      0      0      0      0      0      0      0      0      0      0 
     0      0      0      0      0      0      0      0      0      0      0      0      0      0      0      0      0      0      0 
0 -1 -1
     0      1      2      0      0      0      0      0      0      0      0      0      0      0      0      0      0      0      0 
  3944   4043   4035   4280   4128   3845   3552   4347   4339   4248   3828   3616   4267   4535   4080   3925   9034   4767   4339 
 17236  13361     51    150   4035   3845   4043   4128   3944   4280   4248   4339   4347   4267   9034   4535   4767   4080   4339   3925   3616   3828   3552  13452  26304      0      0  65535 
     0      0      0      0      0      0      0      0      0      0      0      0      0      0      0      0      0      0      0 
     0      0      0      0      0      0      0      0      0      0      0      0      0      0      0      0      0      0      0 
     0      0      0      0      0      0      0      0      0      0      0      0      0      0      0      0      0      0      0 
0 -1 -1
     0      0      0      0      0      0      0      0      0      0      0      0      0      0      0      0      0      0      0 
  3886   3989   3960   4217   4081   3790   3476   4261   4275   4182   3757   3545   4169   4466   4010   3807   8999   4653   4217 
 17236  13361     51    150   3960   3790   3989   4081   3886   4217   4182   4275   4261   4169   8999   4466   4653   4010   4217   3807   3545   3757   3476  13460  26304      0      0  65535 
     0      0      0      0      0      0      0      0      0      0      0      0      0      0      0      0      0      0      0 
     0      0      0      0      0      0      0      0      0      0      0      0      0      0      0      0      0      0      0 
     0      0      0      0      0      0      0      0      0      0      0      0      0      0      0      0      0      0      0 
0 -1 -1
     0      0      0      0      0      0      0      0      0      0      0      0      0      0      0      0      0      0      0 
  3830   3943   3893   4170   4056   3754   3435   4196   4244   4156   3732   3521   4122   4445   3998   3783   8984   4617   4172 
 17236  13361     51    150   3893   3754   3943   4056   3830   4170   4156   4244   4196   4122   8984   4445   4617   3998   4172   3783   3521   3732   3435  13464  26306      0      0  65535 
     0      0      0      0      0      0      0      0      0      0      0      0      0      0      0      0      0      0      0 
     0      0      0      0      0      0      0      0      0      0      0      0      0      0      0      0      0      0      0 
     0      0      0      0      0      0      0      0      0      0      0      0      0      0      0      0      0      0      0 
0 -1 -1
     0      0      0      0      0      0      0      0      0      0      0      0      0      0      0      0      0      0      0 
  3813   3930   3873   4157   4053   3747   3426   4180   4236   4156   3733   3520   4116   4448   4000   3782   8989   4617   4168 
 17236  13361     51    150   3873   3747   3930   4053   3813   4157   4156   4236   4180   4116   8989   4448   4617   4000   4168   3782   3520   3733   3426  13454  26304      0      0  65535 
     0      0      0      0      0      0      0      0      0      0      0      0      0      0      0      0      0      0      0 
     0      0      0      0      0      0      0      0      0      0      0      0      0      0      0      0      0      0      0 
     0      0      0      0      0      0      0      0      0      0      0      0      0      0      0      0      0      0      0 
0 -1 -1
     0      0      0      0      0      0      0      0      0      0      0      0      0      0      0      0      0      0      0 
  3816   3931   3875   4161   4058   3753   3436   4185   4243   4164   3740   3529   4125   4457   4008   3795   8989   4628   4181 
 17236  13361     51    150   3875   3753   3931   4058   3816   4161   4164   4243   4185   4125   8989   4457   4628   4008   4181   3795   3529   3740   3436  13454  26305      0      0  65535 
     0      0      0      0      0      0      0      0      0      0      0      0      0      0      0      0      0      0      0 
     0      0      0      0      0      0      0      0      0      0      0      0      0      0      0      0      0      0      0 
     0      0      0      0      0      0      0      0      0      0      0      0      0      0      0      0      0      0      0 
0 -1 -1
     0      0      0      0      0      0      0      0      0      0      0      0      0      0      0      0      0      0      0 
  3818   3932   3876   4164   4059   3755   3434   4186   4243   4164   3740   3529   4126   4455   4007   3795   9002   4628   4182 
 17236  13361     51    150   3876   3755   3932   4059   3818   4164   4164   4243   4186   4126   9002   4455   4628   4007   4182   3795   3529   3740   3434  13454  26305      0      0  65535 
     0      0      0      0      0      0      0      0      0      0      0      0      0      0      0      0      0      0      0 
     0      0      0      0      0      0      0      0      0      0      0      0      0      0      0      0      0      0      0 
     0      0      0      0      0      0      0      0      0      0      0      0      0      0      0      0      0      0      0 
0 -1 -1
     0      0      0      0      0      0      0      0      0      0      0      0      0      0      0      0      0      0      0 
  3813   3929   3871   4161   4058   3752   3434   4183   4241   4162   3741   3528   4125   4454   4008   3795   9002   4625   4180 
 17236  13361     51    150   3871   3752   3929   4058   3813   4161   4162   4241   4183   4125   9002   4454   4625   4008   4180   3795   3528   3741   3434  13454  26304      0      0  65535 
     0      0      0      0      0      0      0      0      0      0      0      0      0      0      0      0      0      0      0 
     0      0      0      0      0      0      0      0      0      0      0      0      0      0      0      0      0      0      0 
     0      0      0      0      0      0      0      0      0      0      0      0      0      0      0      0      0      0      0 
0 -1 -1
     0      0      0      0      0      0      0      0      0      0      0      0      0      0      0      0      0      0      0 
  3817   3932   3874   4165   4059   3755   3434   4188   4245   4166   3742   3532   4130   4456   4011   3797   9004   4630   4184 
 17236  13361     51    150   3874   3755   3932   4059   3817   4165   4166   4245   4188   4130   9004   4456   4630   4011   4184   3797   3532   3742   3434  13455  26303      0      0  65535 
     0      0      0      0      0      0      0      0      0      0      0      0      0      0      0      0      0      0      0 
     0      0      0      0      0      0      0      0      0      0      0      0      0      0      0      0      0      0      0 
     0      0      0      0      0      0      0      0      0      0      0      0      0      0      0      0      0      0      0 
0 -1 -1
     0      0      0      0      0      0      0      0      0      0      0      0      0      0      0      0      0      0      0 
  3816   3930   3872   4160   4057   3752   3430   4183   4242   4164   3739   3528   4125   4453   4008   3796   8998   4625   4178 
 17236  13361     51    150   3872   3752   3930   4057   3816   4160   4164   4242   4183   4125   8998   4453   4625   4008   4178   3796   3528   3739   3430  13456  26304      0      0  65535 
     0      0      0      0      0      0      0      0      0      0      0      0      0      0      0      0      0      0      0 
     0      0      0      0      0      0      0      0      0      0      0      0      0      0      0      0      0      0      0 
     0      0      0      0      0      0      0      0      0      0      0      0      0      0      0      0      0      0      0 
0 -1 -1
     0      0      0      0      0      0      0      0      0      0      0      0      0      0      0      0      0      0      0 
  3798   3917   3857   4148   4051   3744   3418   4165   4233   4156   3730   3515   4112   4444   4003   3782   9001   4611   4162 
 17236  13361     51    150   3857   3744   3917   4051   3798   4148   4156   4233   4165   4112   9001   4444   4611   4003   4162   3782   3515   3730   3418  13456  26304      0      0  65535 
     0      0      0      0      0      0      0      0      0      0      0      0      0      0      0      0      0      0      0 
     0      0      0      0      0      0      0      0      0      0      0      0      0      0      0      0      0      0      0 
     0      0      0      0      0      0      0      0      0      0      0      0      0      0      0      0      0      0      0 
0 -1 -1
     0      0      0      0      0      0      0      0      0      0      0      0      0      0      0      0      0      0      0 
  3786   3909   3846   4139   4046   3739   3411   4152   4227   4151   3726   3510   4103   4442   4002   3777   9003   4606   4157 
 17236  13361     51    150   3846   3739   3909   4046   3786   4139   4151   4227   4152   4103   9003   4442   4606   4002   4157   3777   3510   3726   3411  13456  26303      0      0  65535 
     0      0      0      0      0      0      0      0      0      0      0      0      0      0      0      0      0      0      0 
     0      0      0      0      0      0      0      0      0      0      0      0      0      0      0      0      0      0      0 
     0      0      0      0      0      0      0      0      0      0      0      0      0      0      0      0      0      0      0 
0 -1 -1
     0      0      0      0      0      0      0      0      0      0      0      0      0      0      0      0      0      0      0 
  3782   3906   3839   4136   4044   3738   3404   4146   4225   4151   3724   3508   4098   4437   4001   3772   9002   4602   4152 
 17236  13361     51    150   3839   3738   3906   4044   3782   4136   4151   4225   4146   4098   9002   4437   4602   4001   4152   3772   3508   3724   3404  13454  26302      0      0  65535 
     0      0      0      0      0      0      0      0      0      0      0      0      0      0      0      0      0      0      0 
     0      0      0      0      0      0      0      0      0      0      0      0      0      0      0      0      0      0      0 
     0      0      0      0      0      0      0      0      0      0      0      0      0      0      0      0      0      0      0 
0 -1 -1
     0      0      0      0      0      0      0      0      0      0      0      0      0      0      0      0      0      0      0 
  3767   3893   3823   4121   4038   3730   3390   4129   4216   4147   3714   3495   4085   4429   3992   3761   8996   4591   4137 
 17236  13361     51    150   3823   3730   3893   4038   3767   4121   4147   4216   4129   4085   8996   4429   4591   3992   4137   3761   3495   3714   3390  13450  26304      0      0  65535 
     0      0      0      0      0      0      0      0      0      0      0      0      0      0      0      0      0      0      0 
     0      0      0      0      0      0      0      0      0      0      0      0      0      0      0      0      0      0      0 
     0      0      0      0      0      0      0      0      0      0      0      0      0      0      0      0      0      0      0 
0 -1 -1
     0      0      0      0      0      0      0      0      0      0      0      0      0      0      0      0      0      0      0 
  3766   3892   3817   4117   4036   3729   3389   4125   4217   4145   3714   3496   4083   4428   3996   3763   8996   4591   4140 
 17236  13361     51    150   3817   3729   3892   4036   3766   4117   4145   4217   4125   4083   8996   4428   4591   3996   4140   3763   3496   3714   3389  13450  26304      0      0  65535 
     0      0      0      0      0      0      0      0      0      0      0      0      0      0      0      0      0      0      0 
     0      0      0      0      0      0      0      0      0      0      0      0      0      0      0      0      0      0      0 
     0      0      0      0      0      0      0      0      0      0      0      0      0      0      0      0      0      0      0 
0 -1 -1
     0      0      0      0      0      0      0      0      0      0      0      0      0      0      0      0      0      0      0 
  3775   3899   3825   4126   4043   3736   3397   4137   4223   4152   3725   3504   4095   4437   4003   3776   9006   4602   4153 
 17236  13361     51    150   3825   3736   3899   4043   3775   4126   4152   4223   4137   4095   9006   4437   4602   4003   4153   3776   3504   3725   3397  13453  26304      0      0  65535 
     0      0      0      0      0      0      0      0      0      0      0      0      0      0      0      0      0      0      0 
     0      0      0      0      0      0      0      0      0      0      0      0      0      0      0      0      0      0      0 
     0      0      0      0      0      0      0      0      0      0      0      0      0      0      0      0      0      0      0 
0 -1 -1
     0      0      0      0      0      0      0      0      0      0      0      0      0      0      0      0      0      0      0 
  3776   3901   3826   4128   4045   3737   3395   4135   4224   4152   3721   3505   4094   4437   4000   3774   9010   4601   4151 
 17236  13361     51    150   3826   3737   3901   4045   3776   4128   4152   4224   4135   4094   9010   4437   4601   4000   4151   3774   3505   3721   3395  13452  26304      0      0  65535 
     0      0      0      0      0      0      0      0      0      0      0      0      0      0      0      0      0      0      0 
     0      0      0      0      0      0      0      0      0      0      0      0      0      0      0      0      0      0      0 
     0      0      0      0      0      0      0      0      0      0      0      0      0      0      0      0      0      0      0 
0 -1 -1
