    16     16      8     22     34     14      7     26     85    103     74     69     28     73    109    136      9     31     51 
  6434   6276   5749   7077   6752   5863   5283   7595   8306   8433   7576   7568   7103   8092   8642  12719   9851   7957   9343 
 17236  13361     51    152   5749   5863   6276   6752   6434   7077   8433   8306   7595   7103   9851   8092   7957   8642   9343  12719   7568   7576   5283  13544  26305      0      0  65535 
     0      0      0      0      0      0      0      0      0      0      0      0      0      0      0      0      0      0      0 
     0      0      0      0      0      0      0      0      0      0      0      0      0      0      0      0      0      0      0 
     0      0      0      0      0      0      0      0      0      0      0      0      0      0      0      0      0      0      0 
0 -1 -1
    18     18      8     26     41     15      7     37    109    122     83     76     40     97    137    160     27     49     71 
  6606   6370   5776   7344   6918   5898   5303   8381   8929   8881   7831   7805   7607   8656   9339  13924  10694   8771  10626 
 17236  13361     51    152   5776   5898   6370   6918   6606   7344   8881   8929   8381   7607  10694   8656   8771   9339  10626  13924   7805   7831   5303  13544  26303      0      0  65535 
     0      0      0      0      0      0      0      0      0      0      0      0      0      0      0      0      0      0      0 
     0      0      0      0      0      0      0      0      0      0      0      0      0      0      0      0      0      0      0 
     0      0      0      0      0      0      0      0      0      0      0      0      0      0      0      0      0      0      0 
0 -1 -1
    21     20      9     31     46     15      7     51    134    141     89     78     56    128    173    187     27     71     92 
  6772   6456   5803   7613   7053   5909   5303   9307   9584   9327   7989   7867   8281   9403  10240  15335  10676   9803  12006 
 17236  13361     51    152   5803   5909   6456   7053   6772   7613   9327   9584   9307   8281  10676   9403   9803  10240  12006  15335   7867   7989   5303  13544  26303      0      0  65535 
     0      0      0      0      0      0      0      0      0      0      0      0      0      0      0      0      0      0      0 
     0      0      0      0      0      0      0      0      0      0      0      0      0      0      0      0      0      0      0 
     0      0      0      0      0      0      0      0      0      0      0      0      0      0      0      0      0      0      0 
0 -1 -1
    24     22      9     37     51     15      7     72    164    160     90     70     83    177    224    219     21    105    118 
  6964   6540   5825   7963   7177   5894   5289  10689  10390   9771   8021   7610   9406  10581  11508  17007  10409  11377  13699 
 17236  13361     51    152   5825   5894   6540   7177   6964   7963   9771  10390  10689   9406  10409  10581  11377  11508  13699  17007   7610   8021   5289  13544  26304      0      0  65535 
     0      0      0      0      0      0      0      0      0      0      0      0      0      0      0      0      0      0      0 
     0      0      0      0      0      0      0      0      0      0      0      0      0      0      0      0      0      0      0 
     0      0      0      0      0      0      0      0      0      0      0      0      0      0      0      0      0      0      0 
0 -1 -1
    26     23     10     40     50     13      6     87    179    160     77     50    115    232    255    252     25    133    142 
  7081   6584   5833   8079   7140   5848   5266  11728  10788   9765   7660   6913  10730  11893  12721  18751  10569  12639  15242 
 17236  13361     51    152   5833   5848   6584   7140   7081   8079   9765  10788  11728  10730  10569  11893  12639  12721  15242  18751   6913   7660   5266  13547  26305      1      0  65535 
     0      0      0      0      0      0      0      0      0      0      0      0      0      0      0      0      0      0      0 
     0      0      0      0      0      0      0      0      0      0      0      0      0      0      0      0      0      0      0 
     0      0      0      0      0      0      0      0      0      0      0      0      0      0      0      0      0      0      0 
0 -1 -1
    26     24     11     38     49     14      7     86    174    153     71     45    115    232    255    254     24    129    144 
  7101   6641   5890   8017   7117   5868   5293  11626  10656   9615   7493   6729  10750  11898  12720  18826  10521  12460  15400 
 17236  13361     51    152   5890   5868   6641   7117   7101   8017   9615  10656  11626  10750  10521  11898  12460  12720  15400  18826   6729   7493   5293  13547  26305      0      0  65535 
     0      0      0      0      0      0      0      0      0      0      0      0      0      0      0      0      0      0      0 
     0      0      0      0      0      0      0      0      0      0      0      0      0      0      0      0      0      0      0 
     0      0      0      0      0      0      0      0      0      0      0      0      0      0      0      0      0      0      0 
0 -1 -1
    26     25     11     39     51     15      7     86    178    158     77     51    114    233    255    255     24    131    146 
  7127   6681   5918   8051   7165   5901   5314  11647  10741   9734   7673   6953  10708  11921  12844  19054  10528  12578  15516 
 17236  13361     51    152   5918   5901   6681   7165   7127   8051   9734  10741  11647  10708  10528  11921  12578  12844  15516  19054   6953   7673   5314  13544  26304      0      0  65535 
     0      0      0      0      0      0      0      0      0      0      0      0      0      0      0      0      0      0      0 
     0      0      0      0      0      0      0      0      0      0      0      0      0      0      0      0      0      0      0 
     0      0      0      0      0      0      0      0      0      0      0      0      0      0      0      0      0      0      0 
0 -1 -1
    28     27     12     42     56     16      8     95    197    178     90     61    125    255    255    255     27    143    153 
  7253   6779   5969   8230   7284   5935   5339  12251  11267  10183   8022   7286  11173  12460  13466  20009  10689  13094  15932 
 17236  13361     51    152   5969   5935   6779   7284   7253   8230  10183  11267  12251  11173  10689  12460  13094  13466  15932  20009   7286   8022   5339  13544  26304      0      0  65535 
     0      0      0      0      0      0      0      0      0      0      0      0      0      0      0      0      0      0      0 
     0      0      0      0      0      0      0      0      0      0      0      0      0      0      0      0      0      0      0 
     0      0      0      0      0      0      0      0      0      0      0      0      0      0      0      0      0      0      0 
0 -1 -1
    30     29     13     45     60     18      9    100    210    193    104     76    127    255    255    255     27    145    156 
  7345   6851   6001   8377   7388   5979   5379  12565  11603  10549   8401   7793  11256  12631  13777  20621  10700  13212  16127 
 17236  13361     51    152   6001   5979   6851   7388   7345   8377  10549  11603  12565  11256  10700  12631  13212  13777  16127  20621   7793   8401   5379  13543  26305      0      0  65535 
     0      0      0      0      0      0      0      0      0      0      0      0      0      0      0      0      0      0      0 
     0      0      0      0      0      0      0      0      0      0      0      0      0      0      0      0      0      0      0 
     0      0      0      0      0      0      0      0      0      0      0      0      0      0      0      0      0      0      0 
0 -1 -1
    31     31     14     47     64     20     10    101    219    209    122     99    122    255    255    255     25    135    154 
  7429   6927   6049   8480   7492   6038   5440  12628  11827  10921   8887   8591  11020  12508  13854  21197  10584  12767  16022 
 17236  13361     51    152   6049   6038   6927   7492   7429   8480  10921  11827  12628  11020  10584  12508  12767  13854  16022  21197   8591   8887   5440  13541  26305      1      0  65535 
     0      0      0      0      0      0      0      0      0      0      0      0      0      0      0      0      0      0      0 
     0      0      0      0      0      0      0      0      0      0      0      0      0      0      0      0      0      0      0 
     0      0      0      0      0      0      0      0      0      0      0      0      0      0      0      0      0      0      0 
0 -1 -1
    32     32     15     48     68     23     12     99    223    223    138    122    111    243    255    255     23    122    148 
  7487   7000   6111   8558   7596   6108   5502  12513  11950  11242   9316   9348  10573  12148  13647  21311  10484  12162  15621 
 17236  13361     51    152   6111   6108   7000   7596   7487   8558  11242  11950  12513  10573  10484  12148  12162  13647  15621  21311   9348   9316   5502  13538  26303      0      0  65535 
     0      0      0      0      0      0      0      0      0      0      0      0      0      0      0      0      0      0      0 
     0      0      0      0      0      0      0      0      0      0      0      0      0      0      0      0      0      0      0 
     0      0      0      0      0      0      0      0      0      0      0      0      0      0      0      0      0      0      0 
0 -1 -1
    33     34     16     50     71     24     12    101    231    233    146    130    114    250    255    255     24    127    150 
  7562   7069   6159   8652   7679   6149   5528  12672  12153  11471   9546   9620  10710  12322  13870  21606  10524  12364  15755 
 17236  13361     51    152   6159   6149   7069   7679   7562   8652  11471  12153  12672  10710  10524  12322  12364  13870  15755  21606   9620   9546   5528  13536  26303      0      0  65535 
     0      0      0      0      0      0      0      0      0      0      0      0      0      0      0      0      0      0      0 
     0      0      0      0      0      0      0      0      0      0      0      0      0      0      0      0      0      0      0 
     0      0      0      0      0      0      0      0      0      0      0      0      0      0      0      0      0      0      0 
0 -1 -1
    34     34     16     51     73     24     12    105    237    238    147    128    120    255    255    255     25    132    151 
  7596   7089   6156   8725   7719   6152   5515  12893  12314  11586   9585   9575  10931  12525  14054  21603  10575  12609  15819 
 17236  13361     51    152   6156   6152   7089   7719   7596   8725  11586  12314  12893  10931  10575  12525  12609  14054  15819  21603   9575   9585   5515  13538  26303      0      0  65535 
     0      0      0      0      0      0      0      0      0      0      0      0      0      0      0      0      0      0      0 
     0      0      0      0      0      0      0      0      0      0      0      0      0      0      0      0      0      0      0 
     0      0      0      0      0      0      0      0      0      0      0      0      0      0      0      0      0      0      0 
0 -1 -1
    31     31     15     46     65     22     11     94    214    216    130    114    104    225    255    255     21    107    133 
  7409   6943   6069   8455   7527   6084   5447  12189  11718  11082   9111   9092  10270  11732  13103  20136  10417  11461  14632 
 17236  13361     51    152   6069   6084   6943   7527   7409   8455  11082  11718  12189  10270  10417  11732  11461  13103  14632  20136   9092   9111   5447  13536  26304      0      0  65535 
     0      0      0      0      0      0      0      0      0      0      0      0      0      0      0      0      0      0      0 
     0      0      0      0      0      0      0      0      0      0      0      0      0      0      0      0      0      0      0 
     0      0      0      0      0      0      0      0      0      0      0      0      0      0      0      0      0      0      0 
0 -1 -1
    23     21      9     33     45     15      7     62    151    154     89     78     68    152    198    208     14     53     86 
  6872   6516   5828   7698   7007   5900   5298  10035  10028   9640   7996   7878   8777   9993  10842  16457  10077   8977  11584 
 17236  13361     51    152   5828   5900   6516   7007   6872   7698   9640  10028  10035   8777  10077   9993   8977  10842  11584  16457   7878   7996   5298  13536  26304      0      0  65535 
     0      0      0      0      0      0      0      0      0      0      0      0      0      0      0      0      0      0      0 
     0      0      0      0      0      0      0      0      0      0      0      0      0      0      0      0      0      0      0 
     0      0      0      0      0      0      0      0      0      0      0      0      0      0      0      0      0      0      0 
0 -1 -1
    13     11      5     20     25      8      4     29     89     94     54     48     35     90    118    140      7     15     36 
  6282   6079   5614   6967   6506   5714   5167   7829   8394   8234   7053   6837   7367   8494   8844  12881   9766   7206   8360 
 17236  13361     51    152   5614   5714   6079   6506   6282   6967   8234   8394   7829   7367   9766   8494   7206   8844   8360  12881   6837   7053   5167  13537  26304      0      0  65535 
     0      0      0      0      0      0      0      0      0      0      0      0      0      0      0      0      0      0      0 
     0      0      0      0      0      0      0      0      0      0      0      0      0      0      0      0      0      0      0 
     0      0      0      0      0      0      0      0      0      0      0      0      0      0      0      0      0      0      0 
0 -1 -1
     5      5      2      9      9      3      2      7     34     40     27     31     10     34     50     86      2      2      9 
  5752   5788   5483   6353   6103   5587   5078   6343   6959   6980   6315   6254   6326   7166   7156  10087   9542   6618   6601 
 17236  13361     51    152   5483   5587   5788   6103   5752   6353   6980   6959   6343   6326   9542   7166   6618   7156   6601  10087   6254   6315   5078  13537  26304      0      1  65535 
     0      0      0      0      0      0      0      0      0      0      0      0      0      0      0      0      0      0      0 
     0      0      0      0      0      0      0      0      0      0      0      0      0      0      0      0      0      0      0 
     0      0      0      0      0      0      0      0      0      0      0      0      0      0      0      0      0      0      0 
0 -1 -1
     1      1      1      1      2      1      1      0      4      6      8     10      1      2      3     15      0      1      1 
  5473   5627   5414   5940   5919   5535   5022   5911   6167   6171   5787   5561   5948   6395   5986   6396   9456   6564   6042 
 17236  13361     51    153   5414   5535   5627   5919   5473   5940   6171   6167   5911   5948   9456   6395   6564   5986   6042   6396   5561   5787   5022  13536  26304      0      0  65535 
     0      0      0      0      0      0      0      0      0      0      0      0      0      0      0      0      0      0      0 
     0      0      0      0      0      0      0      0      0      0      0      0      0      0      0      0      0      0      0 
     0      0      0      0      0      0      0      0      0      0      0      0      0      0      0      0      0      0      0 
0 -1 -1
     0      1      0      1      1      1      1      0      2      2      2      1      1      2      2      1      0      1      0 
  5452   5615   5410   5909   5915   5535   5017   5905   6091   6085   5615   5253   5946   6390   5951   5659   9453   6566   6013 
 17236  13361     51    153   5410   5535   5615   5915   5452   5909   6085   6091   5905   5946   9453   6390   6566   5951   6013   5659   5253   5615   5017  13536  26304      0      0  65535 
     0      0      0      0      0      0      0      0      0      0      0      0      0      0      0      0      0      0      0 
     0      0      0      0      0      0      0      0      0      0      0      0      0      0      0      0      0      0      0 
     0      0      0      0      0      0      0      0      0      0      0      0      0      0      0      0      0      0      0 
0 -1 -1
     0      1      1      1      1      1      1      0      1      2      2      1      1      2      2      1      0      1      0 
  5452   5616   5411   5912   5915   5536   5020   5904   6089   6085   5615   5256   5947   6389   5952   5655   9454   6566   6015 
 17236  13361     51    153   5411   5536   5616   5915   5452   5912   6085   6089   5904   5947   9454   6389   6566   5952   6015   5655   5256   5615   5020  13537  26305      0      0  65535 
     0      0      0      0      0      0      0      0      0      0      0      0      0      0      0      0      0      0      0 
     0      0      0      0      0      0      0      0      0      0      0      0      0      0      0      0      0      0      0 
     0      0      0      0      0      0      0      0      0      0      0      0      0      0      0      0      0      0      0 
0 -1 -1
     0      1      1      1      1      1      1      0      2      2      2      1      1      2      2      1      0      1      0 
  5455   5619   5414   5911   5916   5538   5021   5906   6090   6084   5615   5257   5947   6390   5953   5656   9462   6568   6018 
 17236  13361     51    153   5414   5538   5619   5916   5455   5911   6084   6090   5906   5947   9462   6390   6568   5953   6018   5656   5257   5615   5021  13538  26303      0      0  65535 
     0      0      0      0      0      0      0      0      0      0      0      0      0      0      0      0      0      0      0 
     0      0      0      0      0      0      0      0      0      0      0      0      0      0      0      0      0      0      0 
     0      0      0      0      0      0      0      0      0      0      0      0      0      0      0      0      0      0      0 
0 -1 -1
     1      1      1      1      2      2      1      0      2      2      2      1      1      2      2      1      0      1      0 
  5459   5621   5415   5913   5918   5540   5024   5910   6090   6087   5618   5260   5948   6391   5953   5659   9462   6571   6023 
 17236  13361     51    152   5415   5540   5621   5918   5459   5913   6087   6090   5910   5948   9462   6391   6571   5953   6023   5659   5260   5618   5024  13539  26304      0      0  65535 
     0      0      0      0      0      0      0      0      0      0      0      0      0      0      0      0      0      0      0 
     0      0      0      0      0      0      0      0      0      0      0      0      0      0      0      0      0      0      0 
     0      0      0      0      0      0      0      0      0      0      0      0      0      0      0      0      0      0      0 
0 -1 -1
     1      1      1      1      2      2      1      0      2      2      2      1      1      2      2      1      0      1      0 
  5461   5622   5419   5916   5919   5542   5025   5910   6090   6088   5618   5262   5952   6392   5956   5659   9466   6573   6024 
 17236  13361     51    153   5419   5542   5622   5919   5461   5916   6088   6090   5910   5952   9466   6392   6573   5956   6024   5659   5262   5618   5025  13540  26304      0      0  65535 
     0      0      0      0      0      0      0      0      0      0      0      0      0      0      0      0      0      0      0 
     0      0      0      0      0      0      0      0      0      0      0      0      0      0      0      0      0      0      0 
     0      0      0      0      0      0      0      0      0      0      0      0      0      0      0      0      0      0      0 
0 -1 -1
     1      1      1      1      2      2      1      1      2      2      2      1      1      2      2      1      0      1      1 
  5463   5623   5420   5916   5922   5542   5027   5912   6093   6090   5621   5264   5952   6392   5957   5663   9458   6575   6028 
 17236  13361     51    152   5420   5542   5623   5922   5463   5916   6090   6093   5912   5952   9458   6392   6575   5957   6028   5663   5264   5621   5027  13540  26304      0      0  65535 
     0      0      0      0      0      0      0      0      0      0      0      0      0      0      0      0      0      0      0 
     0      0      0      0      0      0      0      0      0      0      0      0      0      0      0      0      0      0      0 
     0      0      0      0      0      0      0      0      0      0      0      0      0      0      0      0      0      0      0 
0 -1 -1
     1      1      1      1      2      2      1      1      2      2      2      1      1      2      2      1      0      1      1 
  5466   5628   5421   5921   5923   5545   5027   5915   6095   6090   5623   5266   5956   6395   5960   5665   9464   6577   6032 
 17236  13361     51    153   5421   5545   5628   5923   5466   5921   6090   6095   5915   5956   9464   6395   6577   5960   6032   5665   5266   5623   5027  13540  26303      0      0  65535 
     0      0      0      0      0      0      0      0      0      0      0      0      0      0      0      0      0      0      0 
     0      0      0      0      0      0      0      0      0      0      0      0      0      0      0      0      0      0      0 
     0      0      0      0      0      0      0      0      0      0      0      0      0      0      0      0      0      0      0 
0 -1 -1
     1      1      1      1      2      2      1      1      2      2      2      2      1      2      2      1      0      1      1 
  5469   5629   5424   5922   5925   5545   5028   5919   6095   6092   5624   5269   5956   6395   5962   5669   9463   6581   6036 
 17236  13361     51    153   5424   5545   5629   5925   5469   5922   6092   6095   5919   5956   9463   6395   6581   5962   6036   5669   5269   5624   5028  13550  26303      0      0  65535 
     0      0      0      0      0      0      0      0      0      0      0      0      0      0      0      0      0      0      0 
     0      0      0      0      0      0      0      0      0      0      0      0      0      0      0      0      0      0      0 
     0      0      0      0      0      0      0      0      0      0      0      0      0      0      0      0      0      0      0 
0 -1 -1
     1      1      1      1      2      2      1      1      2      2      2      2      1      2      2      1      0      1      1 
  5472   5630   5426   5925   5927   5547   5031   5922   6096   6093   5626   5272   5958   6399   5963   5671   9466   6586   6038 
 17236  13361     51    153   5426   5547   5630   5927   5472   5925   6093   6096   5922   5958   9466   6399   6586   5963   6038   5671   5272   5626   5031  13543  26303      0      0  65535 
     0      0      0      0      0      0      0      0      0      0      0      0      0      0      0      0      0      0      0 
     0      0      0      0      0      0      0      0      0      0      0      0      0      0      0      0      0      0      0 
     0      0      0      0      0      0      0      0      0      0      0      0      0      0      0      0      0      0      0 
0 -1 -1
     1      1      1      1      2      2      1      1      2      2      2      2      1      2      2      1      0      1      1 
  5475   5632   5429   5929   5928   5549   5033   5923   6098   6095   5628   5272   5962   6401   5966   5675   9463   6587   6041 
 17236  13361     51    153   5429   5549   5632   5928   5475   5929   6095   6098   5923   5962   9463   6401   6587   5966   6041   5675   5272   5628   5033  13540  26303      0      0  65535 
     0      0      0      0      0      0      0      0      0      0      0      0      0      0      0      0      0      0      0 
     0      0      0      0      0      0      0      0      0      0      0      0      0      0      0      0      0      0      0 
     0      0      0      0      0      0      0      0      0      0      0      0      0      0      0      0      0      0      0 
0 -1 -1
     1      1      1      1      2      2      1      1      2      3      2      2      1      3      2      1      0      1      1 
  5479   5636   5430   5930   5932   5551   5034   5928   6100   6097   5630   5277   5964   6404   5968   5678   9461   6589   6048 
 17236  13361     51    153   5430   5551   5636   5932   5479   5930   6097   6100   5928   5964   9461   6404   6589   5968   6048   5678   5277   5630   5034  13541  26305      0      0  65535 
     0      0      0      0      0      0      0      0      0      0      0      0      0      0      0      0      0      0      0 
     0      0      0      0      0      0      0      0      0      0      0      0      0      0      0      0      0      0      0 
     0      0      0      0      0      0      0      0      0      0      0      0      0      0      0      0      0      0      0 
0 -1 -1
     1      1      1      1      2      2      1      1      2      3      2      2      1      3      3      1      0      1      1 
  5482   5640   5434   5936   5934   5552   5036   5932   6103   6100   5632   5280   5967   6405   5970   5681   9458   6595   6051 
 17236  13361     51    153   5434   5552   5640   5934   5482   5936   6100   6103   5932   5967   9458   6405   6595   5970   6051   5681   5280   5632   5036  13542  26305      0      0  65535 
     0      0      0      0      0      0      0      0      0      0      0      0      0      0      0      0      0      0      0 
     0      0      0      0      0      0      0      0      0      0      0      0      0      0      0      0      0      0      0 
     0      0      0      0      0      0      0      0      0      0      0      0      0      0      0      0      0      0      0 
0 -1 -1
     1      1      1      1      2      2      1      1      2      3      2      2      1      3      3      1      0      1      1 
  5485   5642   5435   5939   5936   5554   5038   5936   6104   6101   5635   5281   5968   6406   5973   5685   9466   6598   6055 
 17236  13361     51    153   5435   5554   5642   5936   5485   5939   6101   6104   5936   5968   9466   6406   6598   5973   6055   5685   5281   5635   5038  13543  26304      0      0  65535 
     0      0      0      0      0      0      0      0      0      0      0      0      0      0      0      0      0      0      0 
     0      0      0      0      0      0      0      0      0      0      0      0      0      0      0      0      0      0      0 
     0      0      0      0      0      0      0      0      0      0      0      0      0      0      0      0      0      0      0 
0 -1 -1
     1      1      1      1      2      2      1      1      2      3      2      2      1      3      3      1      0      2      1 
  5489   5644   5437   5941   5938   5554   5041   5939   6107   6103   5636   5284   5971   6410   5976   5688   9473   6601   6058 
 17236  13361     51    153   5437   5554   5644   5938   5489   5941   6103   6107   5939   5971   9473   6410   6601   5976   6058   5688   5284   5636   5041  13542  26304      0      0  65535 
     0      0      0      0      0      0      0      0      0      0      0      0      0      0      0      0      0      0      0 
     0      0      0      0      0      0      0      0      0      0      0      0      0      0      0      0      0      0      0 
     0      0      0      0      0      0      0      0      0      0      0      0      0      0      0      0      0      0      0 
0 -1 -1
     1      1      1      1      2      2      1      1      2      3      2      2      1      3      3      1      0      2      1 
  5492   5647   5440   5945   5940   5556   5043   5941   6108   6105   5639   5286   5973   6411   5978   5692   9465   6603   6062 
 17236  13361     51    153   5440   5556   5647   5940   5492   5945   6105   6108   5941   5973   9465   6411   6603   5978   6062   5692   5286   5639   5043  13542  26305      0      0  65535 
     0      0      0      0      0      0      0      0      0      0      0      0      0      0      0      0      0      0      0 
     0      0      0      0      0      0      0      0      0      0      0      0      0      0      0      0      0      0      0 
     0      0      0      0      0      0      0      0      0      0      0      0      0      0      0      0      0      0      0 
0 -1 -1
     1      1      1      1      2      2      1      1      2      3      2      2      1      3      3      1      0      2      1 
  5495   5649   5442   5947   5940   5559   5043   5944   6111   6106   5640   5288   5977   6415   5981   5694   9458   6606   6064 
 17236  13361     51    153   5442   5559   5649   5940   5495   5947   6106   6111   5944   5977   9458   6415   6606   5981   6064   5694   5288   5640   5043  13543  26305      0      0  65535 
     0      0      0      0      0      0      0      0      0      0      0      0      0      0      0      0      0      0      0 
     0      0      0      0      0      0      0      0      0      0      0      0      0      0      0      0      0      0      0 
     0      0      0      0      0      0      0      0      0      0      0      0      0      0      0      0      0      0      0 
0 -1 -1
     1      1      1      1      2      2      1      1      2      3      3      2      1      3      3      1      1      2      1 
  5497   5652   5445   5949   5943   5561   5045   5947   6113   6107   5643   5291   5979   6416   5984   5696   9482   6608   6069 
 17236  13361     51    153   5445   5561   5652   5943   5497   5949   6107   6113   5947   5979   9482   6416   6608   5984   6069   5696   5291   5643   5045  13544  26303      0      0  65535 
     0      0      0      0      0      0      0      0      0      0      0      0      0      0      0      0      0      0      0 
     0      0      0      0      0      0      0      0      0      0      0      0      0      0      0      0      0      0      0 
     0      0      0      0      0      0      0      0      0      0      0      0      0      0      0      0      0      0      0 
0 -1 -1
     1      1      1      1      3      2      1      1      2      3      3      2      2      3      3      1      0      2      1 
  5502   5652   5446   5954   5944   5563   5045   5950   6114   6109   5644   5294   5981   6418   5986   5699   9474   6612   6072 
 17236  13361     51    152   5446   5563   5652   5944   5502   5954   6109   6114   5950   5981   9474   6418   6612   5986   6072   5699   5294   5644   5045  13544  26303      0      1  65535 
     0      0      0      0      0      0      0      0      0      0      0      0      0      0      0      0      0      0      0 
     0      0      0      0      0      0      0      0      0      0      0      0      0      0      0      0      0      0      0 
     0      0      0      0      0      0      0      0      0      0      0      0      0      0      0      0      0      0      0 
0 -1 -1
     1      2      1      1      3      2      1      1      3      3      3      2      2      3      3      2      0      2      1 
  5504   5656   5449   5957   5947   5565   5048   5953   6117   6112   5646   5295   5985   6420   5987   5704   9468   6615   6075 
 17236  13361     51    152   5449   5565   5656   5947   5504   5957   6112   6117   5953   5985   9468   6420   6615   5987   6075   5704   5295   5646   5048  13542  26304      0      0  65535 
     0      0      0      0      0      0      0      0      0      0      0      0      0      0      0      0      0      0      0 
     0      0      0      0      0      0      0      0      0      0      0      0      0      0      0      0      0      0      0 
     0      0      0      0      0      0      0      0      0      0      0      0      0      0      0      0      0      0      0 
0 -1 -1
     1      2      1      1      3      3      1      1      3      3      3      2      2      3      3      2      0      2      1 
  5509   5659   5452   5960   5951   5568   5049   5958   6119   6115   5648   5298   5987   6424   5991   5708   9464   6619   6079 
 17236  13361     51    153   5452   5568   5659   5951   5509   5960   6115   6119   5958   5987   9464   6424   6619   5991   6079   5708   5298   5648   5049  13539  26304      0      0  65535 
     0      0      0      0      0      0      0      0      0      0      0      0      0      0      0      0      0      0      0 
     0      0      0      0      0      0      0      0      0      0      0      0      0      0      0      0      0      0      0 
     0      0      0      0      0      0      0      0      0      0      0      0      0      0      0      0      0      0      0 
0 -1 -1
     1      2      1      2      3      3      1      1      3      3      3      2      2      3      3      2      0      2      1 
  5511   5662   5453   5964   5952   5569   5052   5961   6121   6116   5651   5301   5989   6424   5993   5709   9463   6621   6081 
 17236  13361     51    153   5453   5569   5662   5952   5511   5964   6116   6121   5961   5989   9463   6424   6621   5993   6081   5709   5301   5651   5052  13539  26305      0      0  65535 
     0      0      0      0      0      0      0      0      0      0      0      0      0      0      0      0      0      0      0 
     0      0      0      0      0      0      0      0      0      0      0      0      0      0      0      0      0      0      0 
     0      0      0      0      0      0      0      0      0      0      0      0      0      0      0      0      0      0      0 
0 -1 -1
     1      2      1      2      3      3      1      1      3      3      3      3      2      3      4      2      0      2      1 
  5514   5664   5456   5966   5955   5571   5054   5964   6125   6118   5653   5302   5992   6427   5995   5712   9475   6625   6087 
 17236  13361     51    153   5456   5571   5664   5955   5514   5966   6118   6125   5964   5992   9475   6427   6625   5995   6087   5712   5302   5653   5054  13538  26304      0      0  65535 
     0      0      0      0      0      0      0      0      0      0      0      0      0      0      0      0      0      0      0 
     0      0      0      0      0      0      0      0      0      0      0      0      0      0      0      0      0      0      0 
     0      0      0      0      0      0      0      0      0      0      0      0      0      0      0      0      0      0      0 
0 -1 -1
     1      2      1      2      3      3      1      1      3      4      3      3      2      4      4      2      0      2      1 
  5521   5665   5457   5970   5956   5572   5055   5967   6125   6120   5654   5306   5995   6428   5998   5715   9476   6628   6090 
 17236  13361     51    153   5457   5572   5665   5956   5521   5970   6120   6125   5967   5995   9476   6428   6628   5998   6090   5715   5306   5654   5055  13539  26304      0      0  65535 
     0      0      0      0      0      0      0      0      0      0      0      0      0      0      0      0      0      0      0 
     0      0      0      0      0      0      0      0      0      0      0      0      0      0      0      0      0      0      0 
     0      0      0      0      0      0      0      0      0      0      0      0      0      0      0      0      0      0      0 
0 -1 -1
     1      2      2      2      3      3      2      1      3      4      3      3      2      4      4      2      0      2      2 
  5521   5668   5462   5973   5959   5574   5059   5969   6127   6122   5657   5308   5997   6431   6001   5718   9465   6631   6093 
 17236  13361     51    153   5462   5574   5668   5959   5521   5973   6122   6127   5969   5997   9465   6431   6631   6001   6093   5718   5308   5657   5059  13540  26305      1      0  65535 
     0      0      0      0      0      0      0      0      0      0      0      0      0      0      0      0      0      0      0 
     0      0      0      0      0      0      0      0      0      0      0      0      0      0      0      0      0      0      0 
     0      0      0      0      0      0      0      0      0      0      0      0      0      0      0      0      0      0      0 
0 -1 -1
     2      2      2      2      3      3      2      1      3      4      3      3      2      4      4      2      0      2      2 
  5525   5673   5463   5975   5961   5576   5060   5972   6129   6123   5659   5309   5999   6434   6004   5722   9468   6632   6096 
 17236  13361     51    153   5463   5576   5673   5961   5525   5975   6123   6129   5972   5999   9468   6434   6632   6004   6096   5722   5309   5659   5060  13540  26305      0      0  65535 
     0      0      0      0      0      0      0      0      0      0      0      0      0      0      0      0      0      0      0 
     0      0      0      0      0      0      0      0      0      0      0      0      0      0      0      0      0      0      0 
     0      0      0      0      0      0      0      0      0      0      0      0      0      0      0      0      0      0      0 
0 -1 -1
     2      2      2      2      3      3      2      1      3      4      3      3      2      4      4      2      1      2      2 
  5528   5675   5464   5979   5964   5578   5061   5976   6133   6127   5662   5312   6003   6435   6006   5724   9478   6636   6097 
 17236  13361     51    152   5464   5578   5675   5964   5528   5979   6127   6133   5976   6003   9478   6435   6636   6006   6097   5724   5312   5662   5061  13539  26304      0      0  65535 
     0      0      0      0      0      0      0      0      0      0      0      0      0      0      0      0      0      0      0 
     0      0      0      0      0      0      0      0      0      0      0      0      0      0      0      0      0      0      0 
     0      0      0      0      0      0      0      0      0      0      0      0      0      0      0      0      0      0      0 
0 -1 -1
     2      2      2      2      3      3      2      2      3      4      3      3      2      4      4      2      1      2      2 
  5532   5677   5467   5982   5966   5580   5062   5980   6135   6127   5663   5313   6006   6439   6009   5726   9477   6639   6102 
 17236  13361     51    153   5467   5580   5677   5966   5532   5982   6127   6135   5980   6006   9477   6439   6639   6009   6102   5726   5313   5663   5062  13538  26304      0      0  65535 
     0      0      0      0      0      0      0      0      0      0      0      0      0      0      0      0      0      0      0 
     0      0      0      0      0      0      0      0      0      0      0      0      0      0      0      0      0      0      0 
     0      0      0      0      0      0      0      0      0      0      0      0      0      0      0      0      0      0      0 
0 -1 -1
