    11     10      6      8      5      6      4      9     12     10      9      7     20     28     40     19      3    126    114 
  4907   4800   4528   5032   4565   4268   3945   5134   4942   4814   4374   4108   5317   5478   5401   5195   9313  10740  11927 
 17236  13361     51    150   4528   4268   4800   4565   4907   5032   4814   4942   5134   5317   9313   5478  10740   5401  11927   5195   4108   4374   3945  13445  26304      0      0  65535 
     0      0      0      0      0      0      0      0      0      0      0      0      0      0      0      0      0      0      0 
     0      0      0      0      0      0      0      0      0      0      0      0      0      0      0      0      0      0      0 
     0      0      0      0      0      0      0      0      0      0      0      0      0      0      0      0      0      0      0 
0 -1 -1
    11     10      6      9      5      6      4      9     12     10      9      8     21     31     45     21      3    147    135 
  4916   4804   4531   5043   4570   4271   3947   5150   4952   4823   4385   4118   5359   5541   5516   5278   9312  11728  13328 
 17236  13361     51    150   4531   4271   4804   4570   4916   5043   4823   4952   5150   5359   9312   5541  11728   5516  13328   5278   4118   4385   3947  13445  26304      1      0  65535 
     0      0      0      0      0      0      0      0      0      0      0      0      0      0      0      0      0      0      0 
     0      0      0      0      0      0      0      0      0      0      0      0      0      0      0      0      0      0      0 
     0      0      0      0      0      0      0      0      0      0      0      0      0      0      0      0      0      0      0 
0 -1 -1
    11     10      6      9      5      6      4     10     12     11     10      8     21     33     48     22      3    163    151 
  4922   4806   4531   5051   4573   4273   3947   5161   4959   4830   4392   4124   5383   5579   5597   5338   9318  12443  14359 
 17236  13361     51    150   4531   4273   4806   4573   4922   5051   4830   4959   5161   5383   9318   5579  12443   5597  14359   5338   4124   4392   3947  13446  26304      0      1  65535 
     0      0      0      0      0      0      0      0      0      0      0      0      0      0      0      0      0      0      0 
     0      0      0      0      0      0      0      0      0      0      0      0      0      0      0      0      0      0      0 
     0      0      0      0      0      0      0      0      0      0      0      0      0      0      0      0      0      0      0 
0 -1 -1
    11     10      6      9      5      6      4     10     12     10      9      8     21     33     49     22      3    172    159 
  4920   4802   4532   5050   4570   4270   3945   5161   4955   4824   4385   4122   5390   5583   5605   5337   9310  12863  14891 
 17236  13361     51    150   4532   4270   4802   4570   4920   5050   4824   4955   5161   5390   9310   5583  12863   5605  14891   5337   4122   4385   3945  13452  26304      0      0  65535 
     0      0      0      0      0      0      0      0      0      0      0      0      0      0      0      0      0      0      0 
     0      0      0      0      0      0      0      0      0      0      0      0      0      0      0      0      0      0      0 
     0      0      0      0      0      0      0      0      0      0      0      0      0      0      0      0      0      0      0 
0 -1 -1
    11     10      6      9      5      5      4      9     12     10      9      7     21     31     47     21      2    175    161 
  4907   4792   4524   5040   4565   4262   3938   5151   4943   4808   4369   4113   5375   5553   5553   5289   9295  13007  15025 
 17236  13361     51    150   4524   4262   4792   4565   4907   5040   4808   4943   5151   5375   9295   5553  13007   5553  15025   5289   4113   4369   3938  13444  26304      0      0  65535 
     0      0      0      0      0      0      0      0      0      0      0      0      0      0      0      0      0      0      0 
     0      0      0      0      0      0      0      0      0      0      0      0      0      0      0      0      0      0      0 
     0      0      0      0      0      0      0      0      0      0      0      0      0      0      0      0      0      0      0 
0 -1 -1
    10      9      6      8      5      5      4      9     11      9      8      7     21     31     45     21      2    178    163 
  4896   4784   4518   5033   4560   4257   3933   5143   4935   4797   4356   4107   5368   5537   5521   5258   9293  13142  15133 
 17236  13361     51    150   4518   4257   4784   4560   4896   5033   4797   4935   5143   5368   9293   5537  13142   5521  15133   5258   4107   4356   3933  13439  26304      0      0  65535 
     0      0      0      0      0      0      0      0      0      0      0      0      0      0      0      0      0      0      0 
     0      0      0      0      0      0      0      0      0      0      0      0      0      0      0      0      0      0      0 
     0      0      0      0      0      0      0      0      0      0      0      0      0      0      0      0      0      0      0 
0 -1 -1
    10      9      5      8      5      5      4      9     11      9      8      7     21     31     45     20      2    182    164 
  4885   4781   4515   5031   4559   4254   3931   5141   4932   4791   4351   4104   5372   5539   5516   5240   9287  13322  15228 
 17236  13361     51    150   4515   4254   4781   4559   4885   5031   4791   4932   5141   5372   9287   5539  13322   5516  15228   5240   4104   4351   3931  13441  26305      0      0  65535 
     0      0      0      0      0      0      0      0      0      0      0      0      0      0      0      0      0      0      0 
     0      0      0      0      0      0      0      0      0      0      0      0      0      0      0      0      0      0      0 
     0      0      0      0      0      0      0      0      0      0      0      0      0      0      0      0      0      0      0 
0 -1 -1
    10      9      5      9      5      5      4      9     11      9      8      7     21     32     46     20      3    187    165 
  4881   4776   4514   5034   4558   4253   3926   5146   4936   4793   4349   4101   5388   5557   5529   5230   9300  13549  15283 
 17236  13361     51    150   4514   4253   4776   4558   4881   5034   4793   4936   5146   5388   9300   5557  13549   5529  15283   5230   4101   4349   3926  13442  26305      0      1  65535 
     0      0      0      0      0      0      0      0      0      0      0      0      0      0      0      0      0      0      0 
     0      0      0      0      0      0      0      0      0      0      0      0      0      0      0      0      0      0      0 
     0      0      0      0      0      0      0      0      0      0      0      0      0      0      0      0      0      0      0 
0 -1 -1
    10      9      5      9      5      5      4     10     12      9      8      7     22     33     48     20      3    197    171 
  4886   4776   4512   5042   4561   4256   3926   5160   4943   4800   4355   4100   5416   5595   5583   5252   9299  14017  15658 
 17236  13361     51    150   4512   4256   4776   4561   4886   5042   4800   4943   5160   5416   9299   5595  14017   5583  15658   5252   4100   4355   3926  13442  26305      0      0  65535 
     0      0      0      0      0      0      0      0      0      0      0      0      0      0      0      0      0      0      0 
     0      0      0      0      0      0      0      0      0      0      0      0      0      0      0      0      0      0      0 
     0      0      0      0      0      0      0      0      0      0      0      0      0      0      0      0      0      0      0 
0 -1 -1
    10      9      5      9      5      5      4     10     12     10      8      7     23     35     49     21      3    207    175 
  4889   4779   4514   5051   4565   4257   3928   5175   4951   4805   4356   4101   5448   5631   5625   5265   9308  14467  15944 
 17236  13361     51    150   4514   4257   4779   4565   4889   5051   4805   4951   5175   5448   9308   5631  14467   5625  15944   5265   4101   4356   3928  13443  26304      0      0  65535 
     0      0      0      0      0      0      0      0      0      0      0      0      0      0      0      0      0      0      0 
     0      0      0      0      0      0      0      0      0      0      0      0      0      0      0      0      0      0      0 
     0      0      0      0      0      0      0      0      0      0      0      0      0      0      0      0      0      0      0 
0 -1 -1
    10      9      5      9      5      5      4     10     12     10      8      7     23     35     49     20      3    210    172 
  4892   4780   4516   5055   4565   4256   3925   5187   4953   4805   4355   4099   5471   5643   5614   5236   9311  14634  15732 
 17236  13361     51    150   4516   4256   4780   4565   4892   5055   4805   4953   5187   5471   9311   5643  14634   5614  15732   5236   4099   4355   3925  13443  26304      0      0  65535 
     0      0      0      0      0      0      0      0      0      0      0      0      0      0      0      0      0      0      0 
     0      0      0      0      0      0      0      0      0      0      0      0      0      0      0      0      0      0      0 
     0      0      0      0      0      0      0      0      0      0      0      0      0      0      0      0      0      0      0 
0 -1 -1
    10      9      5      9      5      5      4     10     12     10      8      7     24     35     48     19      3    211    165 
  4894   4780   4512   5059   4566   4257   3924   5198   4957   4805   4349   4094   5489   5648   5585   5189   9319  14648  15277 
 17236  13361     51    150   4512   4257   4780   4566   4894   5059   4805   4957   5198   5489   9319   5648  14648   5585  15277   5189   4094   4349   3924  13443  26305      0      0  65535 
     0      0      0      0      0      0      0      0      0      0      0      0      0      0      0      0      0      0      0 
     0      0      0      0      0      0      0      0      0      0      0      0      0      0      0      0      0      0      0 
     0      0      0      0      0      0      0      0      0      0      0      0      0      0      0      0      0      0      0 
0 -1 -1
    10      9      5      9      5      5      4     10     12     10      8      7     24     36     48     19      3    213    160 
  4899   4781   4512   5066   4568   4255   3924   5212   4964   4806   4348   4092   5516   5667   5582   5164   9328  14762  14931 
 17236  13361     51    150   4512   4255   4781   4568   4899   5066   4806   4964   5212   5516   9328   5667  14762   5582  14931   5164   4092   4348   3924  13442  26305      0      0  65535 
     0      0      0      0      0      0      0      0      0      0      0      0      0      0      0      0      0      0      0 
     0      0      0      0      0      0      0      0      0      0      0      0      0      0      0      0      0      0      0 
     0      0      0      0      0      0      0      0      0      0      0      0      0      0      0      0      0      0      0 
0 -1 -1
    11      9      5      9      5      5      4     11     13     10      8      7     25     38     50     19      4    222    161 
  4910   4784   4516   5079   4574   4261   3929   5235   4978   4817   4355   4094   5561   5717   5640   5182   9344  15171  15001 
 17236  13361     51    150   4516   4261   4784   4574   4910   5079   4817   4978   5235   5561   9344   5717  15171   5640  15001   5182   4094   4355   3929  13446  26305      0      0  65535 
     0      0      0      0      0      0      0      0      0      0      0      0      0      0      0      0      0      0      0 
     0      0      0      0      0      0      0      0      0      0      0      0      0      0      0      0      0      0      0 
     0      0      0      0      0      0      0      0      0      0      0      0      0      0      0      0      0      0      0 
0 -1 -1
    11     10      6     10      6      6      4     11     14     11      9      7     27     42     56     21      4    241    174 
  4929   4795   4523   5101   4583   4269   3936   5268   5000   4836   4374   4105   5622   5802   5780   5265   9369  16044  15857 
 17236  13361     51    150   4523   4269   4795   4583   4929   5101   4836   5000   5268   5622   9369   5802  16044   5780  15857   5265   4105   4374   3936  13448  26305      0      0  65535 
     0      0      0      0      0      0      0      0      0      0      0      0      0      0      0      0      0      0      0 
     0      0      0      0      0      0      0      0      0      0      0      0      0      0      0      0      0      0      0 
     0      0      0      0      0      0      0      0      0      0      0      0      0      0      0      0      0      0      0 
0 -1 -1
    11     10      6     10      6      6      4     12     15     12     10      8     28     45     61     23      5    255    190 
  4954   4808   4533   5122   4593   4277   3946   5299   5021   4854   4392   4121   5674   5878   5923   5365   9404  16928  16917 
 17236  13361     51    150   4533   4277   4808   4593   4954   5122   4854   5021   5299   5674   9404   5878  16928   5923  16917   5365   4121   4392   3946  13448  26304      0      0  65535 
     0      0      0      0      0      0      0      0      0      0      0      0      0      0      0      0      0      0      0 
     0      0      0      0      0      0      0      0      0      0      0      0      0      0      0      0      0      0      0 
     0      0      0      0      0      0      0      0      0      0      0      0      0      0      0      0      0      0      0 
0 -1 -1
    12     10      6     10      6      6      4     12     15     12     10      8     29     47     66     24      6    255    206 
  4974   4817   4540   5134   4599   4284   3953   5317   5032   4868   4407   4136   5701   5931   6040   5448   9446  17640  17935 
 17236  13361     51    150   4540   4284   4817   4599   4974   5134   4868   5032   5317   5701   9446   5931  17640   6040  17935   5448   4136   4407   3953  13448  26304      0      0  65535 
     0      0      0      0      0      0      0      0      0      0      0      0      0      0      0      0      0      0      0 
     0      0      0      0      0      0      0      0      0      0      0      0      0      0      0      0      0      0      0 
     0      0      0      0      0      0      0      0      0      0      0      0      0      0      0      0      0      0      0 
0 -1 -1
    12     10      6     10      6      6      4     12     15     13     10      8     29     49     70     25      7    255    219 
  4982   4822   4544   5143   4604   4287   3958   5330   5039   4875   4415   4146   5721   5973   6136   5515   9505  18260  18789 
 17236  13361     51    150   4544   4287   4822   4604   4982   5143   4875   5039   5330   5721   9505   5973  18260   6136  18789   5515   4146   4415   3958  13449  26304      0      0  65535 
     0      0      0      0      0      0      0      0      0      0      0      0      0      0      0      0      0      0      0 
     0      0      0      0      0      0      0      0      0      0      0      0      0      0      0      0      0      0      0 
     0      0      0      0      0      0      0      0      0      0      0      0      0      0      0      0      0      0      0 
0 -1 -1
    12     10      6     11      6      6      4     12     15     13     11      8     29     50     71     26      7    255    225 
  4987   4824   4545   5146   4604   4289   3959   5337   5042   4878   4416   4150   5728   5986   6168   5535   9520  18533  19149 
 17236  13361     51    150   4545   4289   4824   4604   4987   5146   4878   5042   5337   5728   9520   5986  18533   6168  19149   5535   4150   4416   3959  13448  26304      0      0  65535 
     0      0      0      0      0      0      0      0      0      0      0      0      0      0      0      0      0      0      0 
     0      0      0      0      0      0      0      0      0      0      0      0      0      0      0      0      0      0      0 
     0      0      0      0      0      0      0      0      0      0      0      0      0      0      0      0      0      0      0 
0 -1 -1
    12     10      6     11      6      6      4     12     15     12     10      8     29     50     71     26      8    255    228 
  4986   4824   4545   5146   4604   4286   3958   5337   5040   4874   4415   4149   5727   5985   6173   5540   9533  18681  19360 
 17236  13361     51    150   4545   4286   4824   4604   4986   5146   4874   5040   5337   5727   9533   5985  18681   6173  19360   5540   4149   4415   3958  13448  26305      0      0  65535 
     0      0      0      0      0      0      0      0      0      0      0      0      0      0      0      0      0      0      0 
     0      0      0      0      0      0      0      0      0      0      0      0      0      0      0      0      0      0      0 
     0      0      0      0      0      0      0      0      0      0      0      0      0      0      0      0      0      0      0 
0 -1 -1
    12     10      6     10      6      6      4     12     15     12     10      9     29     50     72     26      8    255    233 
  4984   4825   4544   5144   4603   4286   3959   5335   5039   4874   4414   4152   5725   5988   6193   5555   9549  18916  19714 
 17236  13361     51    150   4544   4286   4825   4603   4984   5144   4874   5039   5335   5725   9549   5988  18916   6193  19714   5555   4152   4414   3959  13449  26305      0      0  65535 
     0      0      0      0      0      0      0      0      0      0      0      0      0      0      0      0      0      0      0 
     0      0      0      0      0      0      0      0      0      0      0      0      0      0      0      0      0      0      0 
     0      0      0      0      0      0      0      0      0      0      0      0      0      0      0      0      0      0      0 
0 -1 -1
    12     10      6     10      6      6      4     12     15     12     10      9     29     49     72     26      8    255    237 
  4980   4823   4543   5141   4600   4282   3958   5330   5033   4871   4411   4154   5717   5980   6190   5558   9559  19056  19965 
 17236  13361     51    150   4543   4282   4823   4600   4980   5141   4871   5033   5330   5717   9559   5980  19056   6190  19965   5558   4154   4411   3958  13449  26305      0      0  65535 
     0      0      0      0      0      0      0      0      0      0      0      0      0      0      0      0      0      0      0 
     0      0      0      0      0      0      0      0      0      0      0      0      0      0      0      0      0      0      0 
     0      0      0      0      0      0      0      0      0      0      0      0      0      0      0      0      0      0      0 
0 -1 -1
    12     10      6     10      6      6      4     12     15     12     10      9     29     49     72     26      9    255    243 
  4975   4823   4541   5138   4597   4280   3957   5328   5027   4865   4407   4154   5712   5972   6185   5563   9590  19323  20324 
 17236  13361     51    150   4541   4280   4823   4597   4975   5138   4865   5027   5328   5712   9590   5972  19323   6185  20324   5563   4154   4407   3957  13448  26305      0      0  65535 
     0      0      0      0      0      0      0      0      0      0      0      0      0      0      0      0      0      0      0 
     0      0      0      0      0      0      0      0      0      0      0      0      0      0      0      0      0      0      0 
     0      0      0      0      0      0      0      0      0      0      0      0      0      0      0      0      0      0      0 
0 -1 -1
    12     10      6     10      6      6      4     12     14     12     10      9     29     48     70     26      9    255    245 
  4969   4819   4541   5131   4591   4277   3957   5318   5019   4855   4398   4152   5698   5948   6149   5549   9591  19414  20457 
 17236  13361     51    150   4541   4277   4819   4591   4969   5131   4855   5019   5318   5698   9591   5948  19414   6149  20457   5549   4152   4398   3957  13452  26306      0      0  65535 
     0      0      0      0      0      0      0      0      0      0      0      0      0      0      0      0      0      0      0 
     0      0      0      0      0      0      0      0      0      0      0      0      0      0      0      0      0      0      0 
     0      0      0      0      0      0      0      0      0      0      0      0      0      0      0      0      0      0      0 
0 -1 -1
    11     10      6     10      6      6      4     12     14     11     10      9     28     47     70     26      9    255    251 
  4961   4813   4538   5122   4586   4272   3953   5305   5008   4843   4393   4153   5680   5926   6131   5553   9597  19659  20883 
 17236  13361     51    150   4538   4272   4813   4586   4961   5122   4843   5008   5305   5680   9597   5926  19659   6131  20883   5553   4153   4393   3953  13456  26304      0      0  65535 
     0      0      0      0      0      0      0      0      0      0      0      0      0      0      0      0      0      0      0 
     0      0      0      0      0      0      0      0      0      0      0      0      0      0      0      0      0      0      0 
     0      0      0      0      0      0      0      0      0      0      0      0      0      0      0      0      0      0      0 
0 -1 -1
    11     10      6     10      5      6      4     11     14     11      9      9     28     46     68     26      6    255    255 
  4951   4807   4534   5110   4580   4268   3951   5285   4997   4832   4383   4151   5649   5889   6089   5545   9476  19652  21139 
 17236  13361     51    150   4534   4268   4807   4580   4951   5110   4832   4997   5285   5649   9476   5889  19652   6089  21139   5545   4151   4383   3951  13447  26304      0      0  65535 
     0      0      0      0      0      0      0      0      0      0      0      0      0      0      0      0      0      0      0 
     0      0      0      0      0      0      0      0      0      0      0      0      0      0      0      0      0      0      0 
     0      0      0      0      0      0      0      0      0      0      0      0      0      0      0      0      0      0      0 
0 -1 -1
    11     10      6     10      5      5      4     11     13     10      9      8     27     43     65     26      4    255    255 
  4939   4801   4530   5096   4573   4262   3946   5261   4980   4817   4373   4150   5606   5836   6022   5523   9355  19366  21156 
 17236  13361     51    150   4530   4262   4801   4573   4939   5096   4817   4980   5261   5606   9355   5836  19366   6022  21156   5523   4150   4373   3946  13447  26304      0      0  65535 
     0      0      0      0      0      0      0      0      0      0      0      0      0      0      0      0      0      0      0 
     0      0      0      0      0      0      0      0      0      0      0      0      0      0      0      0      0      0      0 
     0      0      0      0      0      0      0      0      0      0      0      0      0      0      0      0      0      0      0 
0 -1 -1
    11      9      6      9      5      5      4     11     12     10      9      8     25     41     64     26      3    255    255 
  4922   4788   4524   5081   4564   4253   3942   5234   4967   4807   4365   4147   5556   5786   5982   5522   9311  19050  21332 
 17236  13361     51    150   4524   4253   4788   4564   4922   5081   4807   4967   5234   5556   9311   5786  19050   5982  21332   5522   4147   4365   3942  13447  26305      0      0  65535 
     0      0      0      0      0      0      0      0      0      0      0      0      0      0      0      0      0      0      0 
     0      0      0      0      0      0      0      0      0      0      0      0      0      0      0      0      0      0      0 
     0      0      0      0      0      0      0      0      0      0      0      0      0      0      0      0      0      0      0 
0 -1 -1
    11      9      6      9      5      5      4     10     12      9      8      8     24     39     62     26      2    255    255 
  4908   4779   4519   5067   4558   4250   3939   5206   4952   4797   4360   4145   5507   5733   5943   5528   9288  18612  21516 
 17236  13361     51    150   4519   4250   4779   4558   4908   5067   4797   4952   5206   5507   9288   5733  18612   5943  21516   5528   4145   4360   3939  13446  26305      0      0  65535 
     0      0      0      0      0      0      0      0      0      0      0      0      0      0      0      0      0      0      0 
     0      0      0      0      0      0      0      0      0      0      0      0      0      0      0      0      0      0      0 
     0      0      0      0      0      0      0      0      0      0      0      0      0      0      0      0      0      0      0 
0 -1 -1
    10      9      5      9      4      5      4     10     11      8      8      8     22     35     56     24      2    255    248 
  4888   4767   4510   5045   4547   4242   3934   5172   4932   4779   4344   4134   5433   5635   5787   5452   9271  17328  20675 
 17236  13361     51    150   4510   4242   4767   4547   4888   5045   4779   4932   5172   5433   9271   5635  17328   5787  20675   5452   4134   4344   3934  13446  26305      0      0  65535 
     0      0      0      0      0      0      0      0      0      0      0      0      0      0      0      0      0      0      0 
     0      0      0      0      0      0      0      0      0      0      0      0      0      0      0      0      0      0      0 
     0      0      0      0      0      0      0      0      0      0      0      0      0      0      0      0      0      0      0 
0 -1 -1
    10      9      5      8      4      4      4      9     10      7      7      7     20     29     46     21      2    224    218 
  4860   4747   4496   5018   4535   4231   3921   5126   4905   4755   4320   4114   5340   5502   5534   5296   9257  15276  18700 
 17236  13361     51    150   4496   4231   4747   4535   4860   5018   4755   4905   5126   5340   9257   5502  15276   5534  18700   5296   4114   4320   3921  13440  26304      0      0  65535 
     0      0      0      0      0      0      0      0      0      0      0      0      0      0      0      0      0      0      0 
     0      0      0      0      0      0      0      0      0      0      0      0      0      0      0      0      0      0      0 
     0      0      0      0      0      0      0      0      0      0      0      0      0      0      0      0      0      0      0 
0 -1 -1
     9      8      5      8      3      4      3      9      9      6      6      7     18     25     37     18      1    177    179 
  4830   4723   4478   4994   4521   4217   3903   5090   4883   4734   4297   4083   5261   5393   5308   5130   9242  13121  16187 
 17236  13361     51    150   4478   4217   4723   4521   4830   4994   4734   4883   5090   5261   9242   5393  13121   5308  16187   5130   4083   4297   3903  13438  26304      0      0  65535 
     0      0      0      0      0      0      0      0      0      0      0      0      0      0      0      0      0      0      0 
     0      0      0      0      0      0      0      0      0      0      0      0      0      0      0      0      0      0      0 
     0      0      0      0      0      0      0      0      0      0      0      0      0      0      0      0      0      0      0 
0 -1 -1
     9      7      4      7      3      3      3      8      8      6      5      5     16     20     27     14      1    123    127 
  4800   4697   4460   4974   4511   4203   3884   5060   4857   4713   4269   4048   5177   5275   5065   4920   9223  10593  12828 
 17236  13361     51    150   4460   4203   4697   4511   4800   4974   4713   4857   5060   5177   9223   5275  10593   5065  12828   4920   4048   4269   3884  13437  26304      0      0  65535 
     0      0      0      0      0      0      0      0      0      0      0      0      0      0      0      0      0      0      0 
     0      0      0      0      0      0      0      0      0      0      0      0      0      0      0      0      0      0      0 
     0      0      0      0      0      0      0      0      0      0      0      0      0      0      0      0      0      0      0 
0 -1 -1
     8      6      4      6      2      2      2      7      6      3      3      3     11     10     11      7      0     42     43 
  4741   4658   4428   4913   4480   4175   3840   4974   4794   4651   4199   3978   4973   5031   4667   4552   9201   6903   7329 
 17236  13361     51    150   4428   4175   4658   4480   4741   4913   4651   4794   4974   4973   9201   5031   6903   4667   7329   4552   3978   4199   3840  13436  26305      0      0  65535 
     0      0      0      0      0      0      0      0      0      0      0      0      0      0      0      0      0      0      0 
     0      0      0      0      0      0      0      0      0      0      0      0      0      0      0      0      0      0      0 
     0      0      0      0      0      0      0      0      0      0      0      0      0      0      0      0      0      0      0 
0 -1 -1
     5      3      1      3      0      0      0      3      0      0      0      0      3      0      0      0      0      1      1 
  4557   4524   4313   4741   4387   4078   3707   4752   4633   4512   4048   3829   4623   4759   4324   4154   9163   4994   4586 
 17236  13361     51    150   4313   4078   4524   4387   4557   4741   4512   4633   4752   4623   9163   4759   4994   4324   4586   4154   3829   4048   3707  13439  26304      0      1  65535 
     0      0      0      0      0      0      0      0      0      0      0      0      0      0      0      0      0      0      0 
     0      0      0      0      0      0      0      0      0      0      0      0      0      0      0      0      0      0      0 
     0      0      0      0      0      0      0      0      0      0      0      0      0      0      0      0      0      0      0 
0 -1 -1
     0      0      0      0      0      0      0      0      0      0      0      0      0      0      0      0      0      0      0 
  4146   4279   4131   4452   4298   3988   3598   4421   4492   4424   3966   3729   4351   4676   4243   4016   9144   4837   4373 
 17236  13361     51    150   4131   3988   4279   4298   4146   4452   4424   4492   4421   4351   9144   4676   4837   4243   4373   4016   3729   3966   3598  13440  26304      0      1  65535 
     0      0      0      0      0      0      0      0      0      0      0      0      0      0      0      0      0      0      0 
     0      0      0      0      0      0      0      0      0      0      0      0      0      0      0      0      0      0      0 
     0      0      0      0      0      0      0      0      0      0      0      0      0      0      0      0      0      0      0 
0 -1 -1
     0      0      0      0      0      0      0      0      0      0      0      0      0      0      0      0      0      0      0 
  3934   4084   3986   4280   4221   3919   3525   4285   4402   4339   3912   3666   4244   4625   4198   3951   9125   4789   4325 
 17236  13361     51    151   3986   3919   4084   4221   3934   4280   4339   4402   4285   4244   9125   4625   4789   4198   4325   3951   3666   3912   3525  13438  26304      0      0  65535 
     0      0      0      0      0      0      0      0      0      0      0      0      0      0      0      0      0      0      0 
     0      0      0      0      0      0      0      0      0      0      0      0      0      0      0      0      0      0      0 
     0      0      0      0      0      0      0      0      0      0      0      0      0      0      0      0      0      0      0 
0 -1 -1
     0      0      0      0      0      0      0      0      0      0      0      0      0      0      0      0      0      0      0 
  3924   4059   3962   4278   4213   3906   3525   4286   4397   4337   3911   3667   4244   4627   4199   3953   9140   4787   4326 
 17236  13361     51    151   3962   3906   4059   4213   3924   4278   4337   4397   4286   4244   9140   4627   4787   4199   4326   3953   3667   3911   3525  13438  26304      0      0  65535 
     0      0      0      0      0      0      0      0      0      0      0      0      0      0      0      0      0      0      0 
     0      0      0      0      0      0      0      0      0      0      0      0      0      0      0      0      0      0      0 
     0      0      0      0      0      0      0      0      0      0      0      0      0      0      0      0      0      0      0 
0 -1 -1
     0      0      0      0      0      0      0      0      0      0      0      0      0      0      0      0      0      0      0 
  3924   4058   3961   4275   4213   3906   3524   4286   4393   4335   3912   3664   4243   4627   4198   3952   9148   4786   4326 
 17236  13361     51    150   3961   3906   4058   4213   3924   4275   4335   4393   4286   4243   9148   4627   4786   4198   4326   3952   3664   3912   3524  13440  26305      0      0  65535 
     0      0      0      0      0      0      0      0      0      0      0      0      0      0      0      0      0      0      0 
     0      0      0      0      0      0      0      0      0      0      0      0      0      0      0      0      0      0      0 
     0      0      0      0      0      0      0      0      0      0      0      0      0      0      0      0      0      0      0 
0 -1 -1
     0      0      0      0      0      0      0      0      0      0      0      0      0      0      0      0      0      0      0 
  3924   4059   3962   4276   4212   3907   3525   4284   4395   4334   3910   3665   4244   4626   4198   3952   9168   4786   4326 
 17236  13361     51    150   3962   3907   4059   4212   3924   4276   4334   4395   4284   4244   9168   4626   4786   4198   4326   3952   3665   3910   3525  13439  26305      0      0  65535 
     0      0      0      0      0      0      0      0      0      0      0      0      0      0      0      0      0      0      0 
     0      0      0      0      0      0      0      0      0      0      0      0      0      0      0      0      0      0      0 
     0      0      0      0      0      0      0      0      0      0      0      0      0      0      0      0      0      0      0 
0 -1 -1
     0      0      0      0      0      0      0      0      0      0      0      0      0      0      0      0      0      0      0 
  3923   4056   3962   4275   4211   3906   3523   4285   4394   4334   3909   3666   4243   4626   4199   3951   9182   4784   4326 
 17236  13361     51    150   3962   3906   4056   4211   3923   4275   4334   4394   4285   4243   9182   4626   4784   4199   4326   3951   3666   3909   3523  13441  26304      1      0  65535 
     0      0      0      0      0      0      0      0      0      0      0      0      0      0      0      0      0      0      0 
     0      0      0      0      0      0      0      0      0      0      0      0      0      0      0      0      0      0      0 
     0      0      0      0      0      0      0      0      0      0      0      0      0      0      0      0      0      0      0 
0 -1 -1
     0      0      0      0      0      0      0      0      0      0      0      0      0      0      0      0      0      0      0 
  3923   4056   3959   4274   4211   3905   3524   4285   4394   4335   3910   3665   4242   4627   4199   3951   9188   4785   4326 
 17236  13361     51    150   3959   3905   4056   4211   3923   4274   4335   4394   4285   4242   9188   4627   4785   4199   4326   3951   3665   3910   3524  13443  26304      0      0  65535 
     0      0      0      0      0      0      0      0      0      0      0      0      0      0      0      0      0      0      0 
     0      0      0      0      0      0      0      0      0      0      0      0      0      0      0      0      0      0      0 
     0      0      0      0      0      0      0      0      0      0      0      0      0      0      0      0      0      0      0 
0 -1 -1
     0      0      0      0      0      0      0      0      0      0      0      0      0      0      0      0      0      0      0 
  3923   4057   3960   4274   4212   3905   3522   4284   4393   4335   3908   3665   4243   4626   4195   3951   9194   4784   4323 
 17236  13361     51    150   3960   3905   4057   4212   3923   4274   4335   4393   4284   4243   9194   4626   4784   4195   4323   3951   3665   3908   3522  13444  26304      0      0  65535 
     0      0      0      0      0      0      0      0      0      0      0      0      0      0      0      0      0      0      0 
     0      0      0      0      0      0      0      0      0      0      0      0      0      0      0      0      0      0      0 
     0      0      0      0      0      0      0      0      0      0      0      0      0      0      0      0      0      0      0 
0 -1 -1
     0      0      0      0      0      0      0      0      0      0      0      0      0      0      0      0      1      0      0 
  3920   4055   3958   4273   4211   3904   3521   4285   4393   4333   3909   3665   4241   4626   4197   3952   9218   4785   4328 
 17236  13361     51    151   3958   3904   4055   4211   3920   4273   4333   4393   4285   4241   9218   4626   4785   4197   4328   3952   3665   3909   3521  13444  26305      0      0  65535 
     0      0      0      0      0      0      0      0      0      0      0      0      0      0      0      0      0      0      0 
     0      0      0      0      0      0      0      0      0      0      0      0      0      0      0      0      0      0      0 
     0      0      0      0      0      0      0      0      0      0      0      0      0      0      0      0      0      0      0 
0 -1 -1
     0      0      0      0      0      0      0      0      0      0      0      0      0      0      0      0      1      0      0 
  3920   4055   3960   4275   4210   3904   3521   4284   4393   4333   3908   3665   4241   4625   4197   3949   9221   4784   4326 
 17236  13361     51    150   3960   3904   4055   4210   3920   4275   4333   4393   4284   4241   9221   4625   4784   4197   4326   3949   3665   3908   3521  13462  26305      0      0  65535 
     0      0      0      0      0      0      0      0      0      0      0      0      0      0      0      0      0      0      0 
     0      0      0      0      0      0      0      0      0      0      0      0      0      0      0      0      0      0      0 
     0      0      0      0      0      0      0      0      0      0      0      0      0      0      0      0      0      0      0 
0 -1 -1
     0      0      0      0      0      0      0      0      0      0      0      0      0      0      0      0      1      0      0 
  3922   4055   3959   4273   4210   3903   3521   4284   4392   4332   3908   3665   4241   4624   4195   3950   9226   4784   4326 
 17236  13361     51    150   3959   3903   4055   4210   3922   4273   4332   4392   4284   4241   9226   4624   4784   4195   4326   3950   3665   3908   3521  13453  26305      0      1  65535 
     0      0      0      0      0      0      0      0      0      0      0      0      0      0      0      0      0      0      0 
     0      0      0      0      0      0      0      0      0      0      0      0      0      0      0      0      0      0      0 
     0      0      0      0      0      0      0      0      0      0      0      0      0      0      0      0      0      0      0 
0 -1 -1
     0      0      0      0      0      0      0      0      0      0      0      0      0      0      0      0      1      0      0 
  3921   4054   3958   4272   4209   3902   3522   4284   4394   4332   3908   3664   4242   4624   4196   3951   9234   4785   4327 
 17236  13361     51    150   3958   3902   4054   4209   3921   4272   4332   4394   4284   4242   9234   4624   4785   4196   4327   3951   3664   3908   3522  13446  26305      0      0  65535 
     0      0      0      0      0      0      0      0      0      0      0      0      0      0      0      0      0      0      0 
     0      0      0      0      0      0      0      0      0      0      0      0      0      0      0      0      0      0      0 
     0      0      0      0      0      0      0      0      0      0      0      0      0      0      0      0      0      0      0 
0 -1 -1
     0      0      0      0      0      0      0      0      0      0      0      0      0      0      0      0      1      0      0 
  3920   4055   3959   4273   4210   3902   3522   4285   4392   4331   3908   3663   4241   4624   4196   3950   9241   4784   4327 
 17236  13361     51    151   3959   3902   4055   4210   3920   4273   4331   4392   4285   4241   9241   4624   4784   4196   4327   3950   3663   3908   3522  13447  26305      0      0  65535 
     0      0      0      0      0      0      0      0      0      0      0      0      0      0      0      0      0      0      0 
     0      0      0      0      0      0      0      0      0      0      0      0      0      0      0      0      0      0      0 
     0      0      0      0      0      0      0      0      0      0      0      0      0      0      0      0      0      0      0 
0 -1 -1
     0      0      0      0      0      0      0      0      0      0      0      0      0      0      0      0      2      0      0 
  3919   4052   3958   4273   4209   3902   3521   4283   4391   4332   3906   3663   4242   4624   4197   3949   9253   4785   4326 
 17236  13361     51    151   3958   3902   4052   4209   3919   4273   4332   4391   4283   4242   9253   4624   4785   4197   4326   3949   3663   3906   3521  13447  26304      0      0  65535 
     0      0      0      0      0      0      0      0      0      0      0      0      0      0      0      0      0      0      0 
     0      0      0      0      0      0      0      0      0      0      0      0      0      0      0      0      0      0      0 
     0      0      0      0      0      0      0      0      0      0      0      0      0      0      0      0      0      0      0 
0 -1 -1
     0      0      0      0      0      0      0      0      0      0      0      0      0      0      0      0      2      0      0 
  3918   4054   3958   4272   4208   3901   3522   4282   4391   4331   3906   3664   4242   4624   4196   3950   9270   4784   4327 
 17236  13361     51    150   3958   3901   4054   4208   3918   4272   4331   4391   4282   4242   9270   4624   4784   4196   4327   3950   3664   3906   3522  13447  26304      0      0  65535 
     0      0      0      0      0      0      0      0      0      0      0      0      0      0      0      0      0      0      0 
     0      0      0      0      0      0      0      0      0      0      0      0      0      0      0      0      0      0      0 
     0      0      0      0      0      0      0      0      0      0      0      0      0      0      0      0      0      0      0 
0 -1 -1
     0      0      0      0      0      0      0      0      0      0      0      0      0      0      0      0      2      0      0 
  3919   4053   3956   4272   4207   3901   3520   4282   4391   4331   3907   3663   4242   4624   4195   3950   9269   4784   4327 
 17236  13361     51    150   3956   3901   4053   4207   3919   4272   4331   4391   4282   4242   9269   4624   4784   4195   4327   3950   3663   3907   3520  13449  26305      0      0  65535 
     0      0      0      0      0      0      0      0      0      0      0      0      0      0      0      0      0      0      0 
     0      0      0      0      0      0      0      0      0      0      0      0      0      0      0      0      0      0      0 
     0      0      0      0      0      0      0      0      0      0      0      0      0      0      0      0      0      0      0 
0 -1 -1
     0      0      0      0      0      0      0      0      0      0      0      0      0      0      0      0      2      0      0 
  3919   4053   3957   4272   4207   3900   3519   4284   4390   4331   3906   3662   4241   4621   4195   3950   9280   4783   4327 
 17236  13361     51    150   3957   3900   4053   4207   3919   4272   4331   4390   4284   4241   9280   4621   4783   4195   4327   3950   3662   3906   3519  13449  26305      1      0  65535 
     0      0      0      0      0      0      0      0      0      0      0      0      0      0      0      0      0      0      0 
     0      0      0      0      0      0      0      0      0      0      0      0      0      0      0      0      0      0      0 
     0      0      0      0      0      0      0      0      0      0      0      0      0      0      0      0      0      0      0 
0 -1 -1
     0      0      0      0      0      0      0      0      0      0      0      0      0      0      0      0      3      0      0 
  3918   4052   3956   4272   4209   3900   3520   4282   4390   4331   3905   3663   4242   4623   4196   3949   9297   4784   4327 
 17236  13361     51    151   3956   3900   4052   4209   3918   4272   4331   4390   4282   4242   9297   4623   4784   4196   4327   3949   3663   3905   3520  13449  26305      0      0  65535 
     0      0      0      0      0      0      0      0      0      0      0      0      0      0      0      0      0      0      0 
     0      0      0      0      0      0      0      0      0      0      0      0      0      0      0      0      0      0      0 
     0      0      0      0      0      0      0      0      0      0      0      0      0      0      0      0      0      0      0 
0 -1 -1
