     0      0      0      0      4     46     83     12    139    255    255    165    189    255    255     62     44     22      3 
  3960   4070   4243   4476   4573   6146   9593   6250  10633  15738  16711  12639  17330  18418  15216   9635  12196   7058   5233 
 17236  13361     51    135   4243   6146   4070   4573   3960   4476  15738  10633   6250  17330  12196  18418   7058  15216   5233   9635  12639  16711   9593  13433  26305      0      0  65535 
     0      0      0      0      0      0      0      0      0      0      0      0      0      0      0      0      0      0      0 
     0      0      0      0      0      0      0      0      0      0      0      0      0      0      0      0      0      0      0 
     0      0      0      0      0      0      0      0      0      0      0      0      0      0      0      0      0      0      0 
0 -1 -1
     0      0      0      0      5     47     83     13    144    255    255    157    194    255    255     58     45     21      3 
  3962   4072   4244   4479   4585   6173   9568   6299  10770  15828  16573  12371  17534  18391  15016   9446  12236   7000   5206 
 17236  13361     51    135   4244   6173   4072   4585   3962   4479  15828  10770   6299  17534  12236  18391   7000  15016   5206   9446  12371  16573   9568  13417  26304      0      0  65535 
     0      0      0      0      0      0      0      0      0      0      0      0      0      0      0      0      0      0      0 
     0      0      0      0      0      0      0      0      0      0      0      0      0      0      0      0      0      0      0 
     0      0      0      0      0      0      0      0      0      0      0      0      0      0      0      0      0      0      0 
0 -1 -1
     0      0      0      0      4     44     77     11    128    255    255    146    168    255    243     53     38     18      3 
  3964   4073   4242   4475   4566   6086   9319   6151  10340  15198  15927  12005  16444  17397  14381   9186  11930   6865   5181 
 17236  13361     51    136   4242   6086   4073   4566   3964   4475  15198  10340   6151  16444  11930  17397   6865  14381   5181   9186  12005  15927   9319  13412  26304      0      0  65535 
     0      0      0      0      0      0      0      0      0      0      0      0      0      0      0      0      0      0      0 
     0      0      0      0      0      0      0      0      0      0      0      0      0      0      0      0      0      0      0 
     0      0      0      0      0      0      0      0      0      0      0      0      0      0      0      0      0      0      0 
0 -1 -1
     0      0      0      0      2     31     53      5     84    205    187    103    107    208    172     38     23     11      2 
  3963   4076   4229   4464   4508   5738   8289   5810   9184  13295  13817  10544  13912  14927  12610   8374  11255   6551   5118 
 17236  13361     51    138   4229   5738   4076   4508   3963   4464  13295   9184   5810  13912  11255  14927   6551  12610   5118   8374  10544  13817   8289  13413  26302      0      0  65535 
     0      0      0      0      0      0      0      0      0      0      0      0      0      0      0      0      0      0      0 
     0      0      0      0      0      0      0      0      0      0      0      0      0      0      0      0      0      0      0 
     0      0      0      0      0      0      0      0      0      0      0      0      0      0      0      0      0      0      0 
0 -1 -1
     0      0      0      0      0      1      0      0      1     33     18      4      3      9     14      0      0      0      0 
  3962   4073   4177   4426   4371   4934   5979   5241   6999   9288   9227   7173   9513  10170   8665   6371  10185   5863   4922 
 17236  13361     51    141   4177   4934   4073   4371   3962   4426   9288   6999   5241   9513  10185  10170   5863   8665   4922   6371   7173   9227   5979  13411  26303      0      0  65535 
     0      0      0      0      0      0      0      0      0      0      0      0      0      0      0      0      0      0      0 
     0      0      0      0      0      0      0      0      0      0      0      0      0      0      0      0      0      0      0 
     0      0      0      0      0      0      0      0      0      0      0      0      0      0      0      0      0      0      0 
0 -1 -1
     0      0      0      0      0      0      0      0      0      0      0      0      0      0      0      0      0      0      0 
  3938   4040   4081   4352   4198   4204   4206   4719   5194   5768   5441   4674   5918   6215   5378   4729   9447   5189   4667 
 17236  13361     51    144   4081   4204   4040   4198   3938   4352   5768   5194   4719   5918   9447   6215   5189   5378   4667   4729   4674   5441   4206  13413  26304      1      0  65535 
     0      0      0      0      0      0      0      0      0      0      0      0      0      0      0      0      0      0      0 
     0      0      0      0      0      0      0      0      0      0      0      0      0      0      0      0      0      0      0 
     0      0      0      0      0      0      0      0      0      0      0      0      0      0      0      0      0      0      0 
0 -1 -1
     0      0      0      0      0      0      0      0      0      0      0      0      0      0      0      0      0      0      0 
  3891   3981   3968   4253   4052   3820   3548   4395   4446   4395   4006   3772   4518   4737   4212   4045   9380   4801   4443 
 17236  13361     51    146   3968   3820   3981   4052   3891   4253   4395   4446   4395   4518   9380   4737   4801   4212   4443   4045   3772   4006   3548  13413  26305      0      0  65535 
     0      0      0      0      0      0      0      0      0      0      0      0      0      0      0      0      0      0      0 
     0      0      0      0      0      0      0      0      0      0      0      0      0      0      0      0      0      0      0 
     0      0      0      0      0      0      0      0      0      0      0      0      0      0      0      0      0      0      0 
0 -1 -1
     0      0      0      0      0      0      0      0      0      0      0      0      0      0      0      0      0      0      0 
  3831   3913   3867   4160   3958   3659   3354   4226   4199   4070   3657   3527   4135   4383   3930   3807   9609   4618   4278 
 17236  13361     51    147   3867   3659   3913   3958   3831   4160   4070   4199   4226   4135   9609   4383   4618   3930   4278   3807   3527   3657   3354  13413  26304      0      0  65535 
     0      0      0      0      0      0      0      0      0      0      0      0      0      0      0      0      0      0      0 
     0      0      0      0      0      0      0      0      0      0      0      0      0      0      0      0      0      0      0 
     0      0      0      0      0      0      0      0      0      0      0      0      0      0      0      0      0      0      0 
0 -1 -1
     0      0      0      0      0      0      0      0      0      0      0      0      0      0      0      0      0      0      0 
  3775   3860   3802   4092   3915   3600   3289   4135   4128   4002   3587   3456   4031   4307   3861   3723   9835   4534   4175 
 17236  13361     51    147   3802   3600   3860   3915   3775   4092   4002   4128   4135   4031   9835   4307   4534   3861   4175   3723   3456   3587   3289  13413  26304      0      0  65535 
     0      0      0      0      0      0      0      0      0      0      0      0      0      0      0      0      0      0      0 
     0      0      0      0      0      0      0      0      0      0      0      0      0      0      0      0      0      0      0 
     0      0      0      0      0      0      0      0      0      0      0      0      0      0      0      0      0      0      0 
0 -1 -1
     0      0      0      0      0      0      0      0      0      0      0      0      0      0      0      0      0      0      0 
  3738   3826   3762   4054   3897   3579   3265   4080   4100   3988   3573   3431   3987   4290   3840   3691   9843   4496   4122 
 17236  13361     51    147   3762   3579   3826   3897   3738   4054   3988   4100   4080   3987   9843   4290   4496   3840   4122   3691   3431   3573   3265  13413  26304      0      0  65535 
     0      0      0      0      0      0      0      0      0      0      0      0      0      0      0      0      0      0      0 
     0      0      0      0      0      0      0      0      0      0      0      0      0      0      0      0      0      0      0 
     0      0      0      0      0      0      0      0      0      0      0      0      0      0      0      0      0      0      0 
0 -1 -1
     0      0      0      0      0      0      0      0      0      0      0      0      0      0      0      0      0      0      0 
  3715   3808   3738   4031   3891   3574   3253   4046   4086   3985   3566   3418   3961   4284   3833   3674   9917   4476   4094 
 17236  13361     51    147   3738   3574   3808   3891   3715   4031   3985   4086   4046   3961   9917   4284   4476   3833   4094   3674   3418   3566   3253  13414  26303      0      0  65535 
     0      0      0      0      0      0      0      0      0      0      0      0      0      0      0      0      0      0      0 
     0      0      0      0      0      0      0      0      0      0      0      0      0      0      0      0      0      0      0 
     0      0      0      0      0      0      0      0      0      0      0      0      0      0      0      0      0      0      0 
0 -1 -1
     0      0      0      0      0      0      0      0      0      0      0      0      0      0      0      0      0      0      0 
  3707   3804   3728   4023   3890   3572   3250   4036   4085   3985   3564   3413   3953   4283   3833   3669   9942   4472   4085 
 17236  13361     51    147   3728   3572   3804   3890   3707   4023   3985   4085   4036   3953   9942   4283   4472   3833   4085   3669   3413   3564   3250  13414  26304      0      0  65535 
     0      0      0      0      0      0      0      0      0      0      0      0      0      0      0      0      0      0      0 
     0      0      0      0      0      0      0      0      0      0      0      0      0      0      0      0      0      0      0 
     0      0      0      0      0      0      0      0      0      0      0      0      0      0      0      0      0      0      0 
0 -1 -1
     0      0      0      0      0      0      0      0      0      0      0      0      0      0      0      0      0      0      0 
  3712   3806   3734   4028   3895   3577   3261   4044   4093   3990   3571   3422   3961   4290   3840   3678   9806   4481   4098 
 17236  13361     51    147   3734   3577   3806   3895   3712   4028   3990   4093   4044   3961   9806   4290   4481   3840   4098   3678   3422   3571   3261  13418  26304      0      0  65535 
     0      0      0      0      0      0      0      0      0      0      0      0      0      0      0      0      0      0      0 
     0      0      0      0      0      0      0      0      0      0      0      0      0      0      0      0      0      0      0 
     0      0      0      0      0      0      0      0      0      0      0      0      0      0      0      0      0      0      0 
0 -1 -1
     0      0      0      0      0      0      0      0      0      0      0      0      0      0      0      0      0      0      0 
  3718   3811   3741   4035   3900   3581   3269   4054   4097   3994   3576   3426   3967   4294   3846   3685   9635   4486   4105 
 17236  13361     51    147   3741   3581   3811   3900   3718   4035   3994   4097   4054   3967   9635   4294   4486   3846   4105   3685   3426   3576   3269  13418  26304      0      0  65535 
     0      0      0      0      0      0      0      0      0      0      0      0      0      0      0      0      0      0      0 
     0      0      0      0      0      0      0      0      0      0      0      0      0      0      0      0      0      0      0 
     0      0      0      0      0      0      0      0      0      0      0      0      0      0      0      0      0      0      0 
0 -1 -1
     0      0      0      0      0      0      0      0      0      0      0      0      0      0      0      0      0      0      0 
  3729   3822   3752   4046   3907   3590   3280   4069   4107   4003   3586   3441   3982   4303   3857   3700   9526   4503   4124 
 17236  13361     51    147   3752   3590   3822   3907   3729   4046   4003   4107   4069   3982   9526   4303   4503   3857   4124   3700   3441   3586   3280  13418  26304      0      0  65535 
     0      0      0      0      0      0      0      0      0      0      0      0      0      0      0      0      0      0      0 
     0      0      0      0      0      0      0      0      0      0      0      0      0      0      0      0      0      0      0 
     0      0      0      0      0      0      0      0      0      0      0      0      0      0      0      0      0      0      0 
0 -1 -1
     0      0      0      0      0      0      0      0      0      0      0      0      0      0      0      0      0      0      0 
  3738   3830   3763   4055   3913   3597   3288   4081   4115   4008   3593   3450   3994   4309   3863   3710   9514   4514   4137 
 17236  13361     51    147   3763   3597   3830   3913   3738   4055   4008   4115   4081   3994   9514   4309   4514   3863   4137   3710   3450   3593   3288  13418  26304      0      0  65535 
     0      0      0      0      0      0      0      0      0      0      0      0      0      0      0      0      0      0      0 
     0      0      0      0      0      0      0      0      0      0      0      0      0      0      0      0      0      0      0 
     0      0      0      0      0      0      0      0      0      0      0      0      0      0      0      0      0      0      0 
0 -1 -1
     0      0      0      0      0      0      0      0      0      0      0      0      0      0      0      0      0      0      0 
  3742   3835   3768   4060   3916   3600   3293   4085   4118   4011   3597   3453   3997   4312   3866   3716   9590   4518   4144 
 17236  13361     51    147   3768   3600   3835   3916   3742   4060   4011   4118   4085   3997   9590   4312   4518   3866   4144   3716   3453   3597   3293  13419  26304      0      0  65535 
     0      0      0      0      0      0      0      0      0      0      0      0      0      0      0      0      0      0      0 
     0      0      0      0      0      0      0      0      0      0      0      0      0      0      0      0      0      0      0 
     0      0      0      0      0      0      0      0      0      0      0      0      0      0      0      0      0      0      0 
0 -1 -1
     0      0      0      0      0      0      0      0      0      0      0      0      0      0      0      0      0      0      0 
  3749   3839   3776   4067   3920   3605   3300   4092   4123   4014   3600   3461   4005   4315   3872   3722   9526   4526   4154 
 17236  13361     51    147   3776   3605   3839   3920   3749   4067   4014   4123   4092   4005   9526   4315   4526   3872   4154   3722   3461   3600   3300  13420  26304      0      0  65535 
     0      0      0      0      0      0      0      0      0      0      0      0      0      0      0      0      0      0      0 
     0      0      0      0      0      0      0      0      0      0      0      0      0      0      0      0      0      0      0 
     0      0      0      0      0      0      0      0      0      0      0      0      0      0      0      0      0      0      0 
0 -1 -1
     0      0      0      0      0      0      0      0      0      0      0      0      0      0      0      0      0      0      0 
  3749   3842   3779   4069   3921   3607   3302   4096   4124   4015   3603   3463   4008   4317   3871   3725   9502   4528   4157 
 17236  13361     51    147   3779   3607   3842   3921   3749   4069   4015   4124   4096   4008   9502   4317   4528   3871   4157   3725   3463   3603   3302  13420  26304      0      1  65535 
     0      0      0      0      0      0      0      0      0      0      0      0      0      0      0      0      0      0      0 
     0      0      0      0      0      0      0      0      0      0      0      0      0      0      0      0      0      0      0 
     0      0      0      0      0      0      0      0      0      0      0      0      0      0      0      0      0      0      0 
0 -1 -1
     0      0      0      0      0      0      0      0      0      0      0      0      0      0      0      0      0      0      0 
  3752   3844   3779   4069   3922   3607   3304   4098   4124   4016   3603   3465   4009   4317   3874   3726   9454   4531   4160 
 17236  13361     51    147   3779   3607   3844   3922   3752   4069   4016   4124   4098   4009   9454   4317   4531   3874   4160   3726   3465   3603   3304  13419  26304      0      0  65535 
     0      0      0      0      0      0      0      0      0      0      0      0      0      0      0      0      0      0      0 
     0      0      0      0      0      0      0      0      0      0      0      0      0      0      0      0      0      0      0 
     0      0      0      0      0      0      0      0      0      0      0      0      0      0      0      0      0      0      0 
0 -1 -1
     0      0      0      0      0      0      0      0      0      0      0      0      0      0      0      0      0      0      0 
  3755   3847   3784   4072   3924   3610   3308   4103   4128   4019   3608   3471   4014   4322   3879   3733   9456   4536   4169 
 17236  13361     51    147   3784   3610   3847   3924   3755   4072   4019   4128   4103   4014   9456   4322   4536   3879   4169   3733   3471   3608   3308  13419  26304      0      0  65535 
     0      0      0      0      0      0      0      0      0      0      0      0      0      0      0      0      0      0      0 
     0      0      0      0      0      0      0      0      0      0      0      0      0      0      0      0      0      0      0 
     0      0      0      0      0      0      0      0      0      0      0      0      0      0      0      0      0      0      0 
0 -1 -1
     0      0      0      0      0      0      0      0      0      0      0      0      0      0      0      0      0      0      0 
  3757   3849   3787   4076   3928   3614   3313   4106   4130   4020   3609   3473   4016   4323   3880   3737   9468   4540   4172 
 17236  13361     51    147   3787   3614   3849   3928   3757   4076   4020   4130   4106   4016   9468   4323   4540   3880   4172   3737   3473   3609   3313  13420  26304      0      0  65535 
     0      0      0      0      0      0      0      0      0      0      0      0      0      0      0      0      0      0      0 
     0      0      0      0      0      0      0      0      0      0      0      0      0      0      0      0      0      0      0 
     0      0      0      0      0      0      0      0      0      0      0      0      0      0      0      0      0      0      0 
0 -1 -1
     0      0      0      0      0      0      0      0      0      0      0      0      0      0      0      0      0      0      0 
  3747   3839   3777   4064   3919   3606   3298   4089   4119   4012   3598   3461   4003   4312   3870   3724   9519   4526   4156 
 17236  13361     51    147   3777   3606   3839   3919   3747   4064   4012   4119   4089   4003   9519   4312   4526   3870   4156   3724   3461   3598   3298  13420  26304      0      0  65535 
     0      0      0      0      0      0      0      0      0      0      0      0      0      0      0      0      0      0      0 
     0      0      0      0      0      0      0      0      0      0      0      0      0      0      0      0      0      0      0 
     0      0      0      0      0      0      0      0      0      0      0      0      0      0      0      0      0      0      0 
0 -1 -1
     0      0      0      0      0      0      0      0      0      0      0      0      0      0      0      0      0      0      0 
  3742   3836   3771   4059   3916   3601   3296   4085   4115   4007   3596   3457   3995   4310   3866   3719   9496   4519   4149 
 17236  13361     51    147   3771   3601   3836   3916   3742   4059   4007   4115   4085   3995   9496   4310   4519   3866   4149   3719   3457   3596   3296  13420  26304      0      0  65535 
     0      0      0      0      0      0      0      0      0      0      0      0      0      0      0      0      0      0      0 
     0      0      0      0      0      0      0      0      0      0      0      0      0      0      0      0      0      0      0 
     0      0      0      0      0      0      0      0      0      0      0      0      0      0      0      0      0      0      0 
0 -1 -1
     0      0      0      0      0      0      0      0      0      0      0      0      0      0      0      0      0      0      0 
  3747   3839   3777   4063   3918   3604   3303   4092   4119   4012   3600   3463   4004   4313   3870   3723   9473   4527   4158 
 17236  13361     51    147   3777   3604   3839   3918   3747   4063   4012   4119   4092   4004   9473   4313   4527   3870   4158   3723   3463   3600   3303  13420  26305      0      0  65535 
     0      0      0      0      0      0      0      0      0      0      0      0      0      0      0      0      0      0      0 
     0      0      0      0      0      0      0      0      0      0      0      0      0      0      0      0      0      0      0 
     0      0      0      0      0      0      0      0      0      0      0      0      0      0      0      0      0      0      0 
0 -1 -1
     0      0      0      0      0      0      0      0      0      0      0      0      0      0      0      0      0      0      0 
  3757   3847   3787   4074   3925   3610   3313   4105   4130   4018   3611   3472   4016   4322   3880   3736   9453   4537   4171 
 17236  13361     51    147   3787   3610   3847   3925   3757   4074   4018   4130   4105   4016   9453   4322   4537   3880   4171   3736   3472   3611   3313  13421  26305      0      0  65535 
     0      0      0      0      0      0      0      0      0      0      0      0      0      0      0      0      0      0      0 
     0      0      0      0      0      0      0      0      0      0      0      0      0      0      0      0      0      0      0 
     0      0      0      0      0      0      0      0      0      0      0      0      0      0      0      0      0      0      0 
0 -1 -1
     0      0      0      0      0      0      0      0      0      0      0      0      0      0      0      0      0      0      0 
  3764   3855   3794   4080   3931   3617   3317   4114   4134   4024   3614   3477   4022   4325   3884   3742   9394   4545   4179 
 17236  13361     51    147   3794   3617   3855   3931   3764   4080   4024   4134   4114   4022   9394   4325   4545   3884   4179   3742   3477   3614   3317  13422  26304      0      0  65535 
     0      0      0      0      0      0      0      0      0      0      0      0      0      0      0      0      0      0      0 
     0      0      0      0      0      0      0      0      0      0      0      0      0      0      0      0      0      0      0 
     0      0      0      0      0      0      0      0      0      0      0      0      0      0      0      0      0      0      0 
0 -1 -1
