     1     55    210      1     75    255    134      1     57    255    255      7     33    255    255      5     11    184      6 
  4327   8089  16901   4600   7351  17686  11163   4650   6797  18241  13221   4268   6749  18671  14662   4680   9857  15830   5298 
 17236  13361     51    137  16901  17686   8089   7351   4327   4600  18241   6797   4650   6749   9857  18671  15830  14662   5298   4680   4268  13221  11163  13448  26304      0      0  65535 
     0      0      0      0      0      0      0      0      0      0      0      0      0      0      0      0      0      0      0 
     0      0      0      0      0      0      0      0      0      0      0      0      0      0      0      0      0      0      0 
     0      0      0      0      0      0      0      0      0      0      0      0      0      0      0      0      0      0      0 
0 -1 -1
     1     59    228      1     80    255    143      1     60    255    255      7     34    255    255      5     11    191      6 
  4328   8268  17743   4600   7467  18446  11582   4649   6868  18854  13635   4273   6800  19153  15033   4682   9851  16152   5296 
 17236  13361     51    136  17743  18446   8268   7467   4328   4600  18854   6868   4649   6800   9851  19153  16152  15033   5296   4682   4273  13635  11582  13450  26303      0      0  65535 
     0      0      0      0      0      0      0      0      0      0      0      0      0      0      0      0      0      0      0 
     0      0      0      0      0      0      0      0      0      0      0      0      0      0      0      0      0      0      0 
     0      0      0      0      0      0      0      0      0      0      0      0      0      0      0      0      0      0      0 
0 -1 -1
     1     62    247      1     83    255    154      1     61    255    255      7     35    255    255      5      9    197      6 
  4329   8418  18629   4598   7546  19184  12023   4646   6901  19360  14049   4282   6812  19461  15378   4689   9763  16408   5300 
 17236  13361     51    135  18629  19184   8418   7546   4329   4598  19360   6901   4646   6812   9763  19461  16408  15378   5300   4689   4282  14049  12023  13451  26304      0      0  65535 
     0      0      0      0      0      0      0      0      0      0      0      0      0      0      0      0      0      0      0 
     0      0      0      0      0      0      0      0      0      0      0      0      0      0      0      0      0      0      0 
     0      0      0      0      0      0      0      0      0      0      0      0      0      0      0      0      0      0      0 
0 -1 -1
     1     63    255      1     83    255    158      1     61    255    255      8     35    255    255      5     10    201      6 
  4325   8444  19042   4596   7557  19533  12221   4645   6905  19619  14265   4288   6824  19673  15588   4691   9811  16609   5298 
 17236  13361     51    135  19042  19533   8444   7557   4325   4596  19619   6905   4645   6824   9811  19673  16609  15588   5298   4691   4288  14265  12221  13451  26304      0      0  65535 
     0      0      0      0      0      0      0      0      0      0      0      0      0      0      0      0      0      0      0 
     0      0      0      0      0      0      0      0      0      0      0      0      0      0      0      0      0      0      0 
     0      0      0      0      0      0      0      0      0      0      0      0      0      0      0      0      0      0      0 
0 -1 -1
     1     64    255      0     84    255    158      1     62    255    255      7     35    255    255      5      9    202      6 
  4326   8467  19146   4595   7578  19657  12206   4643   6915  19740  14255   4280   6842  19792  15596   4680   9756  16649   5288 
 17236  13361     51    135  19146  19657   8467   7578   4326   4595  19740   6915   4643   6842   9756  19792  16649  15596   5288   4680   4280  14255  12206  13452  26304      0      1  65535 
     0      0      0      0      0      0      0      0      0      0      0      0      0      0      0      0      0      0      0 
     0      0      0      0      0      0      0      0      0      0      0      0      0      0      0      0      0      0      0 
     0      0      0      0      0      0      0      0      0      0      0      0      0      0      0      0      0      0      0 
0 -1 -1
     1     64    255      0     84    255    157      1     61    255    255      7     34    255    255      5      7    195      6 
  4325   8480  19263   4595   7566  19668  12182   4642   6892  19605  14142   4272   6802  19507  15367   4667   9665  16314   5265 
 17236  13361     51    135  19263  19668   8480   7566   4325   4595  19605   6892   4642   6802   9665  19507  16314  15367   5265   4667   4272  14142  12182  13452  26303      0      0  65535 
     0      0      0      0      0      0      0      0      0      0      0      0      0      0      0      0      0      0      0 
     0      0      0      0      0      0      0      0      0      0      0      0      0      0      0      0      0      0      0 
     0      0      0      0      0      0      0      0      0      0      0      0      0      0      0      0      0      0      0 
0 -1 -1
     1     63    255      0     80    255    152      1     57    255    255      7     31    255    255      5      4    179      5 
  4324   8426  19170   4593   7481  19365  11962   4641   6788  19038  13773   4262   6679  18674  14808   4648   9541  15570   5233 
 17236  13361     51    135  19170  19365   8426   7481   4324   4593  19038   6788   4641   6679   9541  18674  15570  14808   5233   4648   4262  13773  11962  13452  26303      0      0  65535 
     0      0      0      0      0      0      0      0      0      0      0      0      0      0      0      0      0      0      0 
     0      0      0      0      0      0      0      0      0      0      0      0      0      0      0      0      0      0      0 
     0      0      0      0      0      0      0      0      0      0      0      0      0      0      0      0      0      0      0 
0 -1 -1
     1     61    248      0     76    255    141      1     52    255    255      6     28    255    255      4      3    155      4 
  4323   8338  18659   4595   7371  18642  11470   4642   6665  18119  13094   4238   6539  17569  13897   4616   9510  14494   5181 
 17236  13361     51    136  18659  18642   8338   7371   4323   4595  18119   6665   4642   6539   9510  17569  14494  13897   5181   4616   4238  13094  11470  13453  26303      0      0  65535 
     0      0      0      0      0      0      0      0      0      0      0      0      0      0      0      0      0      0      0 
     0      0      0      0      0      0      0      0      0      0      0      0      0      0      0      0      0      0      0 
     0      0      0      0      0      0      0      0      0      0      0      0      0      0      0      0      0      0      0 
0 -1 -1
     1     59    232      1     72    255    123      1     48    255    225      5     25    255    251      3      2    131      3 
  4325   8287  17916   4600   7285  17762  10696   4644   6550  17119  12195   4199   6399  16445  12856   4571   9471  13384   5121 
 17236  13361     51    137  17916  17762   8287   7285   4325   4600  17119   6550   4644   6399   9471  16445  13384  12856   5121   4571   4199  12195  10696  13454  26304      0      0  65535 
     0      0      0      0      0      0      0      0      0      0      0      0      0      0      0      0      0      0      0 
     0      0      0      0      0      0      0      0      0      0      0      0      0      0      0      0      0      0      0 
     0      0      0      0      0      0      0      0      0      0      0      0      0      0      0      0      0      0      0 
0 -1 -1
     1     54    206      1     64    255    100      1     39    255    182      4     19    255    196      2      1     99      2 
  4324   8071  16689   4601   7065  16360   9731   4642   6325  15569  11022   4159   6170  14726  11478   4519   9416  11905   5048 
 17236  13361     51    138  16689  16360   8071   7065   4324   4601  15569   6325   4642   6170   9416  14726  11905  11478   5048   4519   4159  11022   9731  13454  26304      0      0  65535 
     0      0      0      0      0      0      0      0      0      0      0      0      0      0      0      0      0      0      0 
     0      0      0      0      0      0      0      0      0      0      0      0      0      0      0      0      0      0      0 
     0      0      0      0      0      0      0      0      0      0      0      0      0      0      0      0      0      0      0 
0 -1 -1
     1     40    153      0     43    251     64      0     24    231    116      2     10    172    118      1      0     56      1 
  4306   7440  14196   4590   6543  13753   8175   4629   5912  12949   9232   4097   5799  12091   9529   4445   9339   9923   4942 
 17236  13361     51    141  14196  13753   7440   6543   4306   4590  12949   5912   4629   5799   9339  12091   9923   9529   4942   4445   4097   9232   8175  13454  26304      0      0  65535 
     0      0      0      0      0      0      0      0      0      0      0      0      0      0      0      0      0      0      0 
     0      0      0      0      0      0      0      0      0      0      0      0      0      0      0      0      0      0      0 
     0      0      0      0      0      0      0      0      0      0      0      0      0      0      0      0      0      0      0 
0 -1 -1
     0     13     70      0     10    111     22      0      3     86     40      0      0     45     33      0      0     12      0 
  4264   6271  10325   4558   5708  10007   6367   4596   5372   9580   7165   4027   5354   9054   7412   4358   9241   7887   4820 
 17236  13361     51    144  10325  10007   6271   5708   4264   4558   9580   5372   4596   5354   9241   9054   7887   7412   4820   4358   4027   7165   6367  13452  26304      0      0  65535 
     0      0      0      0      0      0      0      0      0      0      0      0      0      0      0      0      0      0      0 
     0      0      0      0      0      0      0      0      0      0      0      0      0      0      0      0      0      0      0 
     0      0      0      0      0      0      0      0      0      0      0      0      0      0      0      0      0      0      0 
0 -1 -1
     0      0      0      0      0      0      0      0      0      0      0      0      0      0      0      0      0      0      0 
  4185   5165   6837   4494   4921   6633   4828   4534   4873   6614   5371   3932   4921   6489   5631   4242   9168   6252   4672 
 17236  13361     51    147   6837   6633   5165   4921   4185   4494   6614   4873   4534   4921   9168   6489   6252   5631   4672   4242   3932   5371   4828  13448  26305      0      0  65535 
     0      0      0      0      0      0      0      0      0      0      0      0      0      0      0      0      0      0      0 
     0      0      0      0      0      0      0      0      0      0      0      0      0      0      0      0      0      0      0 
     0      0      0      0      0      0      0      0      0      0      0      0      0      0      0      0      0      0      0 
0 -1 -1
     0      0      0      0      0      0      0      0      0      0      0      0      0      0      0      0      0      0      0 
  4079   4380   4604   4398   4353   4399   3814   4444   4480   4729   4187   3795   4553   4948   4456   4080   9108   5162   4493 
 17236  13361     51    149   4604   4399   4380   4353   4079   4398   4729   4480   4444   4553   9108   4948   5162   4456   4493   4080   3795   4187   3814  13446  26305      0      0  65535 
     0      0      0      0      0      0      0      0      0      0      0      0      0      0      0      0      0      0      0 
     0      0      0      0      0      0      0      0      0      0      0      0      0      0      0      0      0      0      0 
     0      0      0      0      0      0      0      0      0      0      0      0      0      0      0      0      0      0      0 
0 -1 -1
     0      0      0      0      0      0      0      0      0      0      0      0      0      0      0      0      0      0      0 
  4005   4161   4140   4329   4192   3952   3591   4381   4353   4359   3930   3722   4398   4645   4216   3993   9094   4908   4404 
 17236  13361     51    150   4140   3952   4161   4192   4005   4329   4359   4353   4381   4398   9094   4645   4908   4216   4404   3993   3722   3930   3591  13449  26304      0      0  65535 
     0      0      0      0      0      0      0      0      0      0      0      0      0      0      0      0      0      0      0 
     0      0      0      0      0      0      0      0      0      0      0      0      0      0      0      0      0      0      0 
     0      0      0      0      0      0      0      0      0      0      0      0      0      0      0      0      0      0      0 
0 -1 -1
     0      0      0      0      0      0      0      0      0      0      0      0      0      0      0      0      0      0      0 
  3939   4056   3985   4267   4117   3824   3491   4315   4285   4238   3820   3661   4297   4542   4121   3923   9072   4791   4333 
 17236  13361     51    150   3985   3824   4056   4117   3939   4267   4238   4285   4315   4297   9072   4542   4791   4121   4333   3923   3661   3820   3491  13449  26304      0      0  65535 
     0      0      0      0      0      0      0      0      0      0      0      0      0      0      0      0      0      0      0 
     0      0      0      0      0      0      0      0      0      0      0      0      0      0      0      0      0      0      0 
     0      0      0      0      0      0      0      0      0      0      0      0      0      0      0      0      0      0      0 
0 -1 -1
     0      0      0      0      0      0      0      0      0      0      0      0      0      0      0      0      0      0      0 
  3884   4001   3913   4216   4081   3782   3448   4263   4255   4202   3786   3627   4231   4504   4089   3879   9046   4735   4287 
 17236  13361     51    150   3913   3782   4001   4081   3884   4216   4202   4255   4263   4231   9046   4504   4735   4089   4287   3879   3627   3786   3448  13448  26304      0      0  65535 
     0      0      0      0      0      0      0      0      0      0      0      0      0      0      0      0      0      0      0 
     0      0      0      0      0      0      0      0      0      0      0      0      0      0      0      0      0      0      0 
     0      0      0      0      0      0      0      0      0      0      0      0      0      0      0      0      0      0      0 
0 -1 -1
     0      0      0      0      0      0      0      0      0      0      0      0      0      0      0      0      0      0      0 
  3866   3988   3898   4204   4077   3781   3446   4248   4252   4198   3785   3622   4216   4503   4086   3873   9038   4723   4275 
 17236  13361     51    150   3898   3781   3988   4077   3866   4204   4198   4252   4248   4216   9038   4503   4723   4086   4275   3873   3622   3785   3446  13448  26305      0      0  65535 
     0      0      0      0      0      0      0      0      0      0      0      0      0      0      0      0      0      0      0 
     0      0      0      0      0      0      0      0      0      0      0      0      0      0      0      0      0      0      0 
     0      0      0      0      0      0      0      0      0      0      0      0      0      0      0      0      0      0      0 
0 -1 -1
     0      0      0      0      0      0      0      0      0      0      0      0      0      0      0      0      0      0      0 
  3890   4013   3929   4229   4097   3803   3475   4272   4271   4225   3814   3642   4248   4531   4113   3902   9054   4757   4306 
 17236  13361     51    150   3929   3803   4013   4097   3890   4229   4225   4271   4272   4248   9054   4531   4757   4113   4306   3902   3642   3814   3475  13447  26305      0      0  65535 
     0      0      0      0      0      0      0      0      0      0      0      0      0      0      0      0      0      0      0 
     0      0      0      0      0      0      0      0      0      0      0      0      0      0      0      0      0      0      0 
     0      0      0      0      0      0      0      0      0      0      0      0      0      0      0      0      0      0      0 
0 -1 -1
     0      0      0      0      0      0      0      0      0      0      0      0      0      0      0      0      0      0      0 
  3928   4055   3979   4263   4129   3837   3506   4306   4297   4261   3842   3665   4291   4565   4147   3932   9065   4798   4341 
 17236  13361     51    150   3979   3837   4055   4129   3928   4263   4261   4297   4306   4291   9065   4565   4798   4147   4341   3932   3665   3842   3506  13447  26304      0      0  65535 
     0      0      0      0      0      0      0      0      0      0      0      0      0      0      0      0      0      0      0 
     0      0      0      0      0      0      0      0      0      0      0      0      0      0      0      0      0      0      0 
     0      0      0      0      0      0      0      0      0      0      0      0      0      0      0      0      0      0      0 
0 -1 -1
     0      0      0      0      0      0      0      0      0      0      0      0      0      0      0      0      0      0      0 
  3910   4032   3950   4244   4110   3814   3475   4287   4281   4231   3811   3646   4262   4537   4116   3903   9049   4764   4313 
 17236  13361     51    150   3950   3814   4032   4110   3910   4244   4231   4281   4287   4262   9049   4537   4764   4116   4313   3903   3646   3811   3475  13446  26304      0      0  65535 
     0      0      0      0      0      0      0      0      0      0      0      0      0      0      0      0      0      0      0 
     0      0      0      0      0      0      0      0      0      0      0      0      0      0      0      0      0      0      0 
     0      0      0      0      0      0      0      0      0      0      0      0      0      0      0      0      0      0      0 
0 -1 -1
     0      0      0      0      0      0      0      0      0      0      0      0      0      0      0      0      0      0      0 
  3885   4006   3917   4223   4089   3790   3453   4266   4264   4206   3789   3627   4235   4513   4092   3882   9037   4736   4290 
 17236  13361     51    150   3917   3790   4006   4089   3885   4223   4206   4264   4266   4235   9037   4513   4736   4092   4290   3882   3627   3789   3453  13446  26304      0      1  65535 
     0      0      0      0      0      0      0      0      0      0      0      0      0      0      0      0      0      0      0 
     0      0      0      0      0      0      0      0      0      0      0      0      0      0      0      0      0      0      0 
     0      0      0      0      0      0      0      0      0      0      0      0      0      0      0      0      0      0      0 
0 -1 -1
     0      0      0      0      0      0      0      0      0      0      0      0      0      0      0      0      0      0      0 
  3879   3999   3911   4215   4084   3785   3449   4258   4258   4201   3785   3625   4223   4508   4091   3879   9036   4729   4283 
 17236  13361     51    150   3911   3785   3999   4084   3879   4215   4201   4258   4258   4223   9036   4508   4729   4091   4283   3879   3625   3785   3449  13446  26305      0      0  65535 
     0      0      0      0      0      0      0      0      0      0      0      0      0      0      0      0      0      0      0 
     0      0      0      0      0      0      0      0      0      0      0      0      0      0      0      0      0      0      0 
     0      0      0      0      0      0      0      0      0      0      0      0      0      0      0      0      0      0      0 
0 -1 -1
     0      0      0      0      0      0      0      0      0      0      0      0      0      0      0      0      0      0      0 
  3874   3996   3907   4209   4081   3783   3449   4254   4256   4199   3785   3624   4219   4504   4088   3877   9046   4726   4282 
 17236  13361     51    150   3907   3783   3996   4081   3874   4209   4199   4256   4254   4219   9046   4504   4726   4088   4282   3877   3624   3785   3449  13450  26304      0      0  65535 
     0      0      0      0      0      0      0      0      0      0      0      0      0      0      0      0      0      0      0 
     0      0      0      0      0      0      0      0      0      0      0      0      0      0      0      0      0      0      0 
     0      0      0      0      0      0      0      0      0      0      0      0      0      0      0      0      0      0      0 
0 -1 -1
     0      0      0      0      0      0      0      0      0      0      0      0      0      0      0      0      0      0      0 
  3881   4003   3916   4217   4087   3789   3458   4258   4260   4207   3791   3629   4225   4514   4096   3884   9049   4736   4290 
 17236  13361     51    150   3916   3789   4003   4087   3881   4217   4207   4260   4258   4225   9049   4514   4736   4096   4290   3884   3629   3791   3458  13449  26304      0      0  65535 
     0      0      0      0      0      0      0      0      0      0      0      0      0      0      0      0      0      0      0 
     0      0      0      0      0      0      0      0      0      0      0      0      0      0      0      0      0      0      0 
     0      0      0      0      0      0      0      0      0      0      0      0      0      0      0      0      0      0      0 
0 -1 -1
     0      0      0      0      0      0      0      0      0      0      0      0      0      0      0      0      0      0      0 
  3898   4021   3938   4232   4099   3807   3473   4274   4273   4222   3806   3640   4246   4528   4112   3900   9039   4756   4310 
 17236  13361     51    150   3938   3807   4021   4099   3898   4232   4222   4273   4274   4246   9039   4528   4756   4112   4310   3900   3640   3806   3473  13449  26305      0      0  65535 
     0      0      0      0      0      0      0      0      0      0      0      0      0      0      0      0      0      0      0 
     0      0      0      0      0      0      0      0      0      0      0      0      0      0      0      0      0      0      0 
     0      0      0      0      0      0      0      0      0      0      0      0      0      0      0      0      0      0      0 
0 -1 -1
     0      0      0      0      0      0      0      0      0      0      0      0      0      0      0      0      0      0      0 
  3906   4028   3947   4239   4103   3813   3477   4278   4276   4229   3810   3644   4250   4534   4116   3906   9043   4760   4313 
 17236  13361     51    150   3947   3813   4028   4103   3906   4239   4229   4276   4278   4250   9043   4534   4760   4116   4313   3906   3644   3810   3477  13449  26304      0      0  65535 
     0      0      0      0      0      0      0      0      0      0      0      0      0      0      0      0      0      0      0 
     0      0      0      0      0      0      0      0      0      0      0      0      0      0      0      0      0      0      0 
     0      0      0      0      0      0      0      0      0      0      0      0      0      0      0      0      0      0      0 
0 -1 -1
     0      0      0      0      0      0      0      0      0      0      0      0      0      0      0      0      0      0      0 
  3900   4022   3940   4232   4099   3806   3472   4272   4270   4219   3804   3643   4244   4527   4108   3900   9049   4751   4308 
 17236  13361     51    150   3940   3806   4022   4099   3900   4232   4219   4270   4272   4244   9049   4527   4751   4108   4308   3900   3643   3804   3472  13450  26305      0      0  65535 
     0      0      0      0      0      0      0      0      0      0      0      0      0      0      0      0      0      0      0 
     0      0      0      0      0      0      0      0      0      0      0      0      0      0      0      0      0      0      0 
     0      0      0      0      0      0      0      0      0      0      0      0      0      0      0      0      0      0      0 
0 -1 -1
     0      0      0      0      0      0      0      0      0      0      0      0      0      0      0      0      0      0      0 
  3903   4026   3945   4238   4103   3808   3474   4276   4272   4223   3809   3644   4248   4529   4113   3904   9050   4756   4312 
 17236  13361     51    150   3945   3808   4026   4103   3903   4238   4223   4272   4276   4248   9050   4529   4756   4113   4312   3904   3644   3809   3474  13450  26305      0      0  65535 
     0      0      0      0      0      0      0      0      0      0      0      0      0      0      0      0      0      0      0 
     0      0      0      0      0      0      0      0      0      0      0      0      0      0      0      0      0      0      0 
     0      0      0      0      0      0      0      0      0      0      0      0      0      0      0      0      0      0      0 
0 -1 -1
     0      0      0      0      0      0      0      0      0      0      0      0      0      0      0      0      0      0      0 
  3907   4029   3951   4239   4105   3811   3479   4278   4276   4228   3811   3647   4251   4533   4116   3907   9045   4760   4316 
 17236  13361     51    150   3951   3811   4029   4105   3907   4239   4228   4276   4278   4251   9045   4533   4760   4116   4316   3907   3647   3811   3479  13450  26305      0      0  65535 
     0      0      0      0      0      0      0      0      0      0      0      0      0      0      0      0      0      0      0 
     0      0      0      0      0      0      0      0      0      0      0      0      0      0      0      0      0      0      0 
     0      0      0      0      0      0      0      0      0      0      0      0      0      0      0      0      0      0      0 
0 -1 -1
     0      0      0      0      0      0      0      0      0      0      0      0      0      0      0      0      0      0      0 
  3910   4033   3955   4241   4107   3816   3482   4280   4277   4230   3812   3650   4253   4535   4118   3910   9044   4764   4320 
 17236  13361     51    150   3955   3816   4033   4107   3910   4241   4230   4277   4280   4253   9044   4535   4764   4118   4320   3910   3650   3812   3482  13450  26305      0      0  65535 
     0      0      0      0      0      0      0      0      0      0      0      0      0      0      0      0      0      0      0 
     0      0      0      0      0      0      0      0      0      0      0      0      0      0      0      0      0      0      0 
     0      0      0      0      0      0      0      0      0      0      0      0      0      0      0      0      0      0      0 
0 -1 -1
     0      0      0      0      0      0      0      0      0      0      0      0      0      0      0      0      0      0      0 
  3906   4030   3949   4238   4105   3811   3477   4274   4275   4224   3807   3646   4247   4529   4112   3906   9042   4757   4315 
 17236  13361     51    150   3949   3811   4030   4105   3906   4238   4224   4275   4274   4247   9042   4529   4757   4112   4315   3906   3646   3807   3477  13450  26305      0      0  65535 
     0      0      0      0      0      0      0      0      0      0      0      0      0      0      0      0      0      0      0 
     0      0      0      0      0      0      0      0      0      0      0      0      0      0      0      0      0      0      0 
     0      0      0      0      0      0      0      0      0      0      0      0      0      0      0      0      0      0      0 
0 -1 -1
     0      0      0      0      0      0      0      0      0      0      0      0      0      0      0      0      0      0      0 
  3909   4033   3954   4241   4106   3814   3484   4277   4277   4228   3813   3651   4251   4536   4118   3913   9055   4763   4321 
 17236  13361     51    150   3954   3814   4033   4106   3909   4241   4228   4277   4277   4251   9055   4536   4763   4118   4321   3913   3651   3813   3484  13452  26305      0      0  65535 
     0      0      0      0      0      0      0      0      0      0      0      0      0      0      0      0      0      0      0 
     0      0      0      0      0      0      0      0      0      0      0      0      0      0      0      0      0      0      0 
     0      0      0      0      0      0      0      0      0      0      0      0      0      0      0      0      0      0      0 
0 -1 -1
     0      0      0      0      0      0      0      0      0      0      0      0      0      0      0      0      0      0      0 
  3928   4053   3976   4256   4121   3831   3502   4294   4289   4248   3834   3664   4272   4554   4137   3930   9058   4785   4341 
 17236  13361     51    150   3976   3831   4053   4121   3928   4256   4248   4289   4294   4272   9058   4554   4785   4137   4341   3930   3664   3834   3502  13452  26305      0      0  65535 
     0      0      0      0      0      0      0      0      0      0      0      0      0      0      0      0      0      0      0 
     0      0      0      0      0      0      0      0      0      0      0      0      0      0      0      0      0      0      0 
     0      0      0      0      0      0      0      0      0      0      0      0      0      0      0      0      0      0      0 
0 -1 -1
