     3      4      5      4      6      9     17      6     17     50    114    120     52    161    235    122      7    104     54 
  3902   3903   3904   4244   4016   3747   3870   4515   4515   5061   6531   7307   6153   8077   9609   9884   9425   9135   7453 
 17236  13361     51    145   3904   3747   3903   4016   3902   4244   5061   4515   4515   6153   9425   8077   9135   9609   7453   9884   7307   6531   3870  13423  26304      0      0  65535 
     0      0      0      0      0      0      0      0      0      0      0      0      0      0      0      0      0      0      0 
     0      0      0      0      0      0      0      0      0      0      0      0      0      0      0      0      0      0      0 
     0      0      0      0      0      0      0      0      0      0      0      0      0      0      0      0      0      0      0 
0 -1 -1
     3      4      5      4      6      9     17      6     17     53    124    133     55    177    255    135      8    114     59 
  3901   3902   3902   4243   4013   3747   3890   4517   4521   5124   6807   7728   6290   8463  10216  10552   9460   9629   7772 
 17236  13361     51    145   3902   3747   3902   4013   3901   4243   5124   4521   4517   6290   9460   8463   9629  10216   7772  10552   7728   6807   3890  13423  26304      1      0  65535 
     0      0      0      0      0      0      0      0      0      0      0      0      0      0      0      0      0      0      0 
     0      0      0      0      0      0      0      0      0      0      0      0      0      0      0      0      0      0      0 
     0      0      0      0      0      0      0      0      0      0      0      0      0      0      0      0      0      0      0 
0 -1 -1
     3      3      5      4      6      9     17      6     17     54    132    142     57    189    255    145      9    122     63 
  3898   3899   3902   4241   4008   3745   3902   4514   4523   5158   7007   8042   6383   8741  10668  11056   9481  10002   8011 
 17236  13361     51    145   3902   3745   3899   4008   3898   4241   5158   4523   4514   6383   9481   8741  10002  10668   8011  11056   8042   7007   3902  13421  26304      0      0  65535 
     0      0      0      0      0      0      0      0      0      0      0      0      0      0      0      0      0      0      0 
     0      0      0      0      0      0      0      0      0      0      0      0      0      0      0      0      0      0      0 
     0      0      0      0      0      0      0      0      0      0      0      0      0      0      0      0      0      0      0 
0 -1 -1
     3      4      5      3      6      9     18      6     17     55    137    150     59    198    255    153      9    130     66 
  3895   3900   3900   4239   4006   3742   3909   4511   4523   5186   7169   8305   6456   8976  11041  11488   9502  10329   8216 
 17236  13361     51    145   3900   3742   3900   4006   3895   4239   5186   4523   4511   6456   9502   8976  10329  11041   8216  11488   8305   7169   3909  13417  26304      0      0  65535 
     0      0      0      0      0      0      0      0      0      0      0      0      0      0      0      0      0      0      0 
     0      0      0      0      0      0      0      0      0      0      0      0      0      0      0      0      0      0      0 
     0      0      0      0      0      0      0      0      0      0      0      0      0      0      0      0      0      0      0 
0 -1 -1
     3      3      5      3      6      9     18      6     18     56    142    156     60    206    255    161     10    135     69 
  3895   3899   3901   4237   4003   3742   3914   4510   4524   5211   7306   8537   6518   9165  11359  11867   9520  10589   8387 
 17236  13361     51    145   3901   3742   3899   4003   3895   4237   5211   4524   4510   6518   9520   9165  10589  11359   8387  11867   8537   7306   3914  13414  26304      0      0  65535 
     0      0      0      0      0      0      0      0      0      0      0      0      0      0      0      0      0      0      0 
     0      0      0      0      0      0      0      0      0      0      0      0      0      0      0      0      0      0      0 
     0      0      0      0      0      0      0      0      0      0      0      0      0      0      0      0      0      0      0 
0 -1 -1
     3      3      5      3      6      9     18      6     18     58    147    162     63    216    255    166     10    141     71 
  3896   3897   3898   4236   4002   3740   3919   4510   4529   5240   7440   8715   6621   9401  11678  12173   9536  10858   8529 
 17236  13361     51    145   3898   3740   3897   4002   3896   4236   5240   4529   4510   6621   9536   9401  10858  11678   8529  12173   8715   7440   3919  13415  26304      0      1  65535 
     0      0      0      0      0      0      0      0      0      0      0      0      0      0      0      0      0      0      0 
     0      0      0      0      0      0      0      0      0      0      0      0      0      0      0      0      0      0      0 
     0      0      0      0      0      0      0      0      0      0      0      0      0      0      0      0      0      0      0 
0 -1 -1
     3      3      5      3      6      9     18      6     18     59    150    164     65    225    255    170     10    146     72 
  3894   3898   3898   4235   4001   3739   3918   4514   4535   5263   7514   8782   6722   9609  11908  12335   9559  11076   8618 
 17236  13361     51    145   3898   3739   3898   4001   3894   4235   5263   4535   4514   6722   9559   9609  11076  11908   8618  12335   8782   7514   3918  13416  26304      0      0  65535 
     0      0      0      0      0      0      0      0      0      0      0      0      0      0      0      0      0      0      0 
     0      0      0      0      0      0      0      0      0      0      0      0      0      0      0      0      0      0      0 
     0      0      0      0      0      0      0      0      0      0      0      0      0      0      0      0      0      0      0 
0 -1 -1
     3      3      5      3      6      9     18      6     18     60    153    167     68    234    255    175     11    152     74 
  3894   3896   3897   4237   4000   3738   3915   4513   4539   5284   7598   8895   6824   9827  12187  12609   9588  11347   8772 
 17236  13361     51    145   3897   3738   3896   4000   3894   4237   5284   4539   4513   6824   9588   9827  11347  12187   8772  12609   8895   7598   3915  13416  26304      0      0  65535 
     0      0      0      0      0      0      0      0      0      0      0      0      0      0      0      0      0      0      0 
     0      0      0      0      0      0      0      0      0      0      0      0      0      0      0      0      0      0      0 
     0      0      0      0      0      0      0      0      0      0      0      0      0      0      0      0      0      0      0 
0 -1 -1
     3      3      5      3      6      9     18      6     18     61    158    173     69    242    255    182     11    158     77 
  3894   3896   3896   4233   4000   3735   3919   4514   4541   5308   7723   9102   6900  10026  12501  12977   9605  11630   8960 
 17236  13361     51    145   3896   3735   3896   4000   3894   4233   5308   4541   4514   6900   9605  10026  11630  12501   8960  12977   9102   7723   3919  13416  26305      0      0  65535 
     0      0      0      0      0      0      0      0      0      0      0      0      0      0      0      0      0      0      0 
     0      0      0      0      0      0      0      0      0      0      0      0      0      0      0      0      0      0      0 
     0      0      0      0      0      0      0      0      0      0      0      0      0      0      0      0      0      0      0 
0 -1 -1
     3      3      5      3      6      9     18      6     18     62    164    181     71    252    255    190     12    164     80 
  3894   3893   3898   4232   3998   3735   3930   4513   4545   5340   7888   9368   6980  10249  12855  13376   9640  11905   9140 
 17236  13361     51    145   3898   3735   3893   3998   3894   4232   5340   4545   4513   6980   9640  10249  11905  12855   9140  13376   9368   7888   3930  13416  26303      0      0  65535 
     0      0      0      0      0      0      0      0      0      0      0      0      0      0      0      0      0      0      0 
     0      0      0      0      0      0      0      0      0      0      0      0      0      0      0      0      0      0      0 
     0      0      0      0      0      0      0      0      0      0      0      0      0      0      0      0      0      0      0 
0 -1 -1
     2      3      5      3      6      9     18      6     19     63    168    186     73    255    255    195     12    168     82 
  3891   3896   3898   4233   3997   3737   3937   4513   4550   5363   8002   9544   7048  10422  13112  13660   9646  12114   9268 
 17236  13361     51    145   3898   3737   3896   3997   3891   4233   5363   4550   4513   7048   9646  10422  12114  13112   9268  13660   9544   8002   3937  13416  26303      0      0  65535 
     0      0      0      0      0      0      0      0      0      0      0      0      0      0      0      0      0      0      0 
     0      0      0      0      0      0      0      0      0      0      0      0      0      0      0      0      0      0      0 
     0      0      0      0      0      0      0      0      0      0      0      0      0      0      0      0      0      0      0 
0 -1 -1
     3      3      5      3      6      9     18      6     19     65    174    193     75    255    255    202     13    175     85 
  3893   3895   3900   4232   3997   3735   3946   4515   4554   5400   8168   9787   7148  10678  13469  14013   9660  12398   9427 
 17236  13361     51    145   3900   3735   3895   3997   3893   4232   5400   4554   4515   7148   9660  10678  12398  13469   9427  14013   9787   8168   3946  13417  26304      0      0  65535 
     0      0      0      0      0      0      0      0      0      0      0      0      0      0      0      0      0      0      0 
     0      0      0      0      0      0      0      0      0      0      0      0      0      0      0      0      0      0      0 
     0      0      0      0      0      0      0      0      0      0      0      0      0      0      0      0      0      0      0 
0 -1 -1
     3      3      5      3      6      9     19      6     19     66    179    199     77    255    255    206     13    178     86 
  3893   3896   3902   4234   3996   3738   3959   4517   4562   5440   8311   9990   7232  10885  13738  14249   9682  12566   9504 
 17236  13361     51    144   3902   3738   3896   3996   3893   4234   5440   4562   4517   7232   9682  10885  12566  13738   9504  14249   9990   8311   3959  13419  26304      0      0  65535 
     0      0      0      0      0      0      0      0      0      0      0      0      0      0      0      0      0      0      0 
     0      0      0      0      0      0      0      0      0      0      0      0      0      0      0      0      0      0      0 
     0      0      0      0      0      0      0      0      0      0      0      0      0      0      0      0      0      0      0 
0 -1 -1
     3      3      5      3      6      9     19      6     19     67    182    202     79    255    255    210     14    183     88 
  3894   3896   3904   4234   3996   3737   3958   4518   4565   5459   8384  10077   7318  11067  13963  14460   9715  12786   9624 
 17236  13361     51    145   3904   3737   3896   3996   3894   4234   5459   4565   4518   7318   9715  11067  12786  13963   9624  14460  10077   8384   3958  13419  26304      0      0  65535 
     0      0      0      0      0      0      0      0      0      0      0      0      0      0      0      0      0      0      0 
     0      0      0      0      0      0      0      0      0      0      0      0      0      0      0      0      0      0      0 
     0      0      0      0      0      0      0      0      0      0      0      0      0      0      0      0      0      0      0 
0 -1 -1
     3      3      5      3      5      9     19      6     19     67    184    204     81    255    255    217     14    191     91 
  3893   3895   3901   4232   3993   3734   3951   4517   4565   5462   8422  10169   7392  11239  14241  14818   9743  13160   9879 
 17236  13361     51    145   3901   3734   3895   3993   3893   4232   5462   4565   4517   7392   9743  11239  13160  14241   9879  14818  10169   8422   3951  13419  26304      0      0  65535 
     0      0      0      0      0      0      0      0      0      0      0      0      0      0      0      0      0      0      0 
     0      0      0      0      0      0      0      0      0      0      0      0      0      0      0      0      0      0      0 
     0      0      0      0      0      0      0      0      0      0      0      0      0      0      0      0      0      0      0 
0 -1 -1
     2      3      5      3      5      8     19      6     19     67    187    213     79    255    255    227     14    195     95 
  3890   3891   3898   4228   3990   3730   3955   4511   4555   5456   8517  10471   7325  11235  14464  15297   9702  13351  10105 
 17236  13361     51    145   3898   3730   3891   3990   3890   4228   5456   4555   4511   7325   9702  11235  13351  14464  10105  15297  10471   8517   3955  13421  26304      0      0  65535 
     0      0      0      0      0      0      0      0      0      0      0      0      0      0      0      0      0      0      0 
     0      0      0      0      0      0      0      0      0      0      0      0      0      0      0      0      0      0      0 
     0      0      0      0      0      0      0      0      0      0      0      0      0      0      0      0      0      0      0 
0 -1 -1
     2      3      5      3      5      8     18      6     19     67    187    213     80    255    255    228     14    197     96 
  3890   3892   3898   4226   3990   3730   3949   4510   4553   5452   8510  10455   7331  11271  14523  15362   9726  13448  10159 
 17236  13361     51    144   3898   3730   3892   3990   3890   4226   5452   4553   4510   7331   9726  11271  13448  14523  10159  15362  10455   8510   3949  13422  26305      0      0  65535 
     0      0      0      0      0      0      0      0      0      0      0      0      0      0      0      0      0      0      0 
     0      0      0      0      0      0      0      0      0      0      0      0      0      0      0      0      0      0      0 
     0      0      0      0      0      0      0      0      0      0      0      0      0      0      0      0      0      0      0 
0 -1 -1
     2      3      5      3      5      8     18      6     19     66    181    203     79    255    255    220     14    194     93 
  3890   3893   3900   4228   3991   3730   3934   4509   4552   5429   8341  10128   7324  11175  14258  14941   9710  13291   9989 
 17236  13361     51    145   3900   3730   3893   3991   3890   4228   5429   4552   4509   7324   9710  11175  13291  14258   9989  14941  10128   8341   3934  13422  26304      0      0  65535 
     0      0      0      0      0      0      0      0      0      0      0      0      0      0      0      0      0      0      0 
     0      0      0      0      0      0      0      0      0      0      0      0      0      0      0      0      0      0      0 
     0      0      0      0      0      0      0      0      0      0      0      0      0      0      0      0      0      0      0 
0 -1 -1
     2      3      5      3      5      9     18      6     18     63    172    195     73    255    255    208     12    179     87 
  3890   3896   3898   4228   3995   3732   3927   4503   4539   5362   8107   9847   7061  10637  13588  14311   9631  12583   9589 
 17236  13361     51    145   3898   3732   3896   3995   3890   4228   5362   4539   4503   7061   9631  10637  12583  13588   9589  14311   9847   8107   3927  13422  26304      0      0  65535 
     0      0      0      0      0      0      0      0      0      0      0      0      0      0      0      0      0      0      0 
     0      0      0      0      0      0      0      0      0      0      0      0      0      0      0      0      0      0      0 
     0      0      0      0      0      0      0      0      0      0      0      0      0      0      0      0      0      0      0 
0 -1 -1
     2      3      5      3      6      9     17      6     17     57    152    174     62    225    255    181     10    149     74 
  3892   3898   3903   4229   4003   3737   3903   4493   4515   5231   7572   9125   6594   9619  12227  12924   9523  11224   8770 
 17236  13361     51    145   3903   3737   3898   4003   3892   4229   5231   4515   4493   6594   9523   9619  11224  12227   8770  12924   9125   7572   3903  13423  26304      0      0  65535 
     0      0      0      0      0      0      0      0      0      0      0      0      0      0      0      0      0      0      0 
     0      0      0      0      0      0      0      0      0      0      0      0      0      0      0      0      0      0      0 
     0      0      0      0      0      0      0      0      0      0      0      0      0      0      0      0      0      0      0 
0 -1 -1
     2      4      5      3      6      9     16      6     16     48    119    133     49    170    255    138      7    112     57 
  3891   3901   3903   4231   4011   3740   3839   4478   4480   5025   6656   7749   6044   8288  10233  10704   9395   9510   7618 
 17236  13361     51    145   3903   3740   3901   4011   3891   4231   5025   4480   4478   6044   9395   8288   9510  10233   7618  10704   7749   6656   3839  13424  26304      1      0  65535 
     0      0      0      0      0      0      0      0      0      0      0      0      0      0      0      0      0      0      0 
     0      0      0      0      0      0      0      0      0      0      0      0      0      0      0      0      0      0      0 
     0      0      0      0      0      0      0      0      0      0      0      0      0      0      0      0      0      0      0 
0 -1 -1
     2      4      5      3      6      9     14      5     14     37     79     87     35    108    169     91      5     72     38 
  3890   3901   3897   4226   4014   3732   3737   4454   4426   4750   5576   6172   5452   6818   7949   8239   9297   7676   6388 
 17236  13361     51    145   3897   3732   3901   4014   3890   4226   4750   4426   4454   5452   9297   6818   7676   7949   6388   8239   6172   5576   3737  13424  26304      0      0  65535 
     0      0      0      0      0      0      0      0      0      0      0      0      0      0      0      0      0      0      0 
     0      0      0      0      0      0      0      0      0      0      0      0      0      0      0      0      0      0      0 
     0      0      0      0      0      0      0      0      0      0      0      0      0      0      0      0      0      0      0 
0 -1 -1
     2      3      5      3      6      8     11      5     11     24     44     47     22     55     87     49      3     38     22 
  3882   3897   3884   4215   4005   3707   3613   4412   4349   4454   4620   4818   4895   5545   5904   6062   9212   6113   5328 
 17236  13361     51    145   3884   3707   3897   4005   3882   4215   4454   4349   4412   4895   9212   5545   6113   5904   5328   6062   4818   4620   3613  13424  26304      0      0  65535 
     0      0      0      0      0      0      0      0      0      0      0      0      0      0      0      0      0      0      0 
     0      0      0      0      0      0      0      0      0      0      0      0      0      0      0      0      0      0      0 
     0      0      0      0      0      0      0      0      0      0      0      0      0      0      0      0      0      0      0 
0 -1 -1
     2      3      5      3      5      6      8      4      8     14     21     21     12     23     36     22      2     17     11 
  3868   3884   3862   4195   3986   3668   3483   4361   4270   4223   3992   3947   4510   4781   4627   4638   9159   5160   4628 
 17236  13361     51    145   3862   3668   3884   3986   3868   4195   4223   4270   4361   4510   9159   4781   5160   4627   4628   4638   3947   3992   3483  13424  26304      0      0  65535 
     0      0      0      0      0      0      0      0      0      0      0      0      0      0      0      0      0      0      0 
     0      0      0      0      0      0      0      0      0      0      0      0      0      0      0      0      0      0      0 
     0      0      0      0      0      0      0      0      0      0      0      0      0      0      0      0      0      0      0 
0 -1 -1
     2      3      4      2      3      4      5      3      5      7      8      9      6      8     11      8      1      7      5 
  3843   3858   3822   4157   3942   3609   3356   4289   4182   4046   3648   3533   4248   4410   4011   3929   9112   4688   4248 
 17236  13361     51    146   3822   3609   3858   3942   3843   4157   4046   4182   4289   4248   9112   4410   4688   4011   4248   3929   3533   3648   3356  13424  26303      0      0  65535 
     0      0      0      0      0      0      0      0      0      0      0      0      0      0      0      0      0      0      0 
     0      0      0      0      0      0      0      0      0      0      0      0      0      0      0      0      0      0      0 
     0      0      0      0      0      0      0      0      0      0      0      0      0      0      0      0      0      0      0 
0 -1 -1
     1      2      3      1      1      2      3      2      2      2      2      4      2      1      2      2      0      2      2 
  3803   3819   3768   4109   3893   3553   3261   4213   4111   3943   3491   3355   4093   4263   3792   3643   9085   4471   4049 
 17236  13361     51    146   3768   3553   3819   3893   3803   4109   3943   4111   4213   4093   9085   4263   4471   3792   4049   3643   3355   3491   3261  13424  26303      0      0  65535 
     0      0      0      0      0      0      0      0      0      0      0      0      0      0      0      0      0      0      0 
     0      0      0      0      0      0      0      0      0      0      0      0      0      0      0      0      0      0      0 
     0      0      0      0      0      0      0      0      0      0      0      0      0      0      0      0      0      0      0 
0 -1 -1
     0      1      2      0      0      1      1      1      0      0      1      2      1      0      1      1      0      1      1 
  3759   3786   3721   4070   3862   3520   3209   4151   4073   3903   3450   3297   4022   4224   3746   3562   9075   4398   3969 
 17236  13361     51    146   3721   3520   3786   3862   3759   4070   3903   4073   4151   4022   9075   4224   4398   3746   3969   3562   3297   3450   3209  13424  26304      0      0  65535 
     0      0      0      0      0      0      0      0      0      0      0      0      0      0      0      0      0      0      0 
     0      0      0      0      0      0      0      0      0      0      0      0      0      0      0      0      0      0      0 
     0      0      0      0      0      0      0      0      0      0      0      0      0      0      0      0      0      0      0 
0 -1 -1
     0      0      1      0      0      0      1      0      0      0      0      1      0      0      0      0      1      0      0 
  3730   3762   3689   4046   3849   3504   3187   4113   4055   3891   3439   3275   3989   4212   3734   3537   9147   4369   3935 
 17236  13361     51    146   3689   3504   3762   3849   3730   4046   3891   4055   4113   3989   9147   4212   4369   3734   3935   3537   3275   3439   3187  13423  26303      0      1  65535 
     0      0      0      0      0      0      0      0      0      0      0      0      0      0      0      0      0      0      0 
     0      0      0      0      0      0      0      0      0      0      0      0      0      0      0      0      0      0      0 
     0      0      0      0      0      0      0      0      0      0      0      0      0      0      0      0      0      0      0 
0 -1 -1
     0      0      1      0      0      0      1      0      0      0      0      1      0      0      0      0      1      0      0 
  3715   3753   3677   4035   3846   3503   3179   4096   4052   3891   3439   3270   3978   4212   3733   3531   9128   4363   3927 
 17236  13361     51    146   3677   3503   3753   3846   3715   4035   3891   4052   4096   3978   9128   4212   4363   3733   3927   3531   3270   3439   3179  13419  26303      0      0  65535 
     0      0      0      0      0      0      0      0      0      0      0      0      0      0      0      0      0      0      0 
     0      0      0      0      0      0      0      0      0      0      0      0      0      0      0      0      0      0      0 
     0      0      0      0      0      0      0      0      0      0      0      0      0      0      0      0      0      0      0 
0 -1 -1
     0      0      1      0      0      0      1      0      0      0      0      1      0      0      0      0      2      0      0 
  3713   3750   3671   4035   3846   3504   3177   4092   4050   3892   3440   3269   3977   4214   3735   3531   9198   4363   3923 
 17236  13361     51    146   3671   3504   3750   3846   3713   4035   3892   4050   4092   3977   9198   4214   4363   3735   3923   3531   3269   3440   3177  13416  26303      0      0  65535 
     0      0      0      0      0      0      0      0      0      0      0      0      0      0      0      0      0      0      0 
     0      0      0      0      0      0      0      0      0      0      0      0      0      0      0      0      0      0      0 
     0      0      0      0      0      0      0      0      0      0      0      0      0      0      0      0      0      0      0 
0 -1 -1
     0      0      0      0      0      0      0      0      0      0      0      1      0      0      0      0      2      0      0 
  3709   3747   3667   4031   3845   3503   3174   4089   4052   3892   3440   3265   3975   4215   3734   3528   9191   4359   3919 
 17236  13361     51    146   3667   3503   3747   3845   3709   4031   3892   4052   4089   3975   9191   4215   4359   3734   3919   3528   3265   3440   3174  13415  26304      0      0  65535 
     0      0      0      0      0      0      0      0      0      0      0      0      0      0      0      0      0      0      0 
     0      0      0      0      0      0      0      0      0      0      0      0      0      0      0      0      0      0      0 
     0      0      0      0      0      0      0      0      0      0      0      0      0      0      0      0      0      0      0 
0 -1 -1
     0      0      0      0      0      0      0      0      0      0      0      1      0      0      0      0      3      0      0 
  3703   3743   3660   4028   3846   3502   3169   4080   4048   3892   3440   3262   3967   4215   3732   3526   9234   4355   3914 
 17236  13361     51    146   3660   3502   3743   3846   3703   4028   3892   4048   4080   3967   9234   4215   4355   3732   3914   3526   3262   3440   3169  13417  26304      0      0  65535 
     0      0      0      0      0      0      0      0      0      0      0      0      0      0      0      0      0      0      0 
     0      0      0      0      0      0      0      0      0      0      0      0      0      0      0      0      0      0      0 
     0      0      0      0      0      0      0      0      0      0      0      0      0      0      0      0      0      0      0 
0 -1 -1
     0      0      0      0      0      0      0      0      0      0      0      1      0      0      0      0      8      0      0 
  3697   3738   3654   4022   3841   3500   3162   4070   4045   3891   3438   3254   3961   4214   3730   3518   9439   4349   3908 
 17236  13361     51    146   3654   3500   3738   3841   3697   4022   3891   4045   4070   3961   9439   4214   4349   3730   3908   3518   3254   3438   3162  13416  26304      1      0  65535 
     0      0      0      0      0      0      0      0      0      0      0      0      0      0      0      0      0      0      0 
     0      0      0      0      0      0      0      0      0      0      0      0      0      0      0      0      0      0      0 
     0      0      0      0      0      0      0      0      0      0      0      0      0      0      0      0      0      0      0 
0 -1 -1
     0      0      0      0      0      0      0      0      0      0      0      0      0      0      0      0     14      0      0 
  3682   3728   3639   4010   3836   3495   3147   4052   4037   3885   3432   3240   3942   4209   3723   3505   9723   4336   3895 
 17236  13361     51    146   3639   3495   3728   3836   3682   4010   3885   4037   4052   3942   9723   4209   4336   3723   3895   3505   3240   3432   3147  13415  26304      1      0  65535 
     0      0      0      0      0      0      0      0      0      0      0      0      0      0      0      0      0      0      0 
     0      0      0      0      0      0      0      0      0      0      0      0      0      0      0      0      0      0      0 
     0      0      0      0      0      0      0      0      0      0      0      0      0      0      0      0      0      0      0 
0 -1 -1
     0      0      0      0      0      0      0      0      0      0      0      0      0      0      0      0      9      0      0 
  3668   3717   3626   3997   3829   3490   3132   4032   4031   3880   3425   3228   3925   4203   3717   3492   9516   4326   3879 
 17236  13361     51    146   3626   3490   3717   3829   3668   3997   3880   4031   4032   3925   9516   4203   4326   3717   3879   3492   3228   3425   3132  13414  26304      0      0  65535 
     0      0      0      0      0      0      0      0      0      0      0      0      0      0      0      0      0      0      0 
     0      0      0      0      0      0      0      0      0      0      0      0      0      0      0      0      0      0      0 
     0      0      0      0      0      0      0      0      0      0      0      0      0      0      0      0      0      0      0 
0 -1 -1
     0      0      0      0      0      0      0      0      0      0      0      0      0      0      0      0     22      0      0 
  3656   3708   3616   3987   3823   3484   3123   4018   4028   3877   3419   3218   3917   4200   3714   3481  10074   4319   3871 
 17236  13361     51    146   3616   3484   3708   3823   3656   3987   3877   4028   4018   3917  10074   4200   4319   3714   3871   3481   3218   3419   3123  13414  26304      0      0  65535 
     0      0      0      0      0      0      0      0      0      0      0      0      0      0      0      0      0      0      0 
     0      0      0      0      0      0      0      0      0      0      0      0      0      0      0      0      0      0      0 
     0      0      0      0      0      0      0      0      0      0      0      0      0      0      0      0      0      0      0 
0 -1 -1
     0      0      0      0      0      0      0      0      0      0      0      0      0      0      0      0     24      0      0 
  3655   3706   3614   3988   3824   3488   3123   4019   4029   3879   3423   3219   3919   4203   3718   3482  10180   4321   3875 
 17236  13361     51    146   3614   3488   3706   3824   3655   3988   3879   4029   4019   3919  10180   4203   4321   3718   3875   3482   3219   3423   3123  13415  26304      0      0  65535 
     0      0      0      0      0      0      0      0      0      0      0      0      0      0      0      0      0      0      0 
     0      0      0      0      0      0      0      0      0      0      0      0      0      0      0      0      0      0      0 
     0      0      0      0      0      0      0      0      0      0      0      0      0      0      0      0      0      0      0 
0 -1 -1
     0      0      0      0      0      0      0      0      0      0      0      0      0      0      0      0     23      0      0 
  3660   3710   3618   3991   3828   3490   3127   4025   4033   3883   3428   3223   3926   4210   3721   3489  10117   4328   3880 
 17236  13361     51    146   3618   3490   3710   3828   3660   3991   3883   4033   4025   3926  10117   4210   4328   3721   3880   3489   3223   3428   3127  13417  26303      1      0  65535 
     0      0      0      0      0      0      0      0      0      0      0      0      0      0      0      0      0      0      0 
     0      0      0      0      0      0      0      0      0      0      0      0      0      0      0      0      0      0      0 
     0      0      0      0      0      0      0      0      0      0      0      0      0      0      0      0      0      0      0 
0 -1 -1
     0      0      0      0      0      0      0      0      0      0      0      0      0      0      0      0     17      0      0 
  3665   3715   3622   3995   3833   3494   3132   4031   4038   3886   3432   3228   3932   4212   3727   3496   9840   4333   3886 
 17236  13361     51    146   3622   3494   3715   3833   3665   3995   3886   4038   4031   3932   9840   4212   4333   3727   3886   3496   3228   3432   3132  13418  26303      0      0  65535 
     0      0      0      0      0      0      0      0      0      0      0      0      0      0      0      0      0      0      0 
     0      0      0      0      0      0      0      0      0      0      0      0      0      0      0      0      0      0      0 
     0      0      0      0      0      0      0      0      0      0      0      0      0      0      0      0      0      0      0 
0 -1 -1
     0      0      0      0      0      0      0      0      0      0      0      0      0      0      0      0     14      0      0 
  3668   3720   3627   4001   3835   3497   3136   4035   4041   3892   3437   3232   3938   4216   3731   3501   9704   4338   3892 
 17236  13361     51    146   3627   3497   3720   3835   3668   4001   3892   4041   4035   3938   9704   4216   4338   3731   3892   3501   3232   3437   3136  13419  26303      0      0  65535 
     0      0      0      0      0      0      0      0      0      0      0      0      0      0      0      0      0      0      0 
     0      0      0      0      0      0      0      0      0      0      0      0      0      0      0      0      0      0      0 
     0      0      0      0      0      0      0      0      0      0      0      0      0      0      0      0      0      0      0 
0 -1 -1
     0      0      0      0      0      0      0      0      0      0      0      0      0      0      0      0     17      0      0 
  3671   3722   3630   4002   3838   3501   3138   4037   4043   3896   3439   3235   3939   4219   3732   3504   9878   4340   3894 
 17236  13361     51    146   3630   3501   3722   3838   3671   4002   3896   4043   4037   3939   9878   4219   4340   3732   3894   3504   3235   3439   3138  13420  26304      0      0  65535 
     0      0      0      0      0      0      0      0      0      0      0      0      0      0      0      0      0      0      0 
     0      0      0      0      0      0      0      0      0      0      0      0      0      0      0      0      0      0      0 
     0      0      0      0      0      0      0      0      0      0      0      0      0      0      0      0      0      0      0 
0 -1 -1
     0      0      0      0      0      0      0      0      0      0      0      0      0      0      0      0     31      0      0 
  3669   3721   3628   3999   3839   3500   3137   4032   4042   3893   3438   3232   3936   4216   3731   3501  10506   4337   3891 
 17236  13361     51    146   3628   3500   3721   3839   3669   3999   3893   4042   4032   3936  10506   4216   4337   3731   3891   3501   3232   3438   3137  13420  26304      0      0  65535 
     0      0      0      0      0      0      0      0      0      0      0      0      0      0      0      0      0      0      0 
     0      0      0      0      0      0      0      0      0      0      0      0      0      0      0      0      0      0      0 
     0      0      0      0      0      0      0      0      0      0      0      0      0      0      0      0      0      0      0 
0 -1 -1
     0      0      0      0      0      0      0      0      0      0      0      0      0      0      0      0     15      0      0 
  3668   3718   3629   3998   3837   3498   3137   4030   4041   3894   3437   3232   3934   4215   3730   3500   9761   4335   3890 
 17236  13361     51    146   3629   3498   3718   3837   3668   3998   3894   4041   4030   3934   9761   4215   4335   3730   3890   3500   3232   3437   3137  13420  26304      0      0  65535 
     0      0      0      0      0      0      0      0      0      0      0      0      0      0      0      0      0      0      0 
     0      0      0      0      0      0      0      0      0      0      0      0      0      0      0      0      0      0      0 
     0      0      0      0      0      0      0      0      0      0      0      0      0      0      0      0      0      0      0 
0 -1 -1
     0      0      0      0      0      0      0      0      0      0      0      0      0      0      0      0     13      0      0 
  3675   3724   3631   4005   3844   3502   3143   4036   4046   3897   3442   3238   3941   4223   3736   3507   9687   4343   3897 
 17236  13361     51    146   3631   3502   3724   3844   3675   4005   3897   4046   4036   3941   9687   4223   4343   3736   3897   3507   3238   3442   3143  13421  26305      0      0  65535 
     0      0      0      0      0      0      0      0      0      0      0      0      0      0      0      0      0      0      0 
     0      0      0      0      0      0      0      0      0      0      0      0      0      0      0      0      0      0      0 
     0      0      0      0      0      0      0      0      0      0      0      0      0      0      0      0      0      0      0 
0 -1 -1
     0      0      0      0      0      0      0      0      0      1      1      1      0      0      1      0     13      0      0 
  3689   3735   3643   4019   3855   3515   3157   4056   4057   3912   3456   3252   3958   4236   3752   3527   9677   4363   3918 
 17236  13361     51    146   3643   3515   3735   3855   3689   4019   3912   4057   4056   3958   9677   4236   4363   3752   3918   3527   3252   3456   3157  13421  26303      0      0  65535 
     0      0      0      0      0      0      0      0      0      0      0      0      0      0      0      0      0      0      0 
     0      0      0      0      0      0      0      0      0      0      0      0      0      0      0      0      0      0      0 
     0      0      0      0      0      0      0      0      0      0      0      0      0      0      0      0      0      0      0 
0 -1 -1
     0      0      0      0      0      1      0      0      0      1      1      1      0      1      1      0     14      0      0 
  3696   3744   3651   4026   3860   3523   3161   4066   4063   3917   3464   3259   3966   4241   3760   3537   9737   4371   3930 
 17236  13361     51    146   3651   3523   3744   3860   3696   4026   3917   4063   4066   3966   9737   4241   4371   3760   3930   3537   3259   3464   3161  13422  26303      0      0  65535 
     0      0      0      0      0      0      0      0      0      0      0      0      0      0      0      0      0      0      0 
     0      0      0      0      0      0      0      0      0      0      0      0      0      0      0      0      0      0      0 
     0      0      0      0      0      0      0      0      0      0      0      0      0      0      0      0      0      0      0 
0 -1 -1
