     1     12    177      0      0    133    255      0      0     22    255    206      0      1    217    249      0     24    194 
  3963   4762  13201   4167   4092   7780  16298   4194   4185   4867  16110  11395   4170   4541  10256  18509   9187   6308  18807 
 17236  13361     51    124  13201   7780   4762   4092   3963   4167   4867   4185   4194   4170   9187   4541   6308  10256  18807  18509  11395  16110  16298  13420  26304      1      0  65535 
     0      0      0      0      0      0      0      0      0      0      0      0      0      0      0      0      0      0      0 
     0      0      0      0      0      0      0      0      0      0      0      0      0      0      0      0      0      0      0 
     0      0      0      0      0      0      0      0      0      0      0      0      0      0      0      0      0      0      0 
0 -1 -1
     1     12    185      0      0    138    255      0      0     22    255    217      0      1    227    255      0     26    205 
  3961   4762  13573   4165   4088   7910  16910   4192   4181   4873  16693  11777   4166   4537  10514  19206   9168   6361  19499 
 17236  13361     51    123  13573   7910   4762   4088   3961   4165   4873   4181   4192   4166   9168   4537   6361  10514  19499  19206  11777  16693  16910  13420  26305      1      0  65535 
     0      0      0      0      0      0      0      0      0      0      0      0      0      0      0      0      0      0      0 
     0      0      0      0      0      0      0      0      0      0      0      0      0      0      0      0      0      0      0 
     0      0      0      0      0      0      0      0      0      0      0      0      0      0      0      0      0      0      0 
0 -1 -1
     1     12    196      0      0    143    255      0      0     22    255    228      0      0    234    255      0     26    210 
  3960   4768  14058   4163   4083   8060  17556   4189   4175   4877  17177  12153   4164   4531  10674  19724   9172   6377  19850 
 17236  13361     51    122  14058   8060   4768   4083   3960   4163   4877   4175   4189   4164   9172   4531   6377  10674  19850  19724  12153  17177  17556  13420  26305      0      0  65535 
     0      0      0      0      0      0      0      0      0      0      0      0      0      0      0      0      0      0      0 
     0      0      0      0      0      0      0      0      0      0      0      0      0      0      0      0      0      0      0 
     0      0      0      0      0      0      0      0      0      0      0      0      0      0      0      0      0      0      0 
0 -1 -1
     1     12    202      0      0    145    255      0      0     22    255    228      0      0    228    255      0     25    203 
  3959   4770  14347   4163   4080   8095  17716   4187   4175   4866  17143  12160   4161   4527  10534  19484   9164   6318  19355 
 17236  13361     51    122  14347   8095   4770   4080   3959   4163   4866   4175   4187   4161   9164   4527   6318  10534  19355  19484  12160  17143  17716  13420  26304      0      0  65535 
     0      0      0      0      0      0      0      0      0      0      0      0      0      0      0      0      0      0      0 
     0      0      0      0      0      0      0      0      0      0      0      0      0      0      0      0      0      0      0 
     0      0      0      0      0      0      0      0      0      0      0      0      0      0      0      0      0      0      0 
0 -1 -1
     1     12    196      0      0    138    255      0      0     21    255    212      0      0    209    246      0     22    184 
  3960   4754  14062   4160   4081   7923  16927   4189   4178   4832  16308  11599   4161   4528  10061  18349   9162   6191  18112 
 17236  13361     51    123  14062   7923   4754   4081   3960   4160   4832   4178   4189   4161   9162   4528   6191  10061  18112  18349  11599  16308  16927  13419  26304      0      0  65535 
     0      0      0      0      0      0      0      0      0      0      0      0      0      0      0      0      0      0      0 
     0      0      0      0      0      0      0      0      0      0      0      0      0      0      0      0      0      0      0 
     0      0      0      0      0      0      0      0      0      0      0      0      0      0      0      0      0      0      0 
0 -1 -1
     1     10    160      0      0    111    215      0      0     16    255    163      0      0    159    191      0     16    140 
  3953   4676  12378   4160   4088   7194  14172   4186   4187   4731  13739   9948   4162   4528   8804  15449   9164   5913  15299 
 17236  13361     51    126  12378   7194   4676   4088   3953   4160   4731   4187   4186   4162   9164   4528   5913   8804  15299  15449   9948  13739  14172  13419  26305      0      0  65535 
     0      0      0      0      0      0      0      0      0      0      0      0      0      0      0      0      0      0      0 
     0      0      0      0      0      0      0      0      0      0      0      0      0      0      0      0      0      0      0 
     0      0      0      0      0      0      0      0      0      0      0      0      0      0      0      0      0      0      0 
0 -1 -1
     1      7    101      0      0     66    129      0      0      9    188     96      0      0     88    113      0      8     80 
  3944   4524   9610   4157   4088   5996  10429   4182   4196   4573  10183   7664   4162   4517   7021  11423   9157   5552  11393 
 17236  13361     51    133   9610   5996   4524   4088   3944   4157   4573   4196   4182   4162   9157   4517   5552   7021  11393  11423   7664  10183  10429  13416  26305      1      0  65535 
     0      0      0      0      0      0      0      0      0      0      0      0      0      0      0      0      0      0      0 
     0      0      0      0      0      0      0      0      0      0      0      0      0      0      0      0      0      0      0 
     0      0      0      0      0      0      0      0      0      0      0      0      0      0      0      0      0      0      0 
0 -1 -1
     0      3     47      0      0     29     55      0      0      3     82     37      0      0     32     46      0      1     30 
  3927   4368   7085   4151   4078   4993   7269   4176   4204   4433   7304   5654   4156   4503   5634   7924   9150   5254   8126 
 17236  13361     51    139   7085   4993   4368   4078   3927   4151   4433   4204   4176   4156   9150   4503   5254   5634   8126   7924   5654   7304   7269  13413  26304      0      0  65535 
     0      0      0      0      0      0      0      0      0      0      0      0      0      0      0      0      0      0      0 
     0      0      0      0      0      0      0      0      0      0      0      0      0      0      0      0      0      0      0 
     0      0      0      0      0      0      0      0      0      0      0      0      0      0      0      0      0      0      0 
0 -1 -1
     0      0     13      0      0      5      6      0      0      0      7      0      0      0      0      0      0      0      0 
  3909   4231   5467   4142   4059   4340   5141   4169   4200   4298   5274   4380   4146   4471   4705   5540   9138   5005   5885 
 17236  13361     51    143   5467   4340   4231   4059   3909   4142   4298   4200   4169   4146   9138   4471   5005   4705   5885   5540   4380   5274   5141  13412  26305      0      0  65535 
     0      0      0      0      0      0      0      0      0      0      0      0      0      0      0      0      0      0      0 
     0      0      0      0      0      0      0      0      0      0      0      0      0      0      0      0      0      0      0 
     0      0      0      0      0      0      0      0      0      0      0      0      0      0      0      0      0      0      0 
0 -1 -1
     0      0      0      0      0      0      0      0      0      0      0      0      0      0      0      0      0      0      0 
  3867   4059   4371   4115   4008   3856   3908   4148   4175   4147   4078   3714   4117   4415   4131   4241   9120   4782   4661 
 17236  13361     51    145   4371   3856   4059   4008   3867   4115   4147   4175   4148   4117   9120   4415   4782   4131   4661   4241   3714   4078   3908  13411  26305      1      0  65535 
     0      0      0      0      0      0      0      0      0      0      0      0      0      0      0      0      0      0      0 
     0      0      0      0      0      0      0      0      0      0      0      0      0      0      0      0      0      0      0 
     0      0      0      0      0      0      0      0      0      0      0      0      0      0      0      0      0      0      0 
0 -1 -1
     0      0      0      0      0      0      0      0      0      0      0      0      0      0      0      0      0      0      0 
  3808   3928   3953   4073   3953   3645   3439   4110   4134   4045   3661   3476   4071   4347   3919   3786   9094   4623   4216 
 17236  13361     51    147   3953   3645   3928   3953   3808   4073   4045   4134   4110   4071   9094   4347   4623   3919   4216   3786   3476   3661   3439  13413  26304      1      1  65535 
     0      0      0      0      0      0      0      0      0      0      0      0      0      0      0      0      0      0      0 
     0      0      0      0      0      0      0      0      0      0      0      0      0      0      0      0      0      0      0 
     0      0      0      0      0      0      0      0      0      0      0      0      0      0      0      0      0      0      0 
0 -1 -1
     0      0      0      0      0      0      0      0      0      0      0      0      0      0      0      0      0      0      0 
  3737   3828   3789   4019   3903   3570   3303   4058   4089   3988   3567   3394   4010   4291   3849   3662   9085   4519   4073 
 17236  13361     51    147   3789   3570   3828   3903   3737   4019   3988   4089   4058   4010   9085   4291   4519   3849   4073   3662   3394   3567   3303  13413  26303      0      0  65535 
     0      0      0      0      0      0      0      0      0      0      0      0      0      0      0      0      0      0      0 
     0      0      0      0      0      0      0      0      0      0      0      0      0      0      0      0      0      0      0 
     0      0      0      0      0      0      0      0      0      0      0      0      0      0      0      0      0      0      0 
0 -1 -1
     0      0      0      0      0      0      0      0      0      0      0      0      0      0      0      0      0      0      0 
  3709   3797   3751   3997   3888   3561   3287   4033   4074   3979   3559   3378   3981   4279   3838   3647   9101   4488   4050 
 17236  13361     51    147   3751   3561   3797   3888   3709   3997   3979   4074   4033   3981   9101   4279   4488   3838   4050   3647   3378   3559   3287  13412  26304      0      0  65535 
     0      0      0      0      0      0      0      0      0      0      0      0      0      0      0      0      0      0      0 
     0      0      0      0      0      0      0      0      0      0      0      0      0      0      0      0      0      0      0 
     0      0      0      0      0      0      0      0      0      0      0      0      0      0      0      0      0      0      0 
0 -1 -1
     0      0      0      0      0      0      0      0      0      0      0      0      0      0      0      0      0      0      0 
  3696   3790   3741   3990   3884   3560   3279   4024   4071   3977   3554   3374   3973   4273   3834   3640   9096   4476   4039 
 17236  13361     51    147   3741   3560   3790   3884   3696   3990   3977   4071   4024   3973   9096   4273   4476   3834   4039   3640   3374   3554   3279  13413  26304      0      0  65535 
     0      0      0      0      0      0      0      0      0      0      0      0      0      0      0      0      0      0      0 
     0      0      0      0      0      0      0      0      0      0      0      0      0      0      0      0      0      0      0 
     0      0      0      0      0      0      0      0      0      0      0      0      0      0      0      0      0      0      0 
0 -1 -1
     0      0      0      0      0      0      0      0      0      0      0      0      0      0      0      0      0      0      0 
  3682   3776   3726   3978   3878   3556   3268   4013   4067   3974   3551   3366   3960   4269   3830   3631   9113   4461   4023 
 17236  13361     51    147   3726   3556   3776   3878   3682   3978   3974   4067   4013   3960   9113   4269   4461   3830   4023   3631   3366   3551   3268  13412  26304      0      0  65535 
     0      0      0      0      0      0      0      0      0      0      0      0      0      0      0      0      0      0      0 
     0      0      0      0      0      0      0      0      0      0      0      0      0      0      0      0      0      0      0 
     0      0      0      0      0      0      0      0      0      0      0      0      0      0      0      0      0      0      0 
0 -1 -1
     0      0      0      0      0      0      0      0      0      0      0      0      0      0      0      0      0      0      0 
  3677   3773   3720   3975   3878   3556   3268   4008   4064   3975   3552   3365   3956   4268   3829   3630   9125   4460   4022 
 17236  13361     51    147   3720   3556   3773   3878   3677   3975   3975   4064   4008   3956   9125   4268   4460   3829   4022   3630   3365   3552   3268  13414  26304      0      0  65535 
     0      0      0      0      0      0      0      0      0      0      0      0      0      0      0      0      0      0      0 
     0      0      0      0      0      0      0      0      0      0      0      0      0      0      0      0      0      0      0 
     0      0      0      0      0      0      0      0      0      0      0      0      0      0      0      0      0      0      0 
0 -1 -1
     0      0      0      0      0      0      0      0      0      0      0      0      0      0      0      0      0      0      0 
  3676   3775   3722   3978   3879   3557   3271   4009   4066   3980   3554   3368   3956   4270   3833   3633   9109   4461   4026 
 17236  13361     51    147   3722   3557   3775   3879   3676   3978   3980   4066   4009   3956   9109   4270   4461   3833   4026   3633   3368   3554   3271  13416  26303      0      0  65535 
     0      0      0      0      0      0      0      0      0      0      0      0      0      0      0      0      0      0      0 
     0      0      0      0      0      0      0      0      0      0      0      0      0      0      0      0      0      0      0 
     0      0      0      0      0      0      0      0      0      0      0      0      0      0      0      0      0      0      0 
0 -1 -1
     0      0      0      0      0      0      0      0      0      0      0      0      0      0      0      0      0      0      0 
  3675   3775   3721   3975   3880   3558   3270   4006   4065   3977   3554   3368   3953   4269   3832   3635   9115   4462   4025 
 17236  13361     51    147   3721   3558   3775   3880   3675   3975   3977   4065   4006   3953   9115   4269   4462   3832   4025   3635   3368   3554   3270  13417  26304      0      0  65535 
     0      0      0      0      0      0      0      0      0      0      0      0      0      0      0      0      0      0      0 
     0      0      0      0      0      0      0      0      0      0      0      0      0      0      0      0      0      0      0 
     0      0      0      0      0      0      0      0      0      0      0      0      0      0      0      0      0      0      0 
0 -1 -1
     0      0      0      0      0      0      0      0      0      0      0      0      0      0      0      0      0      0      0 
  3674   3774   3724   3973   3879   3559   3270   4006   4064   3979   3556   3370   3954   4268   3832   3636   9119   4460   4027 
 17236  13361     51    147   3724   3559   3774   3879   3674   3973   3979   4064   4006   3954   9119   4268   4460   3832   4027   3636   3370   3556   3270  13416  26303      0      0  65535 
     0      0      0      0      0      0      0      0      0      0      0      0      0      0      0      0      0      0      0 
     0      0      0      0      0      0      0      0      0      0      0      0      0      0      0      0      0      0      0 
     0      0      0      0      0      0      0      0      0      0      0      0      0      0      0      0      0      0      0 
0 -1 -1
     0      0      0      0      0      0      0      0      0      0      0      0      0      0      0      0      0      0      0 
  3674   3777   3723   3975   3880   3560   3273   4007   4066   3979   3556   3372   3956   4268   3836   3637   9116   4464   4031 
 17236  13361     51    147   3723   3560   3777   3880   3674   3975   3979   4066   4007   3956   9116   4268   4464   3836   4031   3637   3372   3556   3273  13416  26303      0      0  65535 
     0      0      0      0      0      0      0      0      0      0      0      0      0      0      0      0      0      0      0 
     0      0      0      0      0      0      0      0      0      0      0      0      0      0      0      0      0      0      0 
     0      0      0      0      0      0      0      0      0      0      0      0      0      0      0      0      0      0      0 
0 -1 -1
     0      0      0      0      0      0      0      0      0      0      0      0      0      0      0      0      0      0      0 
  3670   3771   3719   3969   3878   3556   3268   4002   4063   3977   3553   3366   3948   4265   3831   3632   9108   4457   4023 
 17236  13361     51    147   3719   3556   3771   3878   3670   3969   3977   4063   4002   3948   9108   4265   4457   3831   4023   3632   3366   3553   3268  13417  26304      0      0  65535 
     0      0      0      0      0      0      0      0      0      0      0      0      0      0      0      0      0      0      0 
     0      0      0      0      0      0      0      0      0      0      0      0      0      0      0      0      0      0      0 
     0      0      0      0      0      0      0      0      0      0      0      0      0      0      0      0      0      0      0 
0 -1 -1
     0      0      0      0      0      0      0      0      0      0      0      0      0      0      0      0      0      0      0 
  3665   3767   3714   3967   3876   3556   3266   3998   4061   3977   3552   3366   3944   4263   3831   3630   9118   4455   4020 
 17236  13361     51    147   3714   3556   3767   3876   3665   3967   3977   4061   3998   3944   9118   4263   4455   3831   4020   3630   3366   3552   3266  13418  26303      0      0  65535 
     0      0      0      0      0      0      0      0      0      0      0      0      0      0      0      0      0      0      0 
     0      0      0      0      0      0      0      0      0      0      0      0      0      0      0      0      0      0      0 
     0      0      0      0      0      0      0      0      0      0      0      0      0      0      0      0      0      0      0 
0 -1 -1
     0      0      0      0      0      0      0      0      0      0      0      0      0      0      0      0      0      0      0 
  3670   3773   3719   3970   3879   3559   3272   4003   4063   3980   3556   3371   3949   4266   3835   3637   9113   4459   4028 
 17236  13361     51    147   3719   3559   3773   3879   3670   3970   3980   4063   4003   3949   9113   4266   4459   3835   4028   3637   3371   3556   3272  13419  26305      0      0  65535 
     0      0      0      0      0      0      0      0      0      0      0      0      0      0      0      0      0      0      0 
     0      0      0      0      0      0      0      0      0      0      0      0      0      0      0      0      0      0      0 
     0      0      0      0      0      0      0      0      0      0      0      0      0      0      0      0      0      0      0 
0 -1 -1
     0      0      0      0      0      0      0      0      0      0      0      0      0      0      0      0      0      0      0 
  3667   3768   3715   3966   3876   3555   3264   3999   4060   3978   3550   3364   3945   4263   3828   3631   9105   4452   4020 
 17236  13361     51    147   3715   3555   3768   3876   3667   3966   3978   4060   3999   3945   9105   4263   4452   3828   4020   3631   3364   3550   3264  13419  26304      0      0  65535 
     0      0      0      0      0      0      0      0      0      0      0      0      0      0      0      0      0      0      0 
     0      0      0      0      0      0      0      0      0      0      0      0      0      0      0      0      0      0      0 
     0      0      0      0      0      0      0      0      0      0      0      0      0      0      0      0      0      0      0 
0 -1 -1
     0      0      0      0      0      0      0      0      0      0      0      0      0      0      0      0      0      0      0 
  3656   3760   3705   3959   3870   3550   3258   3992   4057   3972   3546   3360   3934   4258   3823   3622   9112   4441   4006 
 17236  13361     51    147   3705   3550   3760   3870   3656   3959   3972   4057   3992   3934   9112   4258   4441   3823   4006   3622   3360   3546   3258  13419  26304      0      0  65535 
     0      0      0      0      0      0      0      0      0      0      0      0      0      0      0      0      0      0      0 
     0      0      0      0      0      0      0      0      0      0      0      0      0      0      0      0      0      0      0 
     0      0      0      0      0      0      0      0      0      0      0      0      0      0      0      0      0      0      0 
0 -1 -1
     0      0      0      0      0      0      0      0      0      0      0      0      0      0      0      0      0      0      0 
  3652   3755   3702   3956   3867   3550   3257   3989   4055   3972   3545   3359   3931   4257   3823   3620   9128   4437   4003 
 17236  13361     51    147   3702   3550   3755   3867   3652   3956   3972   4055   3989   3931   9128   4257   4437   3823   4003   3620   3359   3545   3257  13419  26304      0      0  65535 
     0      0      0      0      0      0      0      0      0      0      0      0      0      0      0      0      0      0      0 
     0      0      0      0      0      0      0      0      0      0      0      0      0      0      0      0      0      0      0 
     0      0      0      0      0      0      0      0      0      0      0      0      0      0      0      0      0      0      0 
0 -1 -1
     0      0      0      0      0      0      0      0      0      0      0      0      0      0      0      0      0      0      0 
  3655   3757   3703   3958   3870   3551   3258   3989   4056   3971   3547   3360   3932   4257   3824   3622   9133   4438   4005 
 17236  13361     51    147   3703   3551   3757   3870   3655   3958   3971   4056   3989   3932   9133   4257   4438   3824   4005   3622   3360   3547   3258  13419  26303      0      0  65535 
     0      0      0      0      0      0      0      0      0      0      0      0      0      0      0      0      0      0      0 
     0      0      0      0      0      0      0      0      0      0      0      0      0      0      0      0      0      0      0 
     0      0      0      0      0      0      0      0      0      0      0      0      0      0      0      0      0      0      0 
0 -1 -1
     0      0      0      0      0      0      0      0      0      0      0      0      0      0      0      0      0      0      0 
  3650   3752   3696   3952   3864   3549   3250   3984   4053   3968   3542   3354   3924   4252   3819   3614   9125   4430   3994 
 17236  13361     51    147   3696   3549   3752   3864   3650   3952   3968   4053   3984   3924   9125   4252   4430   3819   3994   3614   3354   3542   3250  13420  26304      0      0  65535 
     0      0      0      0      0      0      0      0      0      0      0      0      0      0      0      0      0      0      0 
     0      0      0      0      0      0      0      0      0      0      0      0      0      0      0      0      0      0      0 
     0      0      0      0      0      0      0      0      0      0      0      0      0      0      0      0      0      0      0 
0 -1 -1
     0      0      0      0      0      0      0      0      0      0      0      0      0      0      0      0      0      0      0 
  3637   3742   3682   3944   3859   3541   3238   3976   4048   3964   3534   3344   3913   4246   3812   3603   9116   4415   3979 
 17236  13361     51    147   3682   3541   3742   3859   3637   3944   3964   4048   3976   3913   9116   4246   4415   3812   3979   3603   3344   3534   3238  13421  26304      0      0  65535 
     0      0      0      0      0      0      0      0      0      0      0      0      0      0      0      0      0      0      0 
     0      0      0      0      0      0      0      0      0      0      0      0      0      0      0      0      0      0      0 
     0      0      0      0      0      0      0      0      0      0      0      0      0      0      0      0      0      0      0 
0 -1 -1
