    58      0      0     92    106      0      0      0    255      0      0      0    119    255      0      0      5    207      0 
  6668   3043   3019   8528   5818   2809   2572   3219  12077   3176   2773   2684   8690  15430   3047   2877  10099  14992   3270 
 17236  13361     51    148   3019   2809   3043   5818   6668   8528   3176  12077   3219   8690  10099  15430  14992   3047   3270   2877   2684   2773   2572  13388  26304      0      0  65535 
     0      0      0      0      0      0      0      0      0      0      0      0      0      0      0      0      0      0      0 
     0      0      0      0      0      0      0      0      0      0      0      0      0      0      0      0      0      0      0 
     0      0      0      0      0      0      0      0      0      0      0      0      0      0      0      0      0      0      0 
0 -1 -1
    63      0      0    100    117      0      0      0    255      0      0      0    129    255      0      0      7    224      0 
  6975   3044   3017   8945   6097   2804   2570   3215  12737   3172   2766   2681   9092  16320   3044   2872  10162  15775   3267 
 17236  13361     51    148   3017   2804   3044   6097   6975   8945   3172  12737   3215   9092  10162  16320  15775   3044   3267   2872   2681   2766   2570  13388  26305      0      0  65535 
     0      0      0      0      0      0      0      0      0      0      0      0      0      0      0      0      0      0      0 
     0      0      0      0      0      0      0      0      0      0      0      0      0      0      0      0      0      0      0 
     0      0      0      0      0      0      0      0      0      0      0      0      0      0      0      0      0      0      0 
0 -1 -1
    66      0      0    105    123      0      0      0    255      0      0      0    134    255      0      0      8    232      0 
  7166   3043   3015   9207   6250   2801   2569   3214  13139   3171   2762   2680   9320  16825   3041   2871  10206  16148   3268 
 17236  13361     51    148   3015   2801   3043   6250   7166   9207   3171  13139   3214   9320  10206  16825  16148   3041   3268   2871   2680   2762   2569  13388  26305      0      0  65535 
     0      0      0      0      0      0      0      0      0      0      0      0      0      0      0      0      0      0      0 
     0      0      0      0      0      0      0      0      0      0      0      0      0      0      0      0      0      0      0 
     0      0      0      0      0      0      0      0      0      0      0      0      0      0      0      0      0      0      0 
0 -1 -1
    76      0      0    117    141      0      0      0    255      0      0      0    140    255      0      0      9    237      0 
  7814   3044   3014   9899   6695   2798   2566   3214  13939   3168   2758   2679   9564  17472   3038   2869  10254  16365   3267 
 17236  13361     51    148   3014   2798   3044   6695   7814   9899   3168  13939   3214   9564  10254  17472  16365   3038   3267   2869   2679   2758   2566  13383  26304      0      0  65535 
     0      0      0      0      0      0      0      0      0      0      0      0      0      0      0      0      0      0      0 
     0      0      0      0      0      0      0      0      0      0      0      0      0      0      0      0      0      0      0 
     0      0      0      0      0      0      0      0      0      0      0      0      0      0      0      0      0      0      0 
0 -1 -1
    88      0      0    132    161      0      0      0    255      0      0      0    145    255      0      0     10    238      0 
  8607   3049   3012  10709   7195   2794   2566   3213  14757   3167   2753   2676   9760  17994   3035   2867  10293  16405   3265 
 17236  13361     51    148   3012   2794   3049   7195   8607  10709   3167  14757   3213   9760  10293  17994  16405   3035   3265   2867   2676   2753   2566  13382  26304      0      0  65535 
     0      0      0      0      0      0      0      0      0      0      0      0      0      0      0      0      0      0      0 
     0      0      0      0      0      0      0      0      0      0      0      0      0      0      0      0      0      0      0 
     0      0      0      0      0      0      0      0      0      0      0      0      0      0      0      0      0      0      0 
0 -1 -1
    94      0      0    138    170      0      0      0    255      0      0      0    146    255      0      0     10    236      0 
  8984   3050   3012  11072   7422   2793   2563   3212  15072   3174   2752   2676   9823  18126   3033   2866  10307  16327   3265 
 17236  13361     51    148   3012   2793   3050   7422   8984  11072   3174  15072   3212   9823  10307  18126  16327   3033   3265   2866   2676   2752   2563  13383  26305      0      0  65535 
     0      0      0      0      0      0      0      0      0      0      0      0      0      0      0      0      0      0      0 
     0      0      0      0      0      0      0      0      0      0      0      0      0      0      0      0      0      0      0 
     0      0      0      0      0      0      0      0      0      0      0      0      0      0      0      0      0      0      0 
0 -1 -1
    93      0      0    138    169      0      0      0    255      0      0      0    149    255      0      0     11    240      0 
  8905   3051   3012  11054   7399   2791   2562   3213  15117   3174   2751   2676   9936  18273   3032   2866  10366  16508   3263 
 17236  13361     51    148   3012   2791   3051   7399   8905  11054   3174  15117   3213   9936  10366  18273  16508   3032   3263   2866   2676   2751   2562  13385  26305      1      0  65535 
     0      0      0      0      0      0      0      0      0      0      0      0      0      0      0      0      0      0      0 
     0      0      0      0      0      0      0      0      0      0      0      0      0      0      0      0      0      0      0 
     0      0      0      0      0      0      0      0      0      0      0      0      0      0      0      0      0      0      0 
0 -1 -1
    91      0      0    136    167      0      0      0    255      0      0      0    150    255      0      0     11    244      0 
  8754   3050   3009  10931   7343   2792   2564   3212  15061   3173   2750   2674   9976  18352   3030   2864  10369  16660   3263 
 17236  13361     51    148   3009   2792   3050   7343   8754  10931   3173  15061   3212   9976  10369  18352  16660   3030   3263   2864   2674   2750   2564  13385  26304      0      0  65535 
     0      0      0      0      0      0      0      0      0      0      0      0      0      0      0      0      0      0      0 
     0      0      0      0      0      0      0      0      0      0      0      0      0      0      0      0      0      0      0 
     0      0      0      0      0      0      0      0      0      0      0      0      0      0      0      0      0      0      0 
0 -1 -1
    90      0      0    135    165      0      0      0    255      0      0      0    147    255      0      0      9    236      0 
  8739   3051   3010  10877   7306   2792   2566   3213  14905   3172   2752   2675   9863  18032   3031   2866  10272  16299   3263 
 17236  13361     51    148   3010   2792   3051   7306   8739  10877   3172  14905   3213   9863  10272  18032  16299   3031   3263   2866   2675   2752   2566  13385  26304      0      0  65535 
     0      0      0      0      0      0      0      0      0      0      0      0      0      0      0      0      0      0      0 
     0      0      0      0      0      0      0      0      0      0      0      0      0      0      0      0      0      0      0 
     0      0      0      0      0      0      0      0      0      0      0      0      0      0      0      0      0      0      0 
0 -1 -1
    89      0      0    131    160      0      0      0    255      0      0      0    140    255      0      0      7    220      0 
  8653   3050   3011  10693   7181   2795   2566   3217  14488   3168   2758   2678   9586  17318   3035   2869  10173  15586   3264 
 17236  13361     51    148   3011   2795   3050   7181   8653  10693   3168  14488   3217   9586  10173  17318  15586   3035   3264   2869   2678   2758   2566  13385  26304      0      0  65535 
     0      0      0      0      0      0      0      0      0      0      0      0      0      0      0      0      0      0      0 
     0      0      0      0      0      0      0      0      0      0      0      0      0      0      0      0      0      0      0 
     0      0      0      0      0      0      0      0      0      0      0      0      0      0      0      0      0      0      0 
0 -1 -1
    82      0      0    122    146      0      0      0    255      0      0      0    131    255      0      0      5    201      0 
  8223   3050   3012  10163   6827   2800   2568   3218  13677   3172   2764   2680   9195  16262   3039   2871  10076  14707   3262 
 17236  13361     51    148   3012   2800   3050   6827   8223  10163   3172  13677   3218   9195  10076  16262  14707   3039   3262   2871   2680   2764   2568  13386  26304      0      0  65535 
     0      0      0      0      0      0      0      0      0      0      0      0      0      0      0      0      0      0      0 
     0      0      0      0      0      0      0      0      0      0      0      0      0      0      0      0      0      0      0 
     0      0      0      0      0      0      0      0      0      0      0      0      0      0      0      0      0      0      0 
0 -1 -1
    71      0      0    107    124      0      0      0    255      0      0      0    119    255      0      0      2    175      0 
  7497   3048   3016   9367   6257   2809   2571   3222  12513   3179   2775   2683   8706  14811   3046   2877   9964  13523   3264 
 17236  13361     51    148   3016   2809   3048   6257   7497   9367   3179  12513   3222   8706   9964  14811  13523   3046   3264   2877   2683   2775   2571  13386  26305      0      0  65535 
     0      0      0      0      0      0      0      0      0      0      0      0      0      0      0      0      0      0      0 
     0      0      0      0      0      0      0      0      0      0      0      0      0      0      0      0      0      0      0 
     0      0      0      0      0      0      0      0      0      0      0      0      0      0      0      0      0      0      0 
0 -1 -1
    56      0      0     88     93      0      0      0    255      0      0      0    102    255      0      0      0    142      0 
  6514   3047   3018   8284   5486   2818   2575   3225  10929   3189   2787   2687   7978  12886   3054   2884   9804  11969   3264 
 17236  13361     51    148   3018   2818   3047   5486   6514   8284   3189  10929   3225   7978   9804  12886  11969   3054   3264   2884   2687   2787   2575  13387  26304      0      1  65535 
     0      0      0      0      0      0      0      0      0      0      0      0      0      0      0      0      0      0      0 
     0      0      0      0      0      0      0      0      0      0      0      0      0      0      0      0      0      0      0 
     0      0      0      0      0      0      0      0      0      0      0      0      0      0      0      0      0      0      0 
0 -1 -1
    35      0      0     63     55      0      0      0    186      0      0      0     75    255      0      0      0     98      0 
  5211   3043   3024   6875   4509   2829   2582   3229   8783   3202   2806   2693   6862  10326   3068   2892   9556   9970   3271 
 17236  13361     51    148   3024   2829   3043   4509   5211   6875   3202   8783   3229   6862   9556  10326   9970   3068   3271   2892   2693   2806   2582  13390  26304      0      0  65535 
     0      0      0      0      0      0      0      0      0      0      0      0      0      0      0      0      0      0      0 
     0      0      0      0      0      0      0      0      0      0      0      0      0      0      0      0      0      0      0 
     0      0      0      0      0      0      0      0      0      0      0      0      0      0      0      0      0      0      0 
0 -1 -1
    16      0      0     41     22      0      0      0    111      0      0      0     45    151      0      0      0     52      0 
  3967   3040   3027   5683   3673   2842   2586   3232   6798   3217   2822   2696   5581   7693   3084   2901   9278   7820   3274 
 17236  13361     51    148   3027   2842   3040   3673   3967   5683   3217   6798   3232   5581   9278   7693   7820   3084   3274   2901   2696   2822   2586  13390  26303      0      0  65535 
     0      0      0      0      0      0      0      0      0      0      0      0      0      0      0      0      0      0      0 
     0      0      0      0      0      0      0      0      0      0      0      0      0      0      0      0      0      0      0 
     0      0      0      0      0      0      0      0      0      0      0      0      0      0      0      0      0      0      0 
0 -1 -1
     0      0      0     13      1      0      0      0     30      0      0      0      1     20      0      0      0      0      0 
  2973   3040   3032   4103   3161   2858   2591   3234   4647   3235   2840   2703   3739   4547   3100   2909   9746   5160   3277 
 17236  13361     51    148   3032   2858   3040   3161   2973   4103   3235   4647   3234   3739   9746   4547   5160   3100   3277   2909   2703   2840   2591  13390  26303      0      0  65535 
     0      0      0      0      0      0      0      0      0      0      0      0      0      0      0      0      0      0      0 
     0      0      0      0      0      0      0      0      0      0      0      0      0      0      0      0      0      0      0 
     0      0      0      0      0      0      0      0      0      0      0      0      0      0      0      0      0      0      0 
0 -1 -1
     0      0      0      0      0      0      0      0      0      0      0      0      0      0      0      0     92      0      0 
  2945   3042   3034   3241   3127   2865   2593   3236   3343   3241   2846   2704   3169   3544   3101   2914  14029   3678   3272 
 17236  13361     51    148   3034   2865   3042   3127   2945   3241   3241   3343   3236   3169  14029   3544   3678   3101   3272   2914   2704   2846   2593  13391  26304      0      0  65535 
     0      0      0      0      0      0      0      0      0      0      0      0      0      0      0      0      0      0      0 
     0      0      0      0      0      0      0      0      0      0      0      0      0      0      0      0      0      0      0 
     0      0      0      0      0      0      0      0      0      0      0      0      0      0      0      0      0      0      0 
0 -1 -1
     0      0      0      0      0      0      0      0      0      0      0      0      0      0      0      0    106      0      0 
  2944   3043   3034   3235   3127   2865   2593   3234   3339   3240   2844   2703   3166   3537   3098   2913  14678   3670   3272 
 17236  13361     51    148   3034   2865   3043   3127   2944   3235   3240   3339   3234   3166  14678   3537   3670   3098   3272   2913   2703   2844   2593  13392  26304      0      1  65535 
     0      0      0      0      0      0      0      0      0      0      0      0      0      0      0      0      0      0      0 
     0      0      0      0      0      0      0      0      0      0      0      0      0      0      0      0      0      0      0 
     0      0      0      0      0      0      0      0      0      0      0      0      0      0      0      0      0      0      0 
0 -1 -1
     0      0      0      0      0      0      0      0      0      0      0      0      0      0      0      0    110      0      0 
  2941   3044   3034   3232   3125   2864   2592   3235   3334   3240   2845   2703   3162   3533   3098   2913  14865   3669   3272 
 17236  13361     51    148   3034   2864   3044   3125   2941   3232   3240   3334   3235   3162  14865   3533   3669   3098   3272   2913   2703   2845   2592  13391  26304      0      1  65535 
     0      0      0      0      0      0      0      0      0      0      0      0      0      0      0      0      0      0      0 
     0      0      0      0      0      0      0      0      0      0      0      0      0      0      0      0      0      0      0 
     0      0      0      0      0      0      0      0      0      0      0      0      0      0      0      0      0      0      0 
0 -1 -1
     0      0      0      0      0      0      0      0      0      0      0      0      0      0      0      0    117      0      0 
  2942   3043   3034   3230   3123   2863   2592   3232   3332   3240   2845   2702   3160   3531   3098   2912  15166   3663   3271 
 17236  13361     51    148   3034   2863   3043   3123   2942   3230   3240   3332   3232   3160  15166   3531   3663   3098   3271   2912   2702   2845   2592  13391  26304      0      0  65535 
     0      0      0      0      0      0      0      0      0      0      0      0      0      0      0      0      0      0      0 
     0      0      0      0      0      0      0      0      0      0      0      0      0      0      0      0      0      0      0 
     0      0      0      0      0      0      0      0      0      0      0      0      0      0      0      0      0      0      0 
0 -1 -1
     0      0      0      0      0      0      0      0      0      0      0      0      0      0      0      0    120      0      0 
  2940   3043   3033   3229   3124   2864   2592   3235   3329   3239   2845   2702   3158   3528   3098   2913  15279   3662   3272 
 17236  13361     51    148   3033   2864   3043   3124   2940   3229   3239   3329   3235   3158  15279   3528   3662   3098   3272   2913   2702   2845   2592  13391  26304      0      0  65535 
     0      0      0      0      0      0      0      0      0      0      0      0      0      0      0      0      0      0      0 
     0      0      0      0      0      0      0      0      0      0      0      0      0      0      0      0      0      0      0 
     0      0      0      0      0      0      0      0      0      0      0      0      0      0      0      0      0      0      0 
0 -1 -1
     0      0      0      0      0      0      0      0      0      0      0      0      0      0      0      0    122      0      0 
  2940   3043   3033   3227   3125   2862   2592   3235   3329   3240   2845   2703   3158   3527   3097   2913  15408   3662   3270 
 17236  13361     51    148   3033   2862   3043   3125   2940   3227   3240   3329   3235   3158  15408   3527   3662   3097   3270   2913   2703   2845   2592  13390  26304      0      0  65535 
     0      0      0      0      0      0      0      0      0      0      0      0      0      0      0      0      0      0      0 
     0      0      0      0      0      0      0      0      0      0      0      0      0      0      0      0      0      0      0 
     0      0      0      0      0      0      0      0      0      0      0      0      0      0      0      0      0      0      0 
0 -1 -1
     0      0      0      0      0      0      0      0      0      0      0      0      0      0      0      0    122      0      0 
  2938   3043   3032   3227   3122   2863   2592   3234   3325   3237   2843   2704   3157   3528   3096   2912  15410   3661   3271 
 17236  13361     51    148   3032   2863   3043   3122   2938   3227   3237   3325   3234   3157  15410   3528   3661   3096   3271   2912   2704   2843   2592  13389  26303      0      0  65535 
     0      0      0      0      0      0      0      0      0      0      0      0      0      0      0      0      0      0      0 
     0      0      0      0      0      0      0      0      0      0      0      0      0      0      0      0      0      0      0 
     0      0      0      0      0      0      0      0      0      0      0      0      0      0      0      0      0      0      0 
0 -1 -1
     0      0      0      0      0      0      0      0      0      0      0      0      0      0      0      0    123      0      0 
  2937   3043   3032   3225   3124   2861   2591   3233   3326   3238   2843   2702   3156   3526   3096   2912  15454   3659   3270 
 17236  13361     51    148   3032   2861   3043   3124   2937   3225   3238   3326   3233   3156  15454   3526   3659   3096   3270   2912   2702   2843   2591  13389  26303      0      1  65535 
     0      0      0      0      0      0      0      0      0      0      0      0      0      0      0      0      0      0      0 
     0      0      0      0      0      0      0      0      0      0      0      0      0      0      0      0      0      0      0 
     0      0      0      0      0      0      0      0      0      0      0      0      0      0      0      0      0      0      0 
0 -1 -1
     0      0      0      0      0      0      0      0      0      0      0      0      0      0      0      0    124      0      0 
  2938   3043   3032   3224   3121   2862   2591   3233   3325   3237   2844   2702   3154   3525   3096   2911  15477   3659   3270 
 17236  13361     51    148   3032   2862   3043   3121   2938   3224   3237   3325   3233   3154  15477   3525   3659   3096   3270   2911   2702   2844   2591  13389  26303      0      0  65535 
     0      0      0      0      0      0      0      0      0      0      0      0      0      0      0      0      0      0      0 
     0      0      0      0      0      0      0      0      0      0      0      0      0      0      0      0      0      0      0 
     0      0      0      0      0      0      0      0      0      0      0      0      0      0      0      0      0      0      0 
0 -1 -1
     0      0      0      0      0      0      0      0      0      0      0      0      0      0      0      0    124      0      0 
  2936   3042   3032   3225   3121   2863   2590   3233   3323   3237   2842   2701   3157   3525   3096   2911  15475   3658   3269 
 17236  13361     51    148   3032   2863   3042   3121   2936   3225   3237   3323   3233   3157  15475   3525   3658   3096   3269   2911   2701   2842   2590  13389  26303      0      0  65535 
     0      0      0      0      0      0      0      0      0      0      0      0      0      0      0      0      0      0      0 
     0      0      0      0      0      0      0      0      0      0      0      0      0      0      0      0      0      0      0 
     0      0      0      0      0      0      0      0      0      0      0      0      0      0      0      0      0      0      0 
0 -1 -1
     0      0      0      0      0      0      0      0      0      0      0      0      0      0      0      0    123      0      0 
  2938   3041   3032   3224   3121   2861   2589   3233   3324   3238   2843   2701   3153   3523   3095   2909  15452   3657   3268 
 17236  13361     51    148   3032   2861   3041   3121   2938   3224   3238   3324   3233   3153  15452   3523   3657   3095   3268   2909   2701   2843   2589  13389  26303      0      0  65535 
     0      0      0      0      0      0      0      0      0      0      0      0      0      0      0      0      0      0      0 
     0      0      0      0      0      0      0      0      0      0      0      0      0      0      0      0      0      0      0 
     0      0      0      0      0      0      0      0      0      0      0      0      0      0      0      0      0      0      0 
0 -1 -1
     0      0      0      0      0      0      0      0      0      0      0      0      0      0      0      0    120      0      0 
  2937   3041   3032   3222   3120   2862   2590   3232   3323   3236   2842   2700   3154   3522   3095   2909  15315   3657   3269 
 17236  13361     51    147   3032   2862   3041   3120   2937   3222   3236   3323   3232   3154  15315   3522   3657   3095   3269   2909   2700   2842   2590  13389  26303      0      0  65535 
     0      0      0      0      0      0      0      0      0      0      0      0      0      0      0      0      0      0      0 
     0      0      0      0      0      0      0      0      0      0      0      0      0      0      0      0      0      0      0 
     0      0      0      0      0      0      0      0      0      0      0      0      0      0      0      0      0      0      0 
0 -1 -1
     0      0      0      0      0      0      0      0      0      0      0      0      0      0      0      0    119      0      0 
  2937   3041   3030   3222   3120   2860   2588   3233   3323   3235   2842   2700   3154   3522   3095   2910  15249   3657   3268 
 17236  13361     51    148   3030   2860   3041   3120   2937   3222   3235   3323   3233   3154  15249   3522   3657   3095   3268   2910   2700   2842   2588  13388  26304      0      0  65535 
     0      0      0      0      0      0      0      0      0      0      0      0      0      0      0      0      0      0      0 
     0      0      0      0      0      0      0      0      0      0      0      0      0      0      0      0      0      0      0 
     0      0      0      0      0      0      0      0      0      0      0      0      0      0      0      0      0      0      0 
0 -1 -1
     0      0      0      0      0      0      0      0      0      0      0      0      0      0      0      0    120      0      0 
  2936   3041   3031   3223   3119   2861   2588   3233   3321   3237   2842   2700   3153   3522   3094   2909  15290   3656   3268 
 17236  13361     51    148   3031   2861   3041   3119   2936   3223   3237   3321   3233   3153  15290   3522   3656   3094   3268   2909   2700   2842   2588  13388  26304      0      0  65535 
     0      0      0      0      0      0      0      0      0      0      0      0      0      0      0      0      0      0      0 
     0      0      0      0      0      0      0      0      0      0      0      0      0      0      0      0      0      0      0 
     0      0      0      0      0      0      0      0      0      0      0      0      0      0      0      0      0      0      0 
0 -1 -1
     0      0      0      0      0      0      0      0      0      0      0      0      0      0      0      0    120      0      0 
  2935   3040   3031   3222   3119   2859   2588   3232   3321   3237   2842   2700   3152   3521   3093   2909  15281   3657   3268 
 17236  13361     51    148   3031   2859   3040   3119   2935   3222   3237   3321   3232   3152  15281   3521   3657   3093   3268   2909   2700   2842   2588  13382  26304      0      0  65535 
     0      0      0      0      0      0      0      0      0      0      0      0      0      0      0      0      0      0      0 
     0      0      0      0      0      0      0      0      0      0      0      0      0      0      0      0      0      0      0 
     0      0      0      0      0      0      0      0      0      0      0      0      0      0      0      0      0      0      0 
0 -1 -1
     0      0      0      0      0      0      0      0      0      0      0      0      0      0      0      0    119      0      0 
  2935   3039   3031   3221   3118   2860   2590   3232   3321   3234   2840   2700   3154   3521   3093   2909  15243   3655   3267 
 17236  13361     51    148   3031   2860   3039   3118   2935   3221   3234   3321   3232   3154  15243   3521   3655   3093   3267   2909   2700   2840   2590  13381  26303      0      0  65535 
     0      0      0      0      0      0      0      0      0      0      0      0      0      0      0      0      0      0      0 
     0      0      0      0      0      0      0      0      0      0      0      0      0      0      0      0      0      0      0 
     0      0      0      0      0      0      0      0      0      0      0      0      0      0      0      0      0      0      0 
0 -1 -1
     0      0      0      0      0      0      0      0      0      0      0      0      0      0      0      0    117      0      0 
  2935   3039   3030   3221   3117   2859   2588   3231   3321   3234   2840   2699   3151   3521   3093   2908  15165   3656   3266 
 17236  13361     51    148   3030   2859   3039   3117   2935   3221   3234   3321   3231   3151  15165   3521   3656   3093   3266   2908   2699   2840   2588  13383  26303      0      0  65535 
     0      0      0      0      0      0      0      0      0      0      0      0      0      0      0      0      0      0      0 
     0      0      0      0      0      0      0      0      0      0      0      0      0      0      0      0      0      0      0 
     0      0      0      0      0      0      0      0      0      0      0      0      0      0      0      0      0      0      0 
0 -1 -1
     0      0      0      0      0      0      0      0      0      0      0      0      0      0      0      0    115      0      0 
  2935   3039   3030   3221   3118   2861   2587   3231   3320   3236   2841   2698   3152   3520   3093   2907  15053   3655   3267 
 17236  13361     51    148   3030   2861   3039   3118   2935   3221   3236   3320   3231   3152  15053   3520   3655   3093   3267   2907   2698   2841   2587  13384  26303      0      0  65535 
     0      0      0      0      0      0      0      0      0      0      0      0      0      0      0      0      0      0      0 
     0      0      0      0      0      0      0      0      0      0      0      0      0      0      0      0      0      0      0 
     0      0      0      0      0      0      0      0      0      0      0      0      0      0      0      0      0      0      0 
0 -1 -1
     0      0      0      0      0      0      0      0      0      0      0      0      0      0      0      0    116      0      0 
  2934   3039   3030   3219   3117   2860   2587   3232   3320   3235   2842   2697   3151   3520   3091   2909  15121   3654   3267 
 17236  13361     51    148   3030   2860   3039   3117   2934   3219   3235   3320   3232   3151  15121   3520   3654   3091   3267   2909   2697   2842   2587  13384  26304      0      0  65535 
     0      0      0      0      0      0      0      0      0      0      0      0      0      0      0      0      0      0      0 
     0      0      0      0      0      0      0      0      0      0      0      0      0      0      0      0      0      0      0 
     0      0      0      0      0      0      0      0      0      0      0      0      0      0      0      0      0      0      0 
0 -1 -1
