   213     49      0    200    255      1      0     15    255     76      0      0     65    151      0      0     14      4      0 
 32766   9054   4335  28503  26486   4648   3640   8380  25570  10638   4052   3708  15192  18812   5260   4098  11605  11800   4976 
 17236  13361     51    150   4335   4648   9054  26486  32766  28503  10638  25570   8380  15192  11605  18812  11800   5260   4976   4098   3708   4052   3640  13476  26304      0      0  65535 
     0      0      0      0      0      0      0      0      0      0      0      0      0      0      0      0      0      0      0 
     0      0      0      0      0      0      0      0      0      0      0      0      0      0      0      0      0      0      0 
     0      0      0      0      0      0      0      0      0      0      0      0      0      0      0      0      0      0      0 
0 -1 -1
   213     32      0    150    255      0      0      7    158     22      1      0     11      8      0      0      1      0      0 
 32766   8328   4329  25724  22913   4584   3645   7822  21891   9394   4064   3711  12932  15409   5072   4095  11029   9961   4913 
 17236  13361     51    150   4329   4584   8328  22913  32766  25724   9394  21891   7822  12932  11029  15409   9961   5072   4913   4095   3711   4064   3645  13476  26305      0      0  65535 
     0      0      0      0      0      0      0      0      0      0      0      0      0      0      0      0      0      0      0 
     0      0      0      0      0      0      0      0      0      0      0      0      0      0      0      0      0      0      0 
     0      0      0      0      0      0      0      0      0      0      0      0      0      0      0      0      0      0      0 
0 -1 -1
   110      5      0     36     64      0      0      0      0      0      1      0      0      0      0      0      0      0      0 
 26145   7170   4325  19351  17163   4495   3654   6778  16123   7661   4083   3719   9685  11125   4834   4096  10210   7837   4833 
 17236  13361     51    150   4325   4495   7170  17163  26145  19351   7661  16123   6778   9685  10210  11125   7837   4834   4833   4096   3719   4083   3654  13448  26304      0      0  65535 
     0      0      0      0      0      0      0      0      0      0      0      0      0      0      0      0      0      0      0 
     0      0      0      0      0      0      0      0      0      0      0      0      0      0      0      0      0      0      0 
     0      0      0      0      0      0      0      0      0      0      0      0      0      0      0      0      0      0      0 
0 -1 -1
     0      0      0      0      0      0      0      0      0      0      1      0      0      0      0      0      0      0      0 
 15639   5883   4304  12001  10791   4353   3653   5691   9951   5924   4078   3721   6668   7305   4568   4089   9553   6085   4725 
 17236  13361     51    150   4304   4353   5883  10791  15639  12001   5924   9951   5691   6668   9553   7305   6085   4568   4725   4089   3721   4078   3653  13451  26303      0      0  65535 
     0      0      0      0      0      0      0      0      0      0      0      0      0      0      0      0      0      0      0 
     0      0      0      0      0      0      0      0      0      0      0      0      0      0      0      0      0      0      0 
     0      0      0      0      0      0      0      0      0      0      0      0      0      0      0      0      0      0      0 
0 -1 -1
     0      0      0      0      0      0      0      0      0      0      0      0      0      0      0      0      0      0      0 
  7829   4865   4253   6833   6141   4169   3632   4961   6049   4848   4027   3708   5102   5384   4360   4060   9207   5244   4606 
 17236  13361     51    150   4253   4169   4865   6141   7829   6833   4848   6049   4961   5102   9207   5384   5244   4360   4606   4060   3708   4027   3632  13450  26303      0      0  65535 
     0      0      0      0      0      0      0      0      0      0      0      0      0      0      0      0      0      0      0 
     0      0      0      0      0      0      0      0      0      0      0      0      0      0      0      0      0      0      0 
     0      0      0      0      0      0      0      0      0      0      0      0      0      0      0      0      0      0      0 
0 -1 -1
     0      0      0      0      0      0      0      0      0      0      0      0      0      0      0      0      0      0      0 
  4619   4339   4179   4808   4455   4007   3593   4574   4677   4409   3958   3683   4528   4745   4227   4019   9083   4917   4500 
 17236  13361     51    150   4179   4007   4339   4455   4619   4808   4409   4677   4574   4528   9083   4745   4917   4227   4500   4019   3683   3958   3593  13450  26304      0      0  65535 
     0      0      0      0      0      0      0      0      0      0      0      0      0      0      0      0      0      0      0 
     0      0      0      0      0      0      0      0      0      0      0      0      0      0      0      0      0      0      0 
     0      0      0      0      0      0      0      0      0      0      0      0      0      0      0      0      0      0      0 
0 -1 -1
     0      0      0      0      0      0      0      0      0      0      0      0      0      0      0      0      0      0      0 
  3974   4105   4085   4310   4117   3882   3537   4369   4331   4254   3880   3648   4297   4544   4136   3962   9017   4755   4397 
 17236  13361     51    150   4085   3882   4105   4117   3974   4310   4254   4331   4369   4297   9017   4544   4755   4136   4397   3962   3648   3880   3537  13451  26305      0      0  65535 
     0      0      0      0      0      0      0      0      0      0      0      0      0      0      0      0      0      0      0 
     0      0      0      0      0      0      0      0      0      0      0      0      0      0      0      0      0      0      0 
     0      0      0      0      0      0      0      0      0      0      0      0      0      0      0      0      0      0      0 
0 -1 -1
     0      0      0      0      0      0      0      0      0      0      0      0      0      0      0      0      0      0      0 
  3854   4007   4002   4203   4069   3819   3491   4266   4273   4211   3836   3616   4204   4504   4096   3916   9003   4693   4323 
 17236  13361     51    150   4002   3819   4007   4069   3854   4203   4211   4273   4266   4204   9003   4504   4693   4096   4323   3916   3616   3836   3491  13454  26304      0      0  65535 
     0      0      0      0      0      0      0      0      0      0      0      0      0      0      0      0      0      0      0 
     0      0      0      0      0      0      0      0      0      0      0      0      0      0      0      0      0      0      0 
     0      0      0      0      0      0      0      0      0      0      0      0      0      0      0      0      0      0      0 
0 -1 -1
     0      0      0      0      0      0      0      0      0      0      0      0      0      0      0      0      0      0      0 
  3807   3962   3948   4163   4058   3792   3458   4210   4258   4195   3811   3589   4157   4492   4081   3889   9001   4667   4275 
 17236  13361     51    150   3948   3792   3962   4058   3807   4163   4195   4258   4210   4157   9001   4492   4667   4081   4275   3889   3589   3811   3458  13453  26304      0      0  65535 
     0      0      0      0      0      0      0      0      0      0      0      0      0      0      0      0      0      0      0 
     0      0      0      0      0      0      0      0      0      0      0      0      0      0      0      0      0      0      0 
     0      0      0      0      0      0      0      0      0      0      0      0      0      0      0      0      0      0      0 
0 -1 -1
     0      0      0      0      0      0      0      0      0      0      0      0      0      0      0      0      0      0      0 
  3777   3931   3902   4137   4050   3777   3432   4170   4249   4187   3799   3571   4124   4479   4071   3865   8996   4650   4238 
 17236  13361     51    150   3902   3777   3931   4050   3777   4137   4187   4249   4170   4124   8996   4479   4650   4071   4238   3865   3571   3799   3432  13453  26305      0      0  65535 
     0      0      0      0      0      0      0      0      0      0      0      0      0      0      0      0      0      0      0 
     0      0      0      0      0      0      0      0      0      0      0      0      0      0      0      0      0      0      0 
     0      0      0      0      0      0      0      0      0      0      0      0      0      0      0      0      0      0      0 
0 -1 -1
     0      0      0      0      0      0      0      0      0      0      0      0      0      0      0      0      0      0      0 
  3763   3909   3867   4120   4045   3766   3407   4143   4244   4182   3784   3551   4104   4475   4062   3845   8987   4640   4213 
 17236  13361     51    150   3867   3766   3909   4045   3763   4120   4182   4244   4143   4104   8987   4475   4640   4062   4213   3845   3551   3784   3407  13452  26305      0      0  65535 
     0      0      0      0      0      0      0      0      0      0      0      0      0      0      0      0      0      0      0 
     0      0      0      0      0      0      0      0      0      0      0      0      0      0      0      0      0      0      0 
     0      0      0      0      0      0      0      0      0      0      0      0      0      0      0      0      0      0      0 
0 -1 -1
     0      0      0      0      0      0      0      0      0      0      0      0      0      0      0      0      0      0      0 
  3764   3908   3860   4122   4047   3766   3406   4142   4246   4182   3785   3549   4106   4476   4062   3848   8988   4642   4212 
 17236  13361     51    150   3860   3766   3908   4047   3764   4122   4182   4246   4142   4106   8988   4476   4642   4062   4212   3848   3549   3785   3406  13451  26306      0      0  65535 
     0      0      0      0      0      0      0      0      0      0      0      0      0      0      0      0      0      0      0 
     0      0      0      0      0      0      0      0      0      0      0      0      0      0      0      0      0      0      0 
     0      0      0      0      0      0      0      0      0      0      0      0      0      0      0      0      0      0      0 
0 -1 -1
     0      0      0      0      0      0      0      0      0      0      0      0      0      0      0      0      0      0      0 
  3770   3909   3858   4123   4049   3767   3402   4144   4246   4181   3783   3546   4105   4475   4062   3843   8988   4640   4208 
 17236  13361     51    150   3858   3767   3909   4049   3770   4123   4181   4246   4144   4105   8988   4475   4640   4062   4208   3843   3546   3783   3402  13451  26305      0      0  65535 
     0      0      0      0      0      0      0      0      0      0      0      0      0      0      0      0      0      0      0 
     0      0      0      0      0      0      0      0      0      0      0      0      0      0      0      0      0      0      0 
     0      0      0      0      0      0      0      0      0      0      0      0      0      0      0      0      0      0      0 
0 -1 -1
     0      0      0      0      0      0      0      0      0      0      0      0      0      0      0      0      0      0      0 
  3766   3901   3844   4116   4043   3758   3390   4137   4241   4175   3770   3540   4097   4469   4054   3831   8994   4630   4196 
 17236  13361     51    150   3844   3758   3901   4043   3766   4116   4175   4241   4137   4097   8994   4469   4630   4054   4196   3831   3540   3770   3390  13452  26304      0      0  65535 
     0      0      0      0      0      0      0      0      0      0      0      0      0      0      0      0      0      0      0 
     0      0      0      0      0      0      0      0      0      0      0      0      0      0      0      0      0      0      0 
     0      0      0      0      0      0      0      0      0      0      0      0      0      0      0      0      0      0      0 
0 -1 -1
     0      0      0      0      0      0      0      0      0      0      0      0      0      0      0      0      0      0      0 
  3767   3895   3838   4114   4039   3754   3384   4132   4237   4170   3766   3542   4093   4467   4054   3831   8995   4633   4195 
 17236  13361     51    150   3838   3754   3895   4039   3767   4114   4170   4237   4132   4093   8995   4467   4633   4054   4195   3831   3542   3766   3384  13450  26304      0      0  65535 
     0      0      0      0      0      0      0      0      0      0      0      0      0      0      0      0      0      0      0 
     0      0      0      0      0      0      0      0      0      0      0      0      0      0      0      0      0      0      0 
     0      0      0      0      0      0      0      0      0      0      0      0      0      0      0      0      0      0      0 
0 -1 -1
     0      0      0      0      0      0      0      0      0      0      0      0      0      0      0      0      0      0      0 
  3774   3902   3844   4125   4046   3759   3395   4143   4242   4179   3777   3551   4102   4479   4062   3845   8991   4644   4213 
 17236  13361     51    150   3844   3759   3902   4046   3774   4125   4179   4242   4143   4102   8991   4479   4644   4062   4213   3845   3551   3777   3395  13450  26304      0      0  65535 
     0      0      0      0      0      0      0      0      0      0      0      0      0      0      0      0      0      0      0 
     0      0      0      0      0      0      0      0      0      0      0      0      0      0      0      0      0      0      0 
     0      0      0      0      0      0      0      0      0      0      0      0      0      0      0      0      0      0      0 
0 -1 -1
     0      0      0      0      0      0      0      0      0      0      0      0      0      0      0      0      0      0      0 
  3783   3914   3856   4133   4053   3768   3402   4152   4249   4185   3783   3558   4113   4486   4068   3853   8987   4653   4223 
 17236  13361     51    150   3856   3768   3914   4053   3783   4133   4185   4249   4152   4113   8987   4486   4653   4068   4223   3853   3558   3783   3402  13450  26304      0      0  65535 
     0      0      0      0      0      0      0      0      0      0      0      0      0      0      0      0      0      0      0 
     0      0      0      0      0      0      0      0      0      0      0      0      0      0      0      0      0      0      0 
     0      0      0      0      0      0      0      0      0      0      0      0      0      0      0      0      0      0      0 
0 -1 -1
     0      0      0      0      0      0      0      0      0      0      0      0      0      0      0      0      0      0      0 
  3772   3899   3841   4124   4038   3758   3382   4135   4240   4173   3765   3541   4098   4470   4054   3830   8997   4633   4198 
 17236  13361     51    150   3841   3758   3899   4038   3772   4124   4173   4240   4135   4098   8997   4470   4633   4054   4198   3830   3541   3765   3382  13452  26304      0      0  65535 
     0      0      0      0      0      0      0      0      0      0      0      0      0      0      0      0      0      0      0 
     0      0      0      0      0      0      0      0      0      0      0      0      0      0      0      0      0      0      0 
     0      0      0      0      0      0      0      0      0      0      0      0      0      0      0      0      0      0      0 
0 -1 -1
     0      0      0      0      0      0      0      0      0      0      0      0      0      0      0      0      0      0      0 
  3748   3877   3807   4102   4019   3731   3372   4109   4217   4151   3739   3526   4081   4449   4033   3820   8995   4614   4187 
 17236  13361     51    150   3807   3731   3877   4019   3748   4102   4151   4217   4109   4081   8995   4449   4614   4033   4187   3820   3526   3739   3372  13451  26304      0      0  65535 
     0      0      0      0      0      0      0      0      0      0      0      0      0      0      0      0      0      0      0 
     0      0      0      0      0      0      0      0      0      0      0      0      0      0      0      0      0      0      0 
     0      0      0      0      0      0      0      0      0      0      0      0      0      0      0      0      0      0      0 
0 -1 -1
     0      0      0      0      0      0      0      0      0      0      0      0      0      0      0      0      0      0      0 
  3746   3876   3808   4084   4020   3725   3375   4083   4209   4145   3736   3519   4050   4446   4025   3809   8991   4615   4184 
 17236  13361     51    150   3808   3725   3876   4020   3746   4084   4145   4209   4083   4050   8991   4446   4615   4025   4184   3809   3519   3736   3375  13451  26303      0      0  65535 
     0      0      0      0      0      0      0      0      0      0      0      0      0      0      0      0      0      0      0 
     0      0      0      0      0      0      0      0      0      0      0      0      0      0      0      0      0      0      0 
     0      0      0      0      0      0      0      0      0      0      0      0      0      0      0      0      0      0      0 
0 -1 -1
     0      0      0      0      0      0      0      0      0      0      0      0      0      0      0      0      0      0      0 
  3750   3877   3808   4083   4020   3724   3374   4086   4211   4145   3736   3519   4051   4446   4025   3807   8991   4615   4184 
 17236  13361     51    150   3808   3724   3877   4020   3750   4083   4145   4211   4086   4051   8991   4446   4615   4025   4184   3807   3519   3736   3374  13454  26303      0      0  65535 
     0      0      0      0      0      0      0      0      0      0      0      0      0      0      0      0      0      0      0 
     0      0      0      0      0      0      0      0      0      0      0      0      0      0      0      0      0      0      0 
     0      0      0      0      0      0      0      0      0      0      0      0      0      0      0      0      0      0      0 
0 -1 -1
     0      0      0      0      0      0      0      0      0      0      0      0      0      0      0      0      0      0      0 
  3750   3878   3808   4084   4020   3726   3376   4085   4209   4146   3737   3520   4052   4446   4025   3808   8983   4615   4185 
 17236  13361     51    150   3808   3726   3878   4020   3750   4084   4146   4209   4085   4052   8983   4446   4615   4025   4185   3808   3520   3737   3376  13461  26304      0      0  65535 
     0      0      0      0      0      0      0      0      0      0      0      0      0      0      0      0      0      0      0 
     0      0      0      0      0      0      0      0      0      0      0      0      0      0      0      0      0      0      0 
     0      0      0      0      0      0      0      0      0      0      0      0      0      0      0      0      0      0      0 
0 -1 -1
     0      0      0      0      0      0      0      0      0      0      0      0      0      0      0      0      0      0      0 
  3749   3878   3808   4084   4021   3726   3374   4086   4210   4144   3736   3520   4052   4447   4026   3808   8991   4615   4183 
 17236  13361     51    150   3808   3726   3878   4021   3749   4084   4144   4210   4086   4052   8991   4447   4615   4026   4183   3808   3520   3736   3374  13447  26304      0      0  65535 
     0      0      0      0      0      0      0      0      0      0      0      0      0      0      0      0      0      0      0 
     0      0      0      0      0      0      0      0      0      0      0      0      0      0      0      0      0      0      0 
     0      0      0      0      0      0      0      0      0      0      0      0      0      0      0      0      0      0      0 
0 -1 -1
     0      0      0      0      0      0      0      0      0      0      0      0      0      0      0      0      0      0      0 
  3751   3878   3808   4084   4020   3726   3377   4087   4211   4145   3736   3520   4050   4447   4026   3807   8991   4615   4183 
 17236  13361     51    150   3808   3726   3878   4020   3751   4084   4145   4211   4087   4050   8991   4447   4615   4026   4183   3807   3520   3736   3377  13446  26303      0      0  65535 
     0      0      0      0      0      0      0      0      0      0      0      0      0      0      0      0      0      0      0 
     0      0      0      0      0      0      0      0      0      0      0      0      0      0      0      0      0      0      0 
     0      0      0      0      0      0      0      0      0      0      0      0      0      0      0      0      0      0      0 
0 -1 -1
