     3      3      4      4      6      6      5      6     12     15     16     12     14     22     25     16      4     10      8 
  4066   4171   4133   4498   4247   3954   3735   4646   4638   4607   4292   4024   4849   5076   4749   4732   9345   5219   4858 
 17236  13361     51    150   4133   3954   4171   4247   4066   4498   4607   4638   4646   4849   9345   5076   5219   4749   4858   4732   4024   4292   3735  13451  26304      0      0  65535 
     0      0      0      0      0      0      0      0      0      0      0      0      0      0      0      0      0      0      0 
     0      0      0      0      0      0      0      0      0      0      0      0      0      0      0      0      0      0      0 
     0      0      0      0      0      0      0      0      0      0      0      0      0      0      0      0      0      0      0 
0 -1 -1
     3      3      4      4      6      6      6      7     14     19     21     15     18     29     33     21      5     13     10 
  4073   4179   4139   4518   4263   3969   3759   4711   4705   4701   4416   4131   5002   5238   4958   4981   9374   5327   4979 
 17236  13361     51    149   4139   3969   4179   4263   4073   4518   4701   4705   4711   5002   9374   5238   5327   4958   4979   4981   4131   4416   3759  13451  26305      0      1  65535 
     0      0      0      0      0      0      0      0      0      0      0      0      0      0      0      0      0      0      0 
     0      0      0      0      0      0      0      0      0      0      0      0      0      0      0      0      0      0      0 
     0      0      0      0      0      0      0      0      0      0      0      0      0      0      0      0      0      0      0 
0 -1 -1
     3      4      4      5      7      7      6      7     17     23     25     18     21     34     41     25      5     15     12 
  4080   4184   4149   4533   4272   3981   3774   4763   4765   4784   4519   4217   5139   5375   5144   5202   9394   5418   5080 
 17236  13361     51    149   4149   3981   4184   4272   4080   4533   4784   4765   4763   5139   9394   5375   5418   5144   5080   5202   4217   4519   3774  13451  26305      0      0  65535 
     0      0      0      0      0      0      0      0      0      0      0      0      0      0      0      0      0      0      0 
     0      0      0      0      0      0      0      0      0      0      0      0      0      0      0      0      0      0      0 
     0      0      0      0      0      0      0      0      0      0      0      0      0      0      0      0      0      0      0 
0 -1 -1
     3      4      4      5      7      7      7      8     19     26     28     20     24     40     47     29      6     16     13 
  4081   4186   4152   4543   4279   3988   3788   4803   4812   4852   4618   4297   5252   5498   5311   5411   9426   5503   5177 
 17236  13361     51    149   4152   3988   4186   4279   4081   4543   4852   4812   4803   5252   9426   5498   5503   5311   5177   5411   4297   4618   3788  13451  26305      0      0  65535 
     0      0      0      0      0      0      0      0      0      0      0      0      0      0      0      0      0      0      0 
     0      0      0      0      0      0      0      0      0      0      0      0      0      0      0      0      0      0      0 
     0      0      0      0      0      0      0      0      0      0      0      0      0      0      0      0      0      0      0 
0 -1 -1
     3      4      4      5      7      7      7      8     20     28     31     21     26     43     51     31      6     18     14 
  4083   4187   4155   4549   4283   3992   3792   4827   4845   4902   4679   4344   5325   5573   5415   5542   9446   5553   5230 
 17236  13361     51    150   4155   3992   4187   4283   4083   4549   4902   4845   4827   5325   9446   5573   5553   5415   5230   5542   4344   4679   3792  13450  26305      0      0  65535 
     0      0      0      0      0      0      0      0      0      0      0      0      0      0      0      0      0      0      0 
     0      0      0      0      0      0      0      0      0      0      0      0      0      0      0      0      0      0      0 
     0      0      0      0      0      0      0      0      0      0      0      0      0      0      0      0      0      0      0 
0 -1 -1
     3      4      4      5      7      7      7      9     23     32     37     25     30     51     62     38      7     20     16 
  4086   4191   4159   4561   4290   4001   3809   4888   4921   5014   4843   4478   5506   5773   5686   5874   9484   5676   5373 
 17236  13361     51    149   4159   4001   4191   4290   4086   4561   5014   4921   4888   5506   9484   5773   5676   5686   5373   5874   4478   4843   3809  13450  26305      0      0  65535 
     0      0      0      0      0      0      0      0      0      0      0      0      0      0      0      0      0      0      0 
     0      0      0      0      0      0      0      0      0      0      0      0      0      0      0      0      0      0      0 
     0      0      0      0      0      0      0      0      0      0      0      0      0      0      0      0      0      0      0 
0 -1 -1
     3      4      4      5      8      8      7     10     25     37     42     29     34     58     72     44      8     23     18 
  4091   4195   4163   4573   4297   4010   3820   4942   4990   5113   4988   4592   5659   5948   5923   6179   9512   5782   5494 
 17236  13361     51    149   4163   4010   4195   4297   4091   4573   5113   4990   4942   5659   9512   5948   5782   5923   5494   6179   4592   4988   3820  13450  26304      0      1  65535 
     0      0      0      0      0      0      0      0      0      0      0      0      0      0      0      0      0      0      0 
     0      0      0      0      0      0      0      0      0      0      0      0      0      0      0      0      0      0      0 
     0      0      0      0      0      0      0      0      0      0      0      0      0      0      0      0      0      0      0 
0 -1 -1
     3      4      5      6      8      8      8     11     28     42     48     33     38     67     83     50      8     25     20 
  4095   4198   4168   4583   4304   4017   3834   5005   5070   5226   5158   4723   5847   6164   6204   6533   9544   5912   5643 
 17236  13361     51    149   4168   4017   4198   4304   4095   4583   5226   5070   5005   5847   9544   6164   5912   6204   5643   6533   4723   5158   3834  13451  26303      0      1  65535 
     0      0      0      0      0      0      0      0      0      0      0      0      0      0      0      0      0      0      0 
     0      0      0      0      0      0      0      0      0      0      0      0      0      0      0      0      0      0      0 
     0      0      0      0      0      0      0      0      0      0      0      0      0      0      0      0      0      0      0 
0 -1 -1
     3      4      5      6      8      8      8     12     32     48     56     37     44     79     97     59     10     29     23 
  4099   4203   4173   4599   4312   4028   3847   5092   5177   5376   5371   4882   6092   6444   6545   6952   9596   6071   5817 
 17236  13361     51    149   4173   4028   4203   4312   4099   4599   5376   5177   5092   6092   9596   6444   6071   6545   5817   6952   4882   5371   3847  13453  26305      0      0  65535 
     0      0      0      0      0      0      0      0      0      0      0      0      0      0      0      0      0      0      0 
     0      0      0      0      0      0      0      0      0      0      0      0      0      0      0      0      0      0      0 
     0      0      0      0      0      0      0      0      0      0      0      0      0      0      0      0      0      0      0 
0 -1 -1
     3      4      5      6      8      9      8     13     34     51     59     39     46     84    102     62     10     30     24 
  4101   4204   4173   4605   4315   4031   3848   5122   5222   5448   5455   4942   6194   6569   6689   7152   9616   6145   5901 
 17236  13361     51    149   4173   4031   4204   4315   4101   4605   5448   5222   5122   6194   9616   6569   6145   6689   5901   7152   4942   5455   3848  13452  26304      0      0  65535 
     0      0      0      0      0      0      0      0      0      0      0      0      0      0      0      0      0      0      0 
     0      0      0      0      0      0      0      0      0      0      0      0      0      0      0      0      0      0      0 
     0      0      0      0      0      0      0      0      0      0      0      0      0      0      0      0      0      0      0 
0 -1 -1
     3      4      5      6      8      9      8     13     36     54     64     42     49     91    110     67     11     32     26 
  4100   4203   4175   4606   4314   4031   3852   5156   5266   5518   5593   5040   6310   6720   6885   7416   9658   6231   6006 
 17236  13361     51    149   4175   4031   4203   4314   4100   4606   5518   5266   5156   6310   9658   6720   6231   6885   6006   7416   5040   5593   3852  13452  26304      1      0  65535 
     0      0      0      0      0      0      0      0      0      0      0      0      0      0      0      0      0      0      0 
     0      0      0      0      0      0      0      0      0      0      0      0      0      0      0      0      0      0      0 
     0      0      0      0      0      0      0      0      0      0      0      0      0      0      0      0      0      0      0 
0 -1 -1
     3      4      5      6      8      9      8     14     40     61     71     46     55    102    123     75     12     35     28 
  4104   4205   4176   4619   4319   4036   3863   5242   5372   5671   5788   5175   6552   7001   7208   7784   9708   6375   6153 
 17236  13361     51    149   4176   4036   4205   4319   4104   4619   5671   5372   5242   6552   9708   7001   6375   7208   6153   7784   5175   5788   3863  13450  26304      0      0  65535 
     0      0      0      0      0      0      0      0      0      0      0      0      0      0      0      0      0      0      0 
     0      0      0      0      0      0      0      0      0      0      0      0      0      0      0      0      0      0      0 
     0      0      0      0      0      0      0      0      0      0      0      0      0      0      0      0      0      0      0 
0 -1 -1
     3      4      5      6      9      9      8     15     43     66     77     49     59    111    133     80     13     37     30 
  4107   4210   4181   4627   4324   4041   3869   5309   5453   5786   5947   5284   6725   7210   7454   8084   9756   6470   6266 
 17236  13361     51    149   4181   4041   4210   4324   4107   4627   5786   5453   5309   6725   9756   7210   6470   7454   6266   8084   5284   5947   3869  13448  26305      0      0  65535 
     0      0      0      0      0      0      0      0      0      0      0      0      0      0      0      0      0      0      0 
     0      0      0      0      0      0      0      0      0      0      0      0      0      0      0      0      0      0      0 
     0      0      0      0      0      0      0      0      0      0      0      0      0      0      0      0      0      0      0 
0 -1 -1
     3      4      5      6      9      9      9     16     45     70     82     52     62    119    142     86     14     39     32 
  4109   4211   4183   4632   4326   4042   3871   5359   5515   5879   6073   5376   6860   7390   7681   8377   9786   6559   6388 
 17236  13361     51    149   4183   4042   4211   4326   4109   4632   5879   5515   5359   6860   9786   7390   6559   7681   6388   8377   5376   6073   3871  13447  26305      0      0  65535 
     0      0      0      0      0      0      0      0      0      0      0      0      0      0      0      0      0      0      0 
     0      0      0      0      0      0      0      0      0      0      0      0      0      0      0      0      0      0      0 
     0      0      0      0      0      0      0      0      0      0      0      0      0      0      0      0      0      0      0 
0 -1 -1
     3      4      5      7      9      9      9     17     49     76     90     57     68    131    157     94     15     43     35 
  4110   4213   4187   4641   4329   4047   3882   5444   5622   6029   6290   5536   7093   7685   8044   8817   9849   6706   6569 
 17236  13361     51    149   4187   4047   4213   4329   4110   4641   6029   5622   5444   7093   9849   7685   6706   8044   6569   8817   5536   6290   3882  13450  26304      0      0  65535 
     0      0      0      0      0      0      0      0      0      0      0      0      0      0      0      0      0      0      0 
     0      0      0      0      0      0      0      0      0      0      0      0      0      0      0      0      0      0      0 
     0      0      0      0      0      0      0      0      0      0      0      0      0      0      0      0      0      0      0 
0 -1 -1
     3      4      5      7      9      9      9     20     56     86    102     64     77    150    179    106     17     48     39 
  4116   4217   4191   4655   4335   4053   3894   5585   5791   6269   6618   5777   7482   8150   8597   9443   9931   6942   6824 
 17236  13361     51    149   4191   4053   4217   4335   4116   4655   6269   5791   5585   7482   9931   8150   6942   8597   6824   9443   5777   6618   3894  13450  26303      0      0  65535 
     0      0      0      0      0      0      0      0      0      0      0      0      0      0      0      0      0      0      0 
     0      0      0      0      0      0      0      0      0      0      0      0      0      0      0      0      0      0      0 
     0      0      0      0      0      0      0      0      0      0      0      0      0      0      0      0      0      0      0 
0 -1 -1
     3      4      5      7      9     10      9     22     62     96    112     69     85    168    198    117     18     52     42 
  4121   4220   4195   4670   4341   4058   3902   5718   5953   6490   6890   5973   7834   8571   9086   9974   9988   7150   7037 
 17236  13361     51    149   4195   4058   4220   4341   4121   4670   6490   5953   5718   7834   9988   8571   7150   9086   7037   9974   5973   6890   3902  13451  26303      1      0  65535 
     0      0      0      0      0      0      0      0      0      0      0      0      0      0      0      0      0      0      0 
     0      0      0      0      0      0      0      0      0      0      0      0      0      0      0      0      0      0      0 
     0      0      0      0      0      0      0      0      0      0      0      0      0      0      0      0      0      0      0 
0 -1 -1
     4      5      5      7      9     10     10     24     69    107    126     78     96    190    224    131     20     58     46 
  4127   4226   4202   4683   4347   4064   3915   5885   6148   6762   7265   6257   8272   9103   9731  10696  10052   7399   7309 
 17236  13361     51    149   4202   4064   4226   4347   4127   4683   6762   6148   5885   8272  10052   9103   7399   9731   7309  10696   6257   7265   3915  13449  26304      0      0  65535 
     0      0      0      0      0      0      0      0      0      0      0      0      0      0      0      0      0      0      0 
     0      0      0      0      0      0      0      0      0      0      0      0      0      0      0      0      0      0      0 
     0      0      0      0      0      0      0      0      0      0      0      0      0      0      0      0      0      0      0 
0 -1 -1
     4      5      5      8     10     10     10     28     83    129    150     93    114    230    255    156     22     67     54 
  4138   4233   4212   4711   4358   4075   3936   6182   6514   7278   7932   6783   9044  10061  10919  12047  10173   7849   7809 
 17236  13361     51    149   4212   4075   4233   4358   4138   4711   7278   6514   6182   9044  10173  10061   7849  10919   7809  12047   6783   7932   3936  13451  26304      0      0  65535 
     0      0      0      0      0      0      0      0      0      0      0      0      0      0      0      0      0      0      0 
     0      0      0      0      0      0      0      0      0      0      0      0      0      0      0      0      0      0      0 
     0      0      0      0      0      0      0      0      0      0      0      0      0      0      0      0      0      0      0 
0 -1 -1
     4      5      6      8     10     10     10     31     93    145    168    105    127    255    255    177     24     75     60 
  4142   4238   4219   4725   4361   4077   3943   6375   6772   7644   8407   7175   9595  10771  11851  13137  10262   8201   8210 
 17236  13361     51    149   4219   4077   4238   4361   4142   4725   7644   6772   6375   9595  10262  10771   8201  11851   8210  13137   7175   8407   3943  13450  26304      0      0  65535 
     0      0      0      0      0      0      0      0      0      0      0      0      0      0      0      0      0      0      0 
     0      0      0      0      0      0      0      0      0      0      0      0      0      0      0      0      0      0      0 
     0      0      0      0      0      0      0      0      0      0      0      0      0      0      0      0      0      0      0 
0 -1 -1
     4      5      6      8     10     10     10     31     94    149    173    109    129    255    255    187     24     77     62 
  4141   4239   4219   4723   4356   4074   3942   6376   6804   7732   8561   7333   9680  10953  12192  13622  10263   8305   8361 
 17236  13361     51    149   4219   4074   4239   4356   4141   4723   7732   6804   6376   9680  10263  10953   8305  12192   8361  13622   7333   8561   3942  13450  26304      0      0  65535 
     0      0      0      0      0      0      0      0      0      0      0      0      0      0      0      0      0      0      0 
     0      0      0      0      0      0      0      0      0      0      0      0      0      0      0      0      0      0      0 
     0      0      0      0      0      0      0      0      0      0      0      0      0      0      0      0      0      0      0 
0 -1 -1
     4      5      6      8     10     10     10     34    101    160    185    117    139    255    255    198     27     81     64 
  4143   4238   4220   4730   4356   4074   3946   6520   6989   7987   8870   7573  10081  11431  12749  14186  10374   8472   8507 
 17236  13361     51    149   4220   4074   4238   4356   4143   4730   7987   6989   6520  10081  10374  11431   8472  12749   8507  14186   7573   8870   3946  13451  26303      0      0  65535 
     0      0      0      0      0      0      0      0      0      0      0      0      0      0      0      0      0      0      0 
     0      0      0      0      0      0      0      0      0      0      0      0      0      0      0      0      0      0      0 
     0      0      0      0      0      0      0      0      0      0      0      0      0      0      0      0      0      0      0 
0 -1 -1
     4      5      6      8     10     10     10     36    109    172    196    123    150    255    255    206     29     84     65 
  4146   4241   4221   4740   4360   4077   3949   6681   7196   8261   9179   7804  10535  11919  13246  14616  10472   8609   8576 
 17236  13361     51    149   4221   4077   4241   4360   4146   4740   8261   7196   6681  10535  10472  11919   8609  13246   8576  14616   7804   9179   3949  13454  26304      0      0  65535 
     0      0      0      0      0      0      0      0      0      0      0      0      0      0      0      0      0      0      0 
     0      0      0      0      0      0      0      0      0      0      0      0      0      0      0      0      0      0      0 
     0      0      0      0      0      0      0      0      0      0      0      0      0      0      0      0      0      0      0 
0 -1 -1
     4      5      6      8     10     10     10     36    110    175    199    126    151    255    255    212     29     85     67 
  4147   4239   4221   4739   4358   4074   3950   6714   7242   8335   9275   7888  10587  12027  13452  14931  10481   8650   8673 
 17236  13361     51    149   4221   4074   4239   4358   4147   4739   8335   7242   6714  10587  10481  12027   8650  13452   8673  14931   7888   9275   3950  13453  26304      0      0  65535 
     0      0      0      0      0      0      0      0      0      0      0      0      0      0      0      0      0      0      0 
     0      0      0      0      0      0      0      0      0      0      0      0      0      0      0      0      0      0      0 
     0      0      0      0      0      0      0      0      0      0      0      0      0      0      0      0      0      0      0 
0 -1 -1
     4      5      6      8     10     10     10     37    113    178    202    127    155    255    255    222     30     89     71 
  4144   4239   4222   4739   4355   4071   3943   6773   7308   8418   9348   7934  10740  12273  13836  15454  10521   8829   8941 
 17236  13361     51    149   4222   4071   4239   4355   4144   4739   8418   7308   6773  10740  10521  12273   8829  13836   8941  15454   7934   9348   3943  13451  26304      0      0  65535 
     0      0      0      0      0      0      0      0      0      0      0      0      0      0      0      0      0      0      0 
     0      0      0      0      0      0      0      0      0      0      0      0      0      0      0      0      0      0      0 
     0      0      0      0      0      0      0      0      0      0      0      0      0      0      0      0      0      0      0 
0 -1 -1
     4      5      6      8     10     10     10     39    117    183    207    129    161    255    255    233     31     94     76 
  4144   4239   4220   4739   4349   4064   3938   6870   7409   8521   9467   7991  11018  12647  14318  16020  10571   9062   9230 
 17236  13361     51    149   4220   4064   4239   4349   4144   4739   8521   7409   6870  11018  10571  12647   9062  14318   9230  16020   7991   9467   3938  13450  26304      0      0  65535 
     0      0      0      0      0      0      0      0      0      0      0      0      0      0      0      0      0      0      0 
     0      0      0      0      0      0      0      0      0      0      0      0      0      0      0      0      0      0      0 
     0      0      0      0      0      0      0      0      0      0      0      0      0      0      0      0      0      0      0 
0 -1 -1
     4      5      6      8      9     10     10     41    123    190    211    130    171    255    255    242     33     99     79 
  4143   4239   4221   4742   4345   4059   3930   7015   7564   8682   9590   8032  11411  13094  14799  16494  10670   9297   9475 
 17236  13361     51    149   4221   4059   4239   4345   4143   4742   8682   7564   7015  11411  10670  13094   9297  14799   9475  16494   8032   9590   3930  13452  26305      0      0  65535 
     0      0      0      0      0      0      0      0      0      0      0      0      0      0      0      0      0      0      0 
     0      0      0      0      0      0      0      0      0      0      0      0      0      0      0      0      0      0      0 
     0      0      0      0      0      0      0      0      0      0      0      0      0      0      0      0      0      0      0 
0 -1 -1
     4      5      6      9      9      9     10     43    129    197    216    132    179    255    255    251     35    103     83 
  4145   4240   4219   4751   4345   4056   3927   7161   7720   8842   9732   8096  11778  13514  15266  16966  10760   9499   9699 
 17236  13361     51    149   4219   4056   4240   4345   4145   4751   8842   7720   7161  11778  10760  13514   9499  15266   9699  16966   8096   9732   3927  13451  26304      0      0  65535 
     0      0      0      0      0      0      0      0      0      0      0      0      0      0      0      0      0      0      0 
     0      0      0      0      0      0      0      0      0      0      0      0      0      0      0      0      0      0      0 
     0      0      0      0      0      0      0      0      0      0      0      0      0      0      0      0      0      0      0 
0 -1 -1
     4      5      6      9      9      9     10     46    137    206    223    135    191    255    255    255     38    109     87 
  4149   4241   4222   4758   4344   4055   3922   7355   7933   9062   9924   8192  12278  14068  15841  17509  10877   9750   9949 
 17236  13361     51    149   4222   4055   4241   4344   4149   4758   9062   7933   7355  12278  10877  14068   9750  15841   9949  17509   8192   9924   3922  13450  26304      0      0  65535 
     0      0      0      0      0      0      0      0      0      0      0      0      0      0      0      0      0      0      0 
     0      0      0      0      0      0      0      0      0      0      0      0      0      0      0      0      0      0      0 
     0      0      0      0      0      0      0      0      0      0      0      0      0      0      0      0      0      0      0 
0 -1 -1
     4      5      6      9      9      9     10     49    144    214    229    136    201    255    255    255     40    113     90 
  4152   4242   4222   4768   4344   4053   3921   7532   8121   9246  10070   8244  12695  14511  16298  17927  10975   9938  10149 
 17236  13361     51    149   4222   4053   4242   4344   4152   4768   9246   8121   7532  12695  10975  14511   9938  16298  10149  17927   8244  10070   3921  13450  26306      0      0  65535 
     0      0      0      0      0      0      0      0      0      0      0      0      0      0      0      0      0      0      0 
     0      0      0      0      0      0      0      0      0      0      0      0      0      0      0      0      0      0      0 
     0      0      0      0      0      0      0      0      0      0      0      0      0      0      0      0      0      0      0 
0 -1 -1
     4      5      6      9      9      9     10     51    151    223    236    140    211    255    255    255     42    117     94 
  4156   4245   4224   4777   4342   4050   3920   7699   8308   9452  10268   8379  13097  14980  16851  18543  11080  10151  10406 
 17236  13361     51    149   4224   4050   4245   4342   4156   4777   9452   8308   7699  13097  11080  14980  10151  16851  10406  18543   8379  10268   3920  13451  26305      0      0  65535 
     0      0      0      0      0      0      0      0      0      0      0      0      0      0      0      0      0      0      0 
     0      0      0      0      0      0      0      0      0      0      0      0      0      0      0      0      0      0      0 
     0      0      0      0      0      0      0      0      0      0      0      0      0      0      0      0      0      0      0 
0 -1 -1
     4      5      6      9      9      9     10     52    155    229    243    145    216    255    255    255     43    121     98 
  4158   4245   4228   4781   4339   4048   3920   7775   8412   9596  10454   8556  13297  15303  17372  19265  11126  10340  10701 
 17236  13361     51    149   4228   4048   4245   4339   4158   4781   9596   8412   7775  13297  11126  15303  10340  17372  10701  19265   8556  10454   3920  13451  26304      0      0  65535 
     0      0      0      0      0      0      0      0      0      0      0      0      0      0      0      0      0      0      0 
     0      0      0      0      0      0      0      0      0      0      0      0      0      0      0      0      0      0      0 
     0      0      0      0      0      0      0      0      0      0      0      0      0      0      0      0      0      0      0 
0 -1 -1
     4      5      6      9      9      9     10     54    158    233    246    147    221    255    255    255     45    124     99 
  4158   4244   4227   4785   4339   4046   3916   7862   8509   9695  10532   8603  13520  15543  17627  19501  11186  10435  10789 
 17236  13361     51    149   4227   4046   4244   4339   4158   4785   9695   8509   7862  13520  11186  15543  10435  17627  10789  19501   8603  10532   3916  13451  26304      0      0  65535 
     0      0      0      0      0      0      0      0      0      0      0      0      0      0      0      0      0      0      0 
     0      0      0      0      0      0      0      0      0      0      0      0      0      0      0      0      0      0      0 
     0      0      0      0      0      0      0      0      0      0      0      0      0      0      0      0      0      0      0 
0 -1 -1
     4      5      6      9      9      9     10     55    162    236    247    147    226    255    255    255     46    124     99 
  4159   4245   4227   4788   4339   4046   3917   7957   8603   9770  10578   8592  13721  15696  17707  19465  11234  10437  10744 
 17236  13361     51    149   4227   4046   4245   4339   4159   4788   9770   8603   7957  13721  11234  15696  10437  17707  10744  19465   8592  10578   3917  13451  26304      0      0  65535 
     0      0      0      0      0      0      0      0      0      0      0      0      0      0      0      0      0      0      0 
     0      0      0      0      0      0      0      0      0      0      0      0      0      0      0      0      0      0      0 
     0      0      0      0      0      0      0      0      0      0      0      0      0      0      0      0      0      0      0 
0 -1 -1
     4      5      6      9      9      9     10     56    165    241    252    150    228    255    255    255     46    123     99 
  4161   4245   4228   4792   4339   4046   3918   8011   8682   9877  10693   8709  13819  15806  17853  19652  11242  10429  10739 
 17236  13361     51    149   4228   4046   4245   4339   4161   4792   9877   8682   8011  13819  11242  15806  10429  17853  10739  19652   8709  10693   3918  13451  26304      0      0  65535 
     0      0      0      0      0      0      0      0      0      0      0      0      0      0      0      0      0      0      0 
     0      0      0      0      0      0      0      0      0      0      0      0      0      0      0      0      0      0      0 
     0      0      0      0      0      0      0      0      0      0      0      0      0      0      0      0      0      0      0 
0 -1 -1
     4      5      6      9      9      9     10     55    165    243    255    156    225    255    255    255     45    123    100 
  4160   4244   4229   4790   4341   4048   3922   7967   8671   9923  10830   8897  13682  15772  17994  20028  11203  10403  10793 
 17236  13361     51    149   4229   4048   4244   4341   4160   4790   9923   8671   7967  13682  11203  15772  10403  17994  10793  20028   8897  10830   3922  13452  26304      0      0  65535 
     0      0      0      0      0      0      0      0      0      0      0      0      0      0      0      0      0      0      0 
     0      0      0      0      0      0      0      0      0      0      0      0      0      0      0      0      0      0      0 
     0      0      0      0      0      0      0      0      0      0      0      0      0      0      0      0      0      0      0 
0 -1 -1
     4      5      6      9      9      9     10     54    164    245    255    162    221    255    255    255     44    122    100 
  4161   4245   4228   4789   4342   4051   3926   7920   8666   9982  10980   9102  13531  15727  18128  20388  11167  10353  10820 
 17236  13361     51    149   4228   4051   4245   4342   4161   4789   9982   8666   7920  13531  11167  15727  10353  18128  10820  20388   9102  10980   3926  13452  26304      0      0  65535 
     0      0      0      0      0      0      0      0      0      0      0      0      0      0      0      0      0      0      0 
     0      0      0      0      0      0      0      0      0      0      0      0      0      0      0      0      0      0      0 
     0      0      0      0      0      0      0      0      0      0      0      0      0      0      0      0      0      0      0 
0 -1 -1
     4      5      6      9      9      9     10     55    166    250    255    166    221    255    255    255     44    121     99 
  4162   4246   4232   4791   4342   4050   3930   7935   8715  10079  11131   9269  13526  15775  18253  20609  11164  10309  10788 
 17236  13361     51    149   4232   4050   4246   4342   4162   4791  10079   8715   7935  13526  11164  15775  10309  18253  10788  20609   9269  11131   3930  13448  26304      0      0  65535 
     0      0      0      0      0      0      0      0      0      0      0      0      0      0      0      0      0      0      0 
     0      0      0      0      0      0      0      0      0      0      0      0      0      0      0      0      0      0      0 
     0      0      0      0      0      0      0      0      0      0      0      0      0      0      0      0      0      0      0 
0 -1 -1
     4      5      6      9      9      9     10     56    170    255    255    173    222    255    255    255     44    120     99 
  4163   4248   4233   4795   4344   4055   3937   7995   8816  10235  11350   9503  13580  15886  18462  20946  11164  10257  10764 
 17236  13361     51    149   4233   4055   4248   4344   4163   4795  10235   8816   7995  13580  11164  15886  10257  18462  10764  20946   9503  11350   3937  13446  26304      0      0  65535 
     0      0      0      0      0      0      0      0      0      0      0      0      0      0      0      0      0      0      0 
     0      0      0      0      0      0      0      0      0      0      0      0      0      0      0      0      0      0      0 
     0      0      0      0      0      0      0      0      0      0      0      0      0      0      0      0      0      0      0 
0 -1 -1
     4      5      6      9      9      9     10     55    170    255    255    178    219    255    255    255     43    119     99 
  4164   4250   4235   4793   4345   4056   3941   7967   8825  10297  11468   9668  13441  15836  18570  21256  11122  10202  10785 
 17236  13361     51    149   4235   4056   4250   4345   4164   4793  10297   8825   7967  13441  11122  15836  10202  18570  10785  21256   9668  11468   3941  13446  26304      0      0  65535 
     0      0      0      0      0      0      0      0      0      0      0      0      0      0      0      0      0      0      0 
     0      0      0      0      0      0      0      0      0      0      0      0      0      0      0      0      0      0      0 
     0      0      0      0      0      0      0      0      0      0      0      0      0      0      0      0      0      0      0 
0 -1 -1
     4      5      6      9      9      9     10     53    166    255    255    178    214    255    255    255     42    117     98 
  4163   4249   4235   4790   4344   4056   3940   7854   8721  10217  11409   9657  13223  15641  18412  21159  11074  10127  10722 
 17236  13361     51    149   4235   4056   4249   4344   4163   4790  10217   8721   7854  13223  11074  15641  10127  18412  10722  21159   9657  11409   3940  13449  26304      0      0  65535 
     0      0      0      0      0      0      0      0      0      0      0      0      0      0      0      0      0      0      0 
     0      0      0      0      0      0      0      0      0      0      0      0      0      0      0      0      0      0      0 
     0      0      0      0      0      0      0      0      0      0      0      0      0      0      0      0      0      0      0 
0 -1 -1
     4      5      6      9      9      9     10     53    164    253    255    177    211    255    255    255     42    115     97 
  4161   4249   4235   4787   4344   4056   3938   7804   8669  10161  11351   9616  13101  15503  18250  20983  11056  10045  10627 
 17236  13361     51    149   4235   4056   4249   4344   4161   4787  10161   8669   7804  13101  11056  15503  10045  18250  10627  20983   9616  11351   3938  13449  26303      0      0  65535 
     0      0      0      0      0      0      0      0      0      0      0      0      0      0      0      0      0      0      0 
     0      0      0      0      0      0      0      0      0      0      0      0      0      0      0      0      0      0      0 
     0      0      0      0      0      0      0      0      0      0      0      0      0      0      0      0      0      0      0 
0 -1 -1
     4      5      6      9      9      9     10     52    161    249    255    174    208    255    255    255     41    114     96 
  4160   4247   4235   4784   4343   4054   3937   7735   8591  10069  11249   9531  12979  15360  18078  20775  11007   9998  10561 
 17236  13361     51    149   4235   4054   4247   4343   4160   4784  10069   8591   7735  12979  11007  15360   9998  18078  10561  20775   9531  11249   3937  13448  26303      0      0  65535 
     0      0      0      0      0      0      0      0      0      0      0      0      0      0      0      0      0      0      0 
     0      0      0      0      0      0      0      0      0      0      0      0      0      0      0      0      0      0      0 
     0      0      0      0      0      0      0      0      0      0      0      0      0      0      0      0      0      0      0 
0 -1 -1
     4      5      6      9      9      9     10     51    159    246    255    172    206    255    255    255     40    113     95 
  4159   4247   4233   4780   4341   4053   3934   7680   8526   9992  11167   9465  12876  15242  17951  20655  10980   9962  10528 
 17236  13361     51    149   4233   4053   4247   4341   4159   4780   9992   8526   7680  12876  10980  15242   9962  17951  10528  20655   9465  11167   3934  13448  26304      0      0  65535 
     0      0      0      0      0      0      0      0      0      0      0      0      0      0      0      0      0      0      0 
     0      0      0      0      0      0      0      0      0      0      0      0      0      0      0      0      0      0      0 
     0      0      0      0      0      0      0      0      0      0      0      0      0      0      0      0      0      0      0 
0 -1 -1
     4      5      6      9      9      9     10     50    156    243    255    173    201    255    255    255     39    111     94 
  4160   4246   4232   4778   4341   4054   3936   7596   8452   9936  11160   9501  12664  15037  17776  20544  10928   9848  10420 
 17236  13361     51    149   4232   4054   4246   4341   4160   4778   9936   8452   7596  12664  10928  15037   9848  17776  10420  20544   9501  11160   3936  13450  26304      0      0  65535 
     0      0      0      0      0      0      0      0      0      0      0      0      0      0      0      0      0      0      0 
     0      0      0      0      0      0      0      0      0      0      0      0      0      0      0      0      0      0      0 
     0      0      0      0      0      0      0      0      0      0      0      0      0      0      0      0      0      0      0 
0 -1 -1
     4      5      6      9      9      9     10     49    156    244    255    174    198    255    255    255     38    109     93 
  4161   4247   4233   4779   4343   4056   3936   7585   8447   9947  11177   9528  12559  14942  17708  20523  10902   9769  10358 
 17236  13361     51    149   4233   4056   4247   4343   4161   4779   9947   8447   7585  12559  10902  14942   9769  17708  10358  20523   9528  11177   3936  13449  26304      0      1  65535 
     0      0      0      0      0      0      0      0      0      0      0      0      0      0      0      0      0      0      0 
     0      0      0      0      0      0      0      0      0      0      0      0      0      0      0      0      0      0      0 
     0      0      0      0      0      0      0      0      0      0      0      0      0      0      0      0      0      0      0 
0 -1 -1
     4      5      6      9      9      9     10     49    154    241    255    171    197    255    255    255     38    109     93 
  4159   4246   4233   4776   4342   4054   3933   7557   8404   9879  11070   9415  12514  14871  17596  20360  10900   9757  10339 
 17236  13361     51    149   4233   4054   4246   4342   4159   4776   9879   8404   7557  12514  10900  14871   9757  17596  10339  20360   9415  11070   3933  13449  26304      0      0  65535 
     0      0      0      0      0      0      0      0      0      0      0      0      0      0      0      0      0      0      0 
     0      0      0      0      0      0      0      0      0      0      0      0      0      0      0      0      0      0      0 
     0      0      0      0      0      0      0      0      0      0      0      0      0      0      0      0      0      0      0 
0 -1 -1
     4      5      6      9      9      9     10     48    152    237    255    169    195    255    255    255     38    108     92 
  4158   4246   4231   4772   4341   4051   3930   7491   8328   9791  10989   9358  12415  14755  17460  20206  10872   9725  10293 
 17236  13361     51    149   4231   4051   4246   4341   4158   4772   9791   8328   7491  12415  10872  14755   9725  17460  10293  20206   9358  10989   3930  13452  26303      0      0  65535 
     0      0      0      0      0      0      0      0      0      0      0      0      0      0      0      0      0      0      0 
     0      0      0      0      0      0      0      0      0      0      0      0      0      0      0      0      0      0      0 
     0      0      0      0      0      0      0      0      0      0      0      0      0      0      0      0      0      0      0 
0 -1 -1
     4      5      6      9      9      9     10     47    150    235    255    169    191    255    255    255     37    106     90 
  4155   4246   4231   4769   4340   4052   3931   7438   8280   9748  10951   9340  12273  14596  17282  20017  10833   9624  10182 
 17236  13361     51    149   4231   4052   4246   4340   4155   4769   9748   8280   7438  12273  10833  14596   9624  17282  10182  20017   9340  10951   3931  13453  26303      0      0  65535 
     0      0      0      0      0      0      0      0      0      0      0      0      0      0      0      0      0      0      0 
     0      0      0      0      0      0      0      0      0      0      0      0      0      0      0      0      0      0      0 
     0      0      0      0      0      0      0      0      0      0      0      0      0      0      0      0      0      0      0 
0 -1 -1
     4      5      6      9      9      9     10     47    150    234    255    166    191    255    255    255     37    105     89 
  4156   4244   4229   4772   4341   4053   3930   7446   8278   9726  10899   9269  12272  14554  17173  19813  10836   9581  10107 
 17236  13361     51    149   4229   4053   4244   4341   4156   4772   9726   8278   7446  12272  10836  14554   9581  17173  10107  19813   9269  10899   3930  13453  26303      0      0  65535 
     0      0      0      0      0      0      0      0      0      0      0      0      0      0      0      0      0      0      0 
     0      0      0      0      0      0      0      0      0      0      0      0      0      0      0      0      0      0      0 
     0      0      0      0      0      0      0      0      0      0      0      0      0      0      0      0      0      0      0 
0 -1 -1
     4      5      6      9      9      9     10     47    149    233    255    165    190    255    255    255     37    104     88 
  4155   4245   4228   4770   4341   4052   3930   7435   8261   9696  10856   9222  12237  14492  17078  19688  10826   9545  10057 
 17236  13361     51    149   4228   4052   4245   4341   4155   4770   9696   8261   7435  12237  10826  14492   9545  17078  10057  19688   9222  10856   3930  13453  26304      0      0  65535 
     0      0      0      0      0      0      0      0      0      0      0      0      0      0      0      0      0      0      0 
     0      0      0      0      0      0      0      0      0      0      0      0      0      0      0      0      0      0      0 
     0      0      0      0      0      0      0      0      0      0      0      0      0      0      0      0      0      0      0 
0 -1 -1
     4      5      6      9      9      9     10     46    146    231    255    166    186    255    255    255     36    103     88 
  4155   4242   4228   4766   4341   4053   3930   7362   8188   9638  10824   9238  12053  14329  16976  19695  10775   9485  10039 
 17236  13361     51    149   4228   4053   4242   4341   4155   4766   9638   8188   7362  12053  10775  14329   9485  16976  10039  19695   9238  10824   3930  13453  26305      0      0  65535 
     0      0      0      0      0      0      0      0      0      0      0      0      0      0      0      0      0      0      0 
     0      0      0      0      0      0      0      0      0      0      0      0      0      0      0      0      0      0      0 
     0      0      0      0      0      0      0      0      0      0      0      0      0      0      0      0      0      0      0 
0 -1 -1
     4      5      6      9      9      9     10     45    143    227    255    165    181    255    255    255     35    102     87 
  4153   4244   4227   4762   4339   4052   3929   7274   8100   9560  10772   9230  11863  14151  16842  19640  10727   9424  10005 
 17236  13361     51    149   4227   4052   4244   4339   4153   4762   9560   8100   7274  11863  10727  14151   9424  16842  10005  19640   9230  10772   3929  13453  26305      0      0  65535 
     0      0      0      0      0      0      0      0      0      0      0      0      0      0      0      0      0      0      0 
     0      0      0      0      0      0      0      0      0      0      0      0      0      0      0      0      0      0      0 
     0      0      0      0      0      0      0      0      0      0      0      0      0      0      0      0      0      0      0 
0 -1 -1
     4      5      6      9      9      9     10     44    140    224    253    166    177    255    255    255     34    101     87 
  4153   4243   4227   4757   4337   4051   3929   7188   8012   9482  10737   9249  11680  13987  16746  19664  10683   9382   9999 
 17236  13361     51    149   4227   4051   4243   4337   4153   4757   9482   8012   7188  11680  10683  13987   9382  16746   9999  19664   9249  10737   3929  13453  26304      0      0  65535 
     0      0      0      0      0      0      0      0      0      0      0      0      0      0      0      0      0      0      0 
     0      0      0      0      0      0      0      0      0      0      0      0      0      0      0      0      0      0      0 
     0      0      0      0      0      0      0      0      0      0      0      0      0      0      0      0      0      0      0 
0 -1 -1
     4      5      6      9      9      9     10     43    138    223    254    167    174    255    255    255     33    100     87 
  4151   4242   4227   4756   4338   4051   3928   7138   7964   9453  10755   9302  11569  13900  16721  19742  10661   9352  10000 
 17236  13361     51    149   4227   4051   4242   4338   4151   4756   9453   7964   7138  11569  10661  13900   9352  16721  10000  19742   9302  10755   3928  13452  26304      0      0  65535 
     0      0      0      0      0      0      0      0      0      0      0      0      0      0      0      0      0      0      0 
     0      0      0      0      0      0      0      0      0      0      0      0      0      0      0      0      0      0      0 
     0      0      0      0      0      0      0      0      0      0      0      0      0      0      0      0      0      0      0 
0 -1 -1
     4      5      6      9      9      9     10     42    137    222    253    167    173    255    255    255     33    100     87 
  4151   4243   4228   4755   4337   4049   3927   7119   7945   9435  10737   9292  11518  13849  16677  19701  10655   9327   9977 
 17236  13361     51    149   4228   4049   4243   4337   4151   4755   9435   7945   7119  11518  10655  13849   9327  16677   9977  19701   9292  10737   3927  13451  26304      0      0  65535 
     0      0      0      0      0      0      0      0      0      0      0      0      0      0      0      0      0      0      0 
     0      0      0      0      0      0      0      0      0      0      0      0      0      0      0      0      0      0      0 
     0      0      0      0      0      0      0      0      0      0      0      0      0      0      0      0      0      0      0 
0 -1 -1
     4      5      6      9      9      9     10     42    135    220    252    167    170    255    255    255     32     99     87 
  4151   4242   4227   4750   4337   4048   3927   7057   7885   9381  10695   9286  11400  13733  16584  19660  10618   9290   9956 
 17236  13361     51    149   4227   4048   4242   4337   4151   4750   9381   7885   7057  11400  10618  13733   9290  16584   9956  19660   9286  10695   3927  13451  26303      0      0  65535 
     0      0      0      0      0      0      0      0      0      0      0      0      0      0      0      0      0      0      0 
     0      0      0      0      0      0      0      0      0      0      0      0      0      0      0      0      0      0      0 
     0      0      0      0      0      0      0      0      0      0      0      0      0      0      0      0      0      0      0 
0 -1 -1
     4      5      6      9      9      9     10     41    132    216    248    165    167    255    255    255     31     98     86 
  4149   4241   4226   4749   4335   4046   3926   6989   7804   9294  10604   9225  11253  13580  16442  19549  10571   9252   9934 
 17236  13361     51    149   4226   4046   4241   4335   4149   4749   9294   7804   6989  11253  10571  13580   9252  16442   9934  19549   9225  10604   3926  13451  26304      0      0  65535 
     0      0      0      0      0      0      0      0      0      0      0      0      0      0      0      0      0      0      0 
     0      0      0      0      0      0      0      0      0      0      0      0      0      0      0      0      0      0      0 
     0      0      0      0      0      0      0      0      0      0      0      0      0      0      0      0      0      0      0 
0 -1 -1
     4      5      6      8      9      9     10     40    128    210    240    158    165    255    255    255     31     97     85 
  4146   4241   4222   4742   4333   4046   3919   6922   7707   9150  10387   8994  11169  13424  16168  19093  10559   9211   9842 
 17236  13361     51    149   4222   4046   4241   4333   4146   4742   9150   7707   6922  11169  10559  13424   9211  16168   9842  19093   8994  10387   3919  13451  26304      0      0  65535 
     0      0      0      0      0      0      0      0      0      0      0      0      0      0      0      0      0      0      0 
     0      0      0      0      0      0      0      0      0      0      0      0      0      0      0      0      0      0      0 
     0      0      0      0      0      0      0      0      0      0      0      0      0      0      0      0      0      0      0 
0 -1 -1
     4      5      6      8      9      9      9     39    125    201    226    144    166    255    255    255     31     96     82 
  4145   4238   4219   4740   4330   4041   3910   6904   7627   8951  10000   8510  11206  13281  15696  18143  10577   9159   9635 
 17236  13361     51    149   4219   4041   4238   4330   4145   4740   8951   7627   6904  11206  10577  13281   9159  15696   9635  18143   8510  10000   3910  13451  26305      0      0  65535 
     0      0      0      0      0      0      0      0      0      0      0      0      0      0      0      0      0      0      0 
     0      0      0      0      0      0      0      0      0      0      0      0      0      0      0      0      0      0      0 
     0      0      0      0      0      0      0      0      0      0      0      0      0      0      0      0      0      0      0 
0 -1 -1
     4      5      6      8      9      9      9     38    119    188    207    126    164    255    255    250     31     93     77 
  4142   4236   4216   4735   4329   4037   3896   6844   7480   8648   9467   7900  11132  12957  14966  16897  10557   9028   9333 
 17236  13361     51    149   4216   4037   4236   4329   4142   4735   8648   7480   6844  11132  10557  12957   9028  14966   9333  16897   7900   9467   3896  13451  26305      0      0  65535 
     0      0      0      0      0      0      0      0      0      0      0      0      0      0      0      0      0      0      0 
     0      0      0      0      0      0      0      0      0      0      0      0      0      0      0      0      0      0      0 
     0      0      0      0      0      0      0      0      0      0      0      0      0      0      0      0      0      0      0 
0 -1 -1
     4      5      5      8      9      9      9     37    113    175    190    113    160    255    255    230     30     90     73 
  4138   4235   4212   4727   4327   4035   3886   6745   7309   8350   9012   7438  10960  12583  14288  15887  10504   8887   9065 
 17236  13361     51    149   4212   4035   4235   4327   4138   4727   8350   7309   6745  10960  10504  12583   8887  14288   9065  15887   7438   9012   3886  13449  26305      0      0  65535 
     0      0      0      0      0      0      0      0      0      0      0      0      0      0      0      0      0      0      0 
     0      0      0      0      0      0      0      0      0      0      0      0      0      0      0      0      0      0      0 
     0      0      0      0      0      0      0      0      0      0      0      0      0      0      0      0      0      0      0 
0 -1 -1
     4      5      5      8      9      9      9     35    108    167    181    107    154    255    255    217     28     86     69 
  4138   4233   4209   4721   4327   4032   3884   6641   7168   8145   8785   7243  10704  12219  13764  15215  10448   8688   8790 
 17236  13361     51    149   4209   4032   4233   4327   4138   4721   8145   7168   6641  10704  10448  12219   8688  13764   8790  15215   7243   8785   3884  13445  26305      0      0  65535 
     0      0      0      0      0      0      0      0      0      0      0      0      0      0      0      0      0      0      0 
     0      0      0      0      0      0      0      0      0      0      0      0      0      0      0      0      0      0      0 
     0      0      0      0      0      0      0      0      0      0      0      0      0      0      0      0      0      0      0 
0 -1 -1
     4      5      5      8      9      9      9     35    106    165    179    106    151    255    255    207     28     81     64 
  4139   4235   4210   4723   4332   4037   3888   6602   7134   8097   8727   7220  10579  11983  13368  14671  10421   8469   8465 
 17236  13361     51    149   4210   4037   4235   4332   4139   4723   8097   7134   6602  10579  10421  11983   8469  13368   8465  14671   7220   8727   3888  13446  26304      0      0  65535 
     0      0      0      0      0      0      0      0      0      0      0      0      0      0      0      0      0      0      0 
     0      0      0      0      0      0      0      0      0      0      0      0      0      0      0      0      0      0      0 
     0      0      0      0      0      0      0      0      0      0      0      0      0      0      0      0      0      0      0 
0 -1 -1
     4      5      5      8      9      9      9     33    102    160    177    106    144    255    255    199     27     76     60 
  4141   4238   4212   4720   4333   4040   3893   6482   7017   7987   8651   7224  10305  11649  12967  14248  10369   8257   8205 
 17236  13361     51    149   4212   4040   4238   4333   4141   4720   7987   7017   6482  10305  10369  11649   8257  12967   8205  14248   7224   8651   3893  13444  26303      0      0  65535 
     0      0      0      0      0      0      0      0      0      0      0      0      0      0      0      0      0      0      0 
     0      0      0      0      0      0      0      0      0      0      0      0      0      0      0      0      0      0      0 
     0      0      0      0      0      0      0      0      0      0      0      0      0      0      0      0      0      0      0 
0 -1 -1
     4      5      5      8      9      9      9     30     94    150    168    102    133    255    255    190     24     72     57 
  4140   4237   4212   4712   4333   4041   3889   6302   6810   7760   8415   7083   9841  11149  12453  13784  10259   8046   8012 
 17236  13361     51    149   4212   4041   4237   4333   4140   4712   7760   6810   6302   9841  10259  11149   8046  12453   8012  13784   7083   8415   3889  13445  26303      0      1  65535 
     0      0      0      0      0      0      0      0      0      0      0      0      0      0      0      0      0      0      0 
     0      0      0      0      0      0      0      0      0      0      0      0      0      0      0      0      0      0      0 
     0      0      0      0      0      0      0      0      0      0      0      0      0      0      0      0      0      0      0 
0 -1 -1
     4      5      5      8      9      9      9     28     85    138    155     95    122    254    255    179     22     67     54 
  4135   4236   4210   4701   4327   4038   3885   6117   6580   7470   8076   6826   9371  10624  11881  13205  10150   7852   7826 
 17236  13361     51    149   4210   4038   4236   4327   4135   4701   7470   6580   6117   9371  10150  10624   7852  11881   7826  13205   6826   8076   3885  13446  26305      0      0  65535 
     0      0      0      0      0      0      0      0      0      0      0      0      0      0      0      0      0      0      0 
     0      0      0      0      0      0      0      0      0      0      0      0      0      0      0      0      0      0      0 
     0      0      0      0      0      0      0      0      0      0      0      0      0      0      0      0      0      0      0 
0 -1 -1
     4      5      5      7      9      8      8     24     74    119    134     79    107    221    255    156     19     60     48 
  4132   4233   4205   4684   4323   4030   3869   5902   6272   7024   7489   6310   8749   9839  10885  12029  10018   7513   7436 
 17236  13361     51    150   4205   4030   4233   4323   4132   4684   7024   6272   5902   8749  10018   9839   7513  10885   7436  12029   6310   7489   3869  13447  26305      0      0  65535 
     0      0      0      0      0      0      0      0      0      0      0      0      0      0      0      0      0      0      0 
     0      0      0      0      0      0      0      0      0      0      0      0      0      0      0      0      0      0      0 
     0      0      0      0      0      0      0      0      0      0      0      0      0      0      0      0      0      0      0 
0 -1 -1
     3      5      5      7      8      8      8     22     65    103    115     66     96    193    234    135     17     53     42 
  4125   4231   4201   4672   4315   4024   3853   5750   6040   6656   6975   5871   8266   9179   9985  10927   9911   7205   7058 
 17236  13361     51    149   4201   4024   4231   4315   4125   4672   6656   6040   5750   8266   9911   9179   7205   9985   7058  10927   5871   6975   3853  13448  26305      0      0  65535 
     0      0      0      0      0      0      0      0      0      0      0      0      0      0      0      0      0      0      0 
     0      0      0      0      0      0      0      0      0      0      0      0      0      0      0      0      0      0      0 
     0      0      0      0      0      0      0      0      0      0      0      0      0      0      0      0      0      0      0 
0 -1 -1
     3      4      5      7      8      8      7     18     52     81     89     50     78    153    183    105     13     43     34 
  4119   4223   4193   4651   4304   4011   3827   5498   5694   6145   6260   5327   7529   8202   8698   9393   9753   6743   6502 
 17236  13361     51    149   4193   4011   4223   4304   4119   4651   6145   5694   5498   7529   9753   8202   6743   8698   6502   9393   5327   6260   3827  13448  26305      0      0  65535 
     0      0      0      0      0      0      0      0      0      0      0      0      0      0      0      0      0      0      0 
     0      0      0      0      0      0      0      0      0      0      0      0      0      0      0      0      0      0      0 
     0      0      0      0      0      0      0      0      0      0      0      0      0      0      0      0      0      0      0 
0 -1 -1
     3      4      5      6      7      7      7     15     39     60     65     37     59    112    133     78      9     33     26 
  4108   4217   4184   4621   4288   3996   3803   5253   5363   5647   5625   4867   6739   7227   7460   7986   9587   6278   5999 
 17236  13361     51    149   4184   3996   4217   4288   4108   4621   5647   5363   5253   6739   9587   7227   6278   7460   5999   7986   4867   5625   3803  13448  26305      1      0  65535 
     0      0      0      0      0      0      0      0      0      0      0      0      0      0      0      0      0      0      0 
     0      0      0      0      0      0      0      0      0      0      0      0      0      0      0      0      0      0      0 
     0      0      0      0      0      0      0      0      0      0      0      0      0      0      0      0      0      0      0 
0 -1 -1
