     0    100     99    124    255    188     13    139    255     19      0      0      8      0      0      0      0      0      0 
  2872   7340   7615  10104  11198   7850   3097  12435  10250   3605   2743   2623   3388   3380   2959   2814   9764   3538   3171 
 17236  13361     51    146   7615   7850   7340  11198   2872  10104   3605  10250  12435   3388   9764   3380   3538   2959   3171   2814   2623   2743   3097  13379  26304      0      0  65535 
     0      0      0      0      0      0      0      0      0      0      0      0      0      0      0      0      0      0      0 
     0      0      0      0      0      0      0      0      0      0      0      0      0      0      0      0      0      0      0 
     0      0      0      0      0      0      0      0      0      0      0      0      0      0      0      0      0      0      0 
0 -1 -1
     0    117    127    135    255    234     22    149    255     32      0      0     12      0      0      0      0      0      0 
  2872   8050   8935  10677  12575   9075   3476  13147  11211   3912   2738   2620   3571   3372   2949   2809   9766   3536   3169 
 17236  13361     51    145   8935   9075   8050  12575   2872  10677   3912  11211  13147   3571   9766   3372   3536   2949   3169   2809   2620   2738   3476  13380  26304      0      0  65535 
     0      0      0      0      0      0      0      0      0      0      0      0      0      0      0      0      0      0      0 
     0      0      0      0      0      0      0      0      0      0      0      0      0      0      0      0      0      0      0 
     0      0      0      0      0      0      0      0      0      0      0      0      0      0      0      0      0      0      0 
0 -1 -1
     0    131    154    145    255    255     31    161    255     45      0      0     16      0      0      0      4      0      0 
  2875   8694  10227  11242  13913  10260   3852  13945  12149   4218   2733   2617   3754   3365   2939   2803  10010   3529   3166 
 17236  13361     51    145  10227  10260   8694  13913   2875  11242   4218  12149  13945   3754  10010   3365   3529   2939   3166   2803   2617   2733   3852  13381  26304      0      0  65535 
     0      0      0      0      0      0      0      0      0      0      0      0      0      0      0      0      0      0      0 
     0      0      0      0      0      0      0      0      0      0      0      0      0      0      0      0      0      0      0 
     0      0      0      0      0      0      0      0      0      0      0      0      0      0      0      0      0      0      0 
0 -1 -1
     0    141    169    159    255    255     34    182    255     55      0      0     22      0      0      0     10      0      0 
  2878   9123  10889  12036  15092  10969   4000  15339  13143   4443   2729   2614   3982   3357   2931   2802  10244   3527   3162 
 17236  13361     51    144  10889  10969   9123  15092   2878  12036   4443  13143  15339   3982  10244   3357   3527   2931   3162   2802   2614   2729   4000  13380  26304      0      0  65535 
     0      0      0      0      0      0      0      0      0      0      0      0      0      0      0      0      0      0      0 
     0      0      0      0      0      0      0      0      0      0      0      0      0      0      0      0      0      0      0 
     0      0      0      0      0      0      0      0      0      0      0      0      0      0      0      0      0      0      0 
0 -1 -1
     0    145    170    171    255    255     35    200    255     58      0      0     24      0      0      0      8      0      0 
  2880   9271  10971  12719  15774  11133   4020  16536  13754   4523   2729   2615   4089   3351   2925   2801  10183   3522   3162 
 17236  13361     51    144  10971  11133   9271  15774   2880  12719   4523  13754  16536   4089  10183   3351   3522   2925   3162   2801   2615   2729   4020  13382  26304      0      0  65535 
     0      0      0      0      0      0      0      0      0      0      0      0      0      0      0      0      0      0      0 
     0      0      0      0      0      0      0      0      0      0      0      0      0      0      0      0      0      0      0 
     0      0      0      0      0      0      0      0      0      0      0      0      0      0      0      0      0      0      0 
0 -1 -1
     0    151    182    177    255    255     40    207    255     65      0      0     27      0      0      0      3      0      0 
  2880   9535  11529  13059  16499  11647   4271  17017  14243   4686   2728   2613   4180   3349   2919   2796   9969   3521   3161 
 17236  13361     51    144  11529  11647   9535  16499   2880  13059   4686  14243  17017   4180   9969   3349   3521   2919   3161   2796   2613   2728   4271  13382  26304      0      0  65535 
     0      0      0      0      0      0      0      0      0      0      0      0      0      0      0      0      0      0      0 
     0      0      0      0      0      0      0      0      0      0      0      0      0      0      0      0      0      0      0 
     0      0      0      0      0      0      0      0      0      0      0      0      0      0      0      0      0      0      0 
0 -1 -1
     0    159    203    180    255    255     47    208    255     75      0      0     29      0      0      0      5      0      0 
  2879   9881  12484  13173  17310  12501   4577  17109  14715   4906   2726   2609   4275   3346   2915   2795  10032   3519   3158 
 17236  13361     51    143  12484  12501   9881  17310   2879  13173   4906  14715  17109   4275  10032   3346   3519   2915   3158   2795   2609   2726   4577  13382  26304      0      0  65535 
     0      0      0      0      0      0      0      0      0      0      0      0      0      0      0      0      0      0      0 
     0      0      0      0      0      0      0      0      0      0      0      0      0      0      0      0      0      0      0 
     0      0      0      0      0      0      0      0      0      0      0      0      0      0      0      0      0      0      0 
0 -1 -1
     0    161    211    181    255    255     51    214    255     81      0      0     32      0      0      0      5      0      0 
  2878   9974  12873  13284  17770  12954   4722  17490  15154   5056   2724   2610   4398   3345   2911   2792  10055   3516   3157 
 17236  13361     51    143  12873  12954   9974  17770   2878  13284   5056  15154  17490   4398  10055   3345   3516   2911   3157   2792   2610   2724   4722  13384  26305      0      0  65535 
     0      0      0      0      0      0      0      0      0      0      0      0      0      0      0      0      0      0      0 
     0      0      0      0      0      0      0      0      0      0      0      0      0      0      0      0      0      0      0 
     0      0      0      0      0      0      0      0      0      0      0      0      0      0      0      0      0      0      0 
0 -1 -1
     0    161    210    189    255    255     51    229    255     85      0      0     36      0      0      0      5      0      0 
  2880   9983  12840  13683  18235  13104   4715  18497  15736   5159   2724   2608   4565   3340   2907   2791  10046   3514   3156 
 17236  13361     51    143  12840  13104   9983  18235   2880  13683   5159  15736  18497   4565  10046   3340   3514   2907   3156   2791   2608   2724   4715  13382  26304      0      0  65535 
     0      0      0      0      0      0      0      0      0      0      0      0      0      0      0      0      0      0      0 
     0      0      0      0      0      0      0      0      0      0      0      0      0      0      0      0      0      0      0 
     0      0      0      0      0      0      0      0      0      0      0      0      0      0      0      0      0      0      0 
0 -1 -1
     0    161    205    198    255    255     50    248    255     89      0      0     39      0      0      0      7      0      0 
  2880   9960  12623  14211  18685  13085   4678  19754  16348   5232   2723   2609   4724   3337   2902   2790  10146   3511   3154 
 17236  13361     51    143  12623  13085   9960  18685   2880  14211   5232  16348  19754   4724  10146   3337   3511   2902   3154   2790   2609   2723   4678  13383  26304      0      0  65535 
     0      0      0      0      0      0      0      0      0      0      0      0      0      0      0      0      0      0      0 
     0      0      0      0      0      0      0      0      0      0      0      0      0      0      0      0      0      0      0 
     0      0      0      0      0      0      0      0      0      0      0      0      0      0      0      0      0      0      0 
0 -1 -1
     0    164    212    206    255    255     54    255    255     95      0      0     42      0      0      0      8      0      0 
  2881  10096  12924  14645  19387  13475   4838  20645  16969   5388   2723   2608   4848   3334   2898   2787  10188   3508   3153 
 17236  13361     51    143  12924  13475  10096  19387   2881  14645   5388  16969  20645   4848  10188   3334   3508   2898   3153   2787   2608   2723   4838  13384  26305      0      0  65535 
     0      0      0      0      0      0      0      0      0      0      0      0      0      0      0      0      0      0      0 
     0      0      0      0      0      0      0      0      0      0      0      0      0      0      0      0      0      0      0 
     0      0      0      0      0      0      0      0      0      0      0      0      0      0      0      0      0      0      0 
0 -1 -1
     0    168    225    209    255    255     58    255    255    102      0      0     44      0      0      0      8      0      0 
  2880  10288  13541  14794  20005  14048   5035  20888  17368   5552   2721   2607   4923   3331   2893   2784  10172   3506   3149 
 17236  13361     51    142  13541  14048  10288  20005   2880  14794   5552  17368  20888   4923  10172   3331   3506   2893   3149   2784   2607   2721   5035  13385  26305      0      0  65535 
     0      0      0      0      0      0      0      0      0      0      0      0      0      0      0      0      0      0      0 
     0      0      0      0      0      0      0      0      0      0      0      0      0      0      0      0      0      0      0 
     0      0      0      0      0      0      0      0      0      0      0      0      0      0      0      0      0      0      0 
0 -1 -1
     0    170    230    211    255    255     60    255    255    107      0      0     47      0      0      0     12      0      0 
  2880  10348  13794  14918  20386  14340   5123  21286  17724   5665   2719   2606   5031   3332   2889   2781  10369   3506   3150 
 17236  13361     51    142  13794  14340  10348  20386   2880  14918   5665  17724  21286   5031  10369   3332   3506   2889   3150   2781   2606   2719   5123  13385  26304      0      0  65535 
     0      0      0      0      0      0      0      0      0      0      0      0      0      0      0      0      0      0      0 
     0      0      0      0      0      0      0      0      0      0      0      0      0      0      0      0      0      0      0 
     0      0      0      0      0      0      0      0      0      0      0      0      0      0      0      0      0      0      0 
0 -1 -1
     0    168    228    217    255    255     60    255    255    111      0      0     50      0      0      0     11      0      0 
  2880  10291  13673  15248  20724  14397   5098  22273  18251   5746   2719   2607   5172   3329   2888   2782  10325   3503   3148 
 17236  13361     51    142  13673  14397  10291  20724   2880  15248   5746  18251  22273   5172  10325   3329   3503   2888   3148   2782   2607   2719   5098  13397  26304      0      1  65535 
     0      0      0      0      0      0      0      0      0      0      0      0      0      0      0      0      0      0      0 
     0      0      0      0      0      0      0      0      0      0      0      0      0      0      0      0      0      0      0 
     0      0      0      0      0      0      0      0      0      0      0      0      0      0      0      0      0      0      0 
0 -1 -1
     0    166    223    224    255    255     59    255    255    115      0      0     55      0      0      0     11      0      0 
  2878  10199  13424  15661  21129  14390   5061  23559  18908   5849   2719   2606   5373   3327   2883   2780  10294   3500   3146 
 17236  13361     51    142  13424  14390  10199  21129   2878  15661   5849  18908  23559   5373  10294   3327   3500   2883   3146   2780   2606   2719   5061  13390  26304      0      0  65535 
     0      0      0      0      0      0      0      0      0      0      0      0      0      0      0      0      0      0      0 
     0      0      0      0      0      0      0      0      0      0      0      0      0      0      0      0      0      0      0 
     0      0      0      0      0      0      0      0      0      0      0      0      0      0      0      0      0      0      0 
0 -1 -1
     0    167    224    230    255    255     61    255    255    120      0      0     58      0      0      0     13      0      0 
  2880  10222  13478  15998  21606  14560   5141  24438  19433   5959   2718   2604   5491   3324   2880   2778  10408   3498   3146 
 17236  13361     51    142  13478  14560  10222  21606   2880  15998   5959  19433  24438   5491  10408   3324   3498   2880   3146   2778   2604   2718   5141  13385  26304      0      0  65535 
     0      0      0      0      0      0      0      0      0      0      0      0      0      0      0      0      0      0      0 
     0      0      0      0      0      0      0      0      0      0      0      0      0      0      0      0      0      0      0 
     0      0      0      0      0      0      0      0      0      0      0      0      0      0      0      0      0      0      0 
0 -1 -1
     0    168    231    231    255    255     63    255    255    123      0      0     58      0      0      0     15      0      0 
  2879  10286  13805  16028  21912  14855   5261  24475  19589   6044   2719   2605   5500   3326   2878   2779  10473   3497   3144 
 17236  13361     51    142  13805  14855  10286  21912   2879  16028   6044  19589  24475   5500  10473   3326   3497   2878   3144   2779   2605   2719   5261  13381  26305      0      0  65535 
     0      0      0      0      0      0      0      0      0      0      0      0      0      0      0      0      0      0      0 
     0      0      0      0      0      0      0      0      0      0      0      0      0      0      0      0      0      0      0 
     0      0      0      0      0      0      0      0      0      0      0      0      0      0      0      0      0      0      0 
0 -1 -1
     0    169    236    232    255    255     65    255    255    128      0      0     60      0      0      0     12      0      0 
  2879  10320  14054  16098  22229  15130   5346  24761  19873   6144   2718   2605   5571   3324   2875   2777  10337   3496   3144 
 17236  13361     51    142  14054  15130  10320  22229   2879  16098   6144  19873  24761   5571  10337   3324   3496   2875   3144   2777   2605   2718   5346  13380  26305      0      0  65535 
     0      0      0      0      0      0      0      0      0      0      0      0      0      0      0      0      0      0      0 
     0      0      0      0      0      0      0      0      0      0      0      0      0      0      0      0      0      0      0 
     0      0      0      0      0      0      0      0      0      0      0      0      0      0      0      0      0      0      0 
0 -1 -1
     0    168    235    236    255    255     65    255    255    128      0      0     61      0      0      0     11      0      0 
  2878  10276  13991  16345  22440  15096   5317  25386  20095   6162   2719   2605   5607   3325   2875   2775  10297   3496   3143 
 17236  13361     51    142  13991  15096  10276  22440   2878  16345   6162  20095  25386   5607  10297   3325   3496   2875   3143   2775   2605   2719   5317  13380  26304      0      0  65535 
     0      0      0      0      0      0      0      0      0      0      0      0      0      0      0      0      0      0      0 
     0      0      0      0      0      0      0      0      0      0      0      0      0      0      0      0      0      0      0 
     0      0      0      0      0      0      0      0      0      0      0      0      0      0      0      0      0      0      0 
0 -1 -1
     0    168    236    240    255    255     65    255    255    127      0      0     59      0      0      0     12      0      0 
  2881  10294  14052  16519  22608  15050   5315  25605  20072   6137   2719   2605   5563   3324   2873   2776  10366   3493   3143 
 17236  13361     51    142  14052  15050  10294  22608   2881  16519   6137  20072  25605   5563  10366   3324   3493   2873   3143   2776   2605   2719   5315  13381  26304      0      0  65535 
     0      0      0      0      0      0      0      0      0      0      0      0      0      0      0      0      0      0      0 
     0      0      0      0      0      0      0      0      0      0      0      0      0      0      0      0      0      0      0 
     0      0      0      0      0      0      0      0      0      0      0      0      0      0      0      0      0      0      0 
0 -1 -1
     0    169    240    241    255    255     65    255    255    128      0      0     59      0      0      0     13      0      0 
  2880  10328  14229  16579  22774  15148   5350  25626  20080   6149   2720   2605   5538   3321   2874   2775  10406   3494   3144 
 17236  13361     51    142  14229  15148  10328  22774   2880  16579   6149  20080  25626   5538  10406   3321   3494   2874   3144   2775   2605   2720   5350  13381  26304      0      0  65535 
     0      0      0      0      0      0      0      0      0      0      0      0      0      0      0      0      0      0      0 
     0      0      0      0      0      0      0      0      0      0      0      0      0      0      0      0      0      0      0 
     0      0      0      0      0      0      0      0      0      0      0      0      0      0      0      0      0      0      0 
0 -1 -1
     0    168    242    241    255    255     67    255    255    130      0      0     60      0      0      0     14      0      0 
  2880  10291  14324  16575  22901  15261   5412  25748  20217   6207   2721   2606   5582   3322   2872   2776  10449   3494   3143 
 17236  13361     51    142  14324  15261  10291  22901   2880  16575   6207  20217  25748   5582  10449   3322   3494   2872   3143   2776   2606   2721   5412  13380  26304      0      0  65535 
     0      0      0      0      0      0      0      0      0      0      0      0      0      0      0      0      0      0      0 
     0      0      0      0      0      0      0      0      0      0      0      0      0      0      0      0      0      0      0 
     0      0      0      0      0      0      0      0      0      0      0      0      0      0      0      0      0      0      0 
0 -1 -1
     0    167    241    241    255    255     67    255    255    132      0      0     61      0      0      0     11      0      0 
  2879  10222  14312  16613  22998  15314   5406  26036  20393   6252   2720   2606   5641   3323   2871   2774  10333   3491   3141 
 17236  13361     51    142  14312  15314  10222  22998   2879  16613   6252  20393  26036   5641  10333   3323   3491   2871   3141   2774   2606   2720   5406  13379  26304      0      0  65535 
     0      0      0      0      0      0      0      0      0      0      0      0      0      0      0      0      0      0      0 
     0      0      0      0      0      0      0      0      0      0      0      0      0      0      0      0      0      0      0 
     0      0      0      0      0      0      0      0      0      0      0      0      0      0      0      0      0      0      0 
0 -1 -1
     0    164    238    242    255    255     65    255    255    132      0      0     63      0      0      0     11      0      0 
  2879  10129  14137  16649  22976  15211   5348  26365  20526   6253   2720   2605   5700   3324   2871   2774  10316   3493   3142 
 17236  13361     51    142  14137  15211  10129  22976   2879  16649   6253  20526  26365   5700  10316   3324   3493   2871   3142   2774   2605   2720   5348  13378  26304      0      0  65535 
     0      0      0      0      0      0      0      0      0      0      0      0      0      0      0      0      0      0      0 
     0      0      0      0      0      0      0      0      0      0      0      0      0      0      0      0      0      0      0 
     0      0      0      0      0      0      0      0      0      0      0      0      0      0      0      0      0      0      0 
0 -1 -1
     0    162    233    242    255    255     64    255    255    132      0      0     64      0      0      0     12      0      0 
  2879  10008  13897  16639  22879  15062   5295  26639  20626   6254   2719   2606   5760   3325   2871   2774  10363   3492   3143 
 17236  13361     51    142  13897  15062  10008  22879   2879  16639   6254  20626  26639   5760  10363   3325   3492   2871   3143   2774   2606   2719   5295  13377  26305      0      0  65535 
     0      0      0      0      0      0      0      0      0      0      0      0      0      0      0      0      0      0      0 
     0      0      0      0      0      0      0      0      0      0      0      0      0      0      0      0      0      0      0 
     0      0      0      0      0      0      0      0      0      0      0      0      0      0      0      0      0      0      0 
0 -1 -1
     0    160    230    240    255    255     63    255    255    131      0      0     65      0      0      0     15      0      0 
  2879   9937  13770  16569  22775  14963   5238  26655  20598   6233   2719   2606   5776   3325   2872   2773  10493   3491   3141 
 17236  13361     51    142  13770  14963   9937  22775   2879  16569   6233  20598  26655   5776  10493   3325   3491   2872   3141   2773   2606   2719   5238  13377  26305      0      0  65535 
     0      0      0      0      0      0      0      0      0      0      0      0      0      0      0      0      0      0      0 
     0      0      0      0      0      0      0      0      0      0      0      0      0      0      0      0      0      0      0 
     0      0      0      0      0      0      0      0      0      0      0      0      0      0      0      0      0      0      0 
0 -1 -1
     0    159    227    240    255    255     62    255    255    131      0      0     65      0      0      0     16      0      0 
  2879   9877  13649  16519  22671  14853   5207  26669  20559   6212   2719   2606   5783   3326   2872   2776  10531   3493   3142 
 17236  13361     51    142  13649  14853   9877  22671   2879  16519   6212  20559  26669   5783  10531   3326   3493   2872   3142   2776   2606   2719   5207  13378  26305      0      0  65535 
     0      0      0      0      0      0      0      0      0      0      0      0      0      0      0      0      0      0      0 
     0      0      0      0      0      0      0      0      0      0      0      0      0      0      0      0      0      0      0 
     0      0      0      0      0      0      0      0      0      0      0      0      0      0      0      0      0      0      0 
0 -1 -1
     0    158    227    239    255    255     62    255    255    131      0      0     65      0      0      0     17      0      0 
  2879   9839  13631  16471  22656  14847   5219  26674  20567   6220   2719   2604   5787   3326   2872   2774  10589   3492   3141 
 17236  13361     51    142  13631  14847   9839  22656   2879  16471   6220  20567  26674   5787  10589   3326   3492   2872   3141   2774   2604   2719   5219  13380  26305      0      1  65535 
     0      0      0      0      0      0      0      0      0      0      0      0      0      0      0      0      0      0      0 
     0      0      0      0      0      0      0      0      0      0      0      0      0      0      0      0      0      0      0 
     0      0      0      0      0      0      0      0      0      0      0      0      0      0      0      0      0      0      0 
0 -1 -1
     0    158    228    235    255    255     63    255    255    131      0      0     65      0      0      0     19      0      0 
  2878   9827  13696  16278  22596  14894   5226  26329  20462   6230   2718   2604   5792   3329   2874   2776  10684   3492   3141 
 17236  13361     51    142  13696  14894   9827  22596   2878  16278   6230  20462  26329   5792  10684   3329   3492   2874   3141   2776   2604   2718   5226  13381  26304      0      0  65535 
     0      0      0      0      0      0      0      0      0      0      0      0      0      0      0      0      0      0      0 
     0      0      0      0      0      0      0      0      0      0      0      0      0      0      0      0      0      0      0 
     0      0      0      0      0      0      0      0      0      0      0      0      0      0      0      0      0      0      0 
0 -1 -1
     0    157    229    232    255    255     62    255    255    130      0      0     64      0      0      0     18      0      0 
  2877   9820  13743  16080  22449  14868   5207  25886  20230   6196   2720   2604   5746   3331   2875   2776  10608   3494   3142 
 17236  13361     51    142  13743  14868   9820  22449   2877  16080   6196  20230  25886   5746  10608   3331   3494   2875   3142   2776   2604   2720   5207  13381  26304      0      0  65535 
     0      0      0      0      0      0      0      0      0      0      0      0      0      0      0      0      0      0      0 
     0      0      0      0      0      0      0      0      0      0      0      0      0      0      0      0      0      0      0 
     0      0      0      0      0      0      0      0      0      0      0      0      0      0      0      0      0      0      0 
0 -1 -1
     0    156    226    230    255    255     60    255    255    127      0      0     63      0      0      0     18      0      0 
  2878   9745  13566  15988  22228  14672   5133  25790  20069   6135   2720   2604   5719   3332   2877   2778  10633   3494   3142 
 17236  13361     51    143  13566  14672   9745  22228   2878  15988   6135  20069  25790   5719  10633   3332   3494   2877   3142   2778   2604   2720   5133  13381  26305      0      0  65535 
     0      0      0      0      0      0      0      0      0      0      0      0      0      0      0      0      0      0      0 
     0      0      0      0      0      0      0      0      0      0      0      0      0      0      0      0      0      0      0 
     0      0      0      0      0      0      0      0      0      0      0      0      0      0      0      0      0      0      0 
0 -1 -1
     0    154    222    228    255    255     59    255    255    126      0      0     63      0      0      0     16      0      0 
  2878   9677  13416  15875  22034  14524   5082  25658  19943   6095   2719   2604   5710   3334   2877   2777  10546   3494   3144 
 17236  13361     51    143  13416  14524   9677  22034   2878  15875   6095  19943  25658   5710  10546   3334   3494   2877   3144   2777   2604   2719   5082  13382  26304      0      0  65535 
     0      0      0      0      0      0      0      0      0      0      0      0      0      0      0      0      0      0      0 
     0      0      0      0      0      0      0      0      0      0      0      0      0      0      0      0      0      0      0 
     0      0      0      0      0      0      0      0      0      0      0      0      0      0      0      0      0      0      0 
0 -1 -1
     0    151    216    226    255    255     56    255    255    123      0      0     63      0      0      0     18      0      0 
  2876   9550  13131  15764  21734  14273   4967  25642  19806   6031   2721   2605   5703   3334   2880   2777  10616   3497   3144 
 17236  13361     51    143  13131  14273   9550  21734   2876  15764   6031  19806  25642   5703  10616   3334   3497   2880   3144   2777   2605   2721   4967  13380  26304      0      0  65535 
     0      0      0      0      0      0      0      0      0      0      0      0      0      0      0      0      0      0      0 
     0      0      0      0      0      0      0      0      0      0      0      0      0      0      0      0      0      0      0 
     0      0      0      0      0      0      0      0      0      0      0      0      0      0      0      0      0      0      0 
0 -1 -1
     0    147    207    223    255    255     53    255    255    117      0      0     62      0      0      0     18      0      0 
  2878   9374  12677  15594  21227  13850   4822  25479  19522   5907   2720   2604   5663   3336   2882   2780  10624   3499   3145 
 17236  13361     51    143  12677  13850   9374  21227   2878  15594   5907  19522  25479   5663  10624   3336   3499   2882   3145   2780   2604   2720   4822  13383  26304      0      0  65535 
     0      0      0      0      0      0      0      0      0      0      0      0      0      0      0      0      0      0      0 
     0      0      0      0      0      0      0      0      0      0      0      0      0      0      0      0      0      0      0 
     0      0      0      0      0      0      0      0      0      0      0      0      0      0      0      0      0      0      0 
0 -1 -1
     0    145    202    219    255    255     52    255    255    116      0      0     62      0      0      0     23      0      0 
  2878   9263  12450  15387  20930  13681   4767  25266  19414   5876   2719   2605   5688   3339   2884   2780  10857   3498   3146 
 17236  13361     51    143  12450  13681   9263  20930   2878  15387   5876  19414  25266   5688  10857   3339   3498   2884   3146   2780   2605   2719   4767  13391  26304      0      0  65535 
     0      0      0      0      0      0      0      0      0      0      0      0      0      0      0      0      0      0      0 
     0      0      0      0      0      0      0      0      0      0      0      0      0      0      0      0      0      0      0 
     0      0      0      0      0      0      0      0      0      0      0      0      0      0      0      0      0      0      0 
0 -1 -1
     0    144    201    218    255    255     52    255    255    117      0      0     64      0      0      0     17      0      0 
  2878   9245  12425  15296  20888  13705   4765  25246  19480   5892   2718   2602   5736   3340   2885   2781  10571   3497   3146 
 17236  13361     51    143  12425  13705   9245  20888   2878  15296   5892  19480  25246   5736  10571   3340   3497   2885   3146   2781   2602   2718   4765  13382  26304      0      0  65535 
     0      0      0      0      0      0      0      0      0      0      0      0      0      0      0      0      0      0      0 
     0      0      0      0      0      0      0      0      0      0      0      0      0      0      0      0      0      0      0 
     0      0      0      0      0      0      0      0      0      0      0      0      0      0      0      0      0      0      0 
0 -1 -1
     0    142    195    219    255    255     49    255    255    115      0      0     65      0      0      0     17      0      0 
  2879   9155  12134  15373  20745  13463   4644  25675  19517   5838   2718   2604   5774   3339   2886   2781  10563   3499   3144 
 17236  13361     51    143  12134  13463   9155  20745   2879  15373   5838  19517  25675   5774  10563   3339   3499   2886   3144   2781   2604   2718   4644  13383  26304      0      0  65535 
     0      0      0      0      0      0      0      0      0      0      0      0      0      0      0      0      0      0      0 
     0      0      0      0      0      0      0      0      0      0      0      0      0      0      0      0      0      0      0 
     0      0      0      0      0      0      0      0      0      0      0      0      0      0      0      0      0      0      0 
0 -1 -1
     0    141    192    220    255    255     48    255    255    113      0      0     64      0      0      0     21      0      0 
  2878   9104  11968  15416  20650  13295   4599  25815  19467   5796   2718   2604   5767   3339   2885   2782  10771   3499   3146 
 17236  13361     51    143  11968  13295   9104  20650   2878  15416   5796  19467  25815   5767  10771   3339   3499   2885   3146   2782   2604   2718   4599  13383  26304      0      0  65535 
     0      0      0      0      0      0      0      0      0      0      0      0      0      0      0      0      0      0      0 
     0      0      0      0      0      0      0      0      0      0      0      0      0      0      0      0      0      0      0 
     0      0      0      0      0      0      0      0      0      0      0      0      0      0      0      0      0      0      0 
0 -1 -1
     0    140    191    217    255    255     47    255    255    110      0      0     62      0      0      0     29      0      0 
  2877   9085  11939  15269  20450  13190   4564  25353  19161   5735   2718   2604   5677   3339   2887   2782  11112   3498   3147 
 17236  13361     51    143  11939  13190   9085  20450   2877  15269   5735  19161  25353   5677  11112   3339   3498   2887   3147   2782   2604   2718   4564  13384  26304      0      0  65535 
     0      0      0      0      0      0      0      0      0      0      0      0      0      0      0      0      0      0      0 
     0      0      0      0      0      0      0      0      0      0      0      0      0      0      0      0      0      0      0 
     0      0      0      0      0      0      0      0      0      0      0      0      0      0      0      0      0      0      0 
0 -1 -1
     0    137    185    213    255    255     45    255    255    105      0      0     60      0      0      0     33      0      0 
  2878   8947  11679  15019  19980  12883   4453  24809  18720   5621   2720   2605   5575   3343   2892   2783  11309   3501   3147 
 17236  13361     51    144  11679  12883   8947  19980   2878  15019   5621  18720  24809   5575  11309   3343   3501   2892   3147   2783   2605   2720   4453  13385  26304      0      0  65535 
     0      0      0      0      0      0      0      0      0      0      0      0      0      0      0      0      0      0      0 
     0      0      0      0      0      0      0      0      0      0      0      0      0      0      0      0      0      0      0 
     0      0      0      0      0      0      0      0      0      0      0      0      0      0      0      0      0      0      0 
0 -1 -1
     0    132    175    207    255    255     41    255    255     98      0      0     57      0      0      0     19      0      0 
  2879   8721  11212  14707  19287  12397   4284  24233  18181   5462   2722   2608   5459   3347   2899   2787  10678   3503   3150 
 17236  13361     51    144  11212  12397   8721  19287   2879  14707   5462  18181  24233   5459  10678   3347   3503   2899   3150   2787   2608   2722   4284  13386  26304      0      0  65535 
     0      0      0      0      0      0      0      0      0      0      0      0      0      0      0      0      0      0      0 
     0      0      0      0      0      0      0      0      0      0      0      0      0      0      0      0      0      0      0 
     0      0      0      0      0      0      0      0      0      0      0      0      0      0      0      0      0      0      0 
0 -1 -1
     0    122    159    190    255    255     34    255    255     86      0      0     51      0      0      0     23      0      0 
  2878   8295  10464  13748  17815  11579   3985  22256  16894   5163   2725   2610   5193   3356   2909   2793  10856   3510   3153 
 17236  13361     51    144  10464  11579   8295  17815   2878  13748   5163  16894  22256   5193  10856   3356   3510   2909   3153   2793   2610   2725   3985  13382  26304      0      0  65535 
     0      0      0      0      0      0      0      0      0      0      0      0      0      0      0      0      0      0      0 
     0      0      0      0      0      0      0      0      0      0      0      0      0      0      0      0      0      0      0 
     0      0      0      0      0      0      0      0      0      0      0      0      0      0      0      0      0      0      0 
0 -1 -1
     0    104    132    162    255    255     23    240    255     64      0      0     39      0      0      0     21      0      0 
  2876   7518   9158  12225  15342  10151   3532  19204  14776   4666   2732   2613   4712   3370   2930   2799  10786   3519   3160 
 17236  13361     51    145   9158  10151   7518  15342   2876  12225   4666  14776  19204   4712  10786   3370   3519   2930   3160   2799   2613   2732   3532  13379  26305      0      0  65535 
     0      0      0      0      0      0      0      0      0      0      0      0      0      0      0      0      0      0      0 
     0      0      0      0      0      0      0      0      0      0      0      0      0      0      0      0      0      0      0 
     0      0      0      0      0      0      0      0      0      0      0      0      0      0      0      0      0      0      0 
0 -1 -1
     0     77     90    130    255    196     11    189    255     35      0      0     23      0      0      0     30      0      0 
  2870   6308   7202  10412  12153   8055   3004  15825  12048   3977   2744   2619   4049   3386   2952   2810  11153   3531   3168 
 17236  13361     51    146   7202   8055   6308  12153   2870  10412   3977  12048  15825   4049  11153   3386   3531   2952   3168   2810   2619   2744   3004  13378  26304      0      0  65535 
     0      0      0      0      0      0      0      0      0      0      0      0      0      0      0      0      0      0      0 
     0      0      0      0      0      0      0      0      0      0      0      0      0      0      0      0      0      0      0 
     0      0      0      0      0      0      0      0      0      0      0      0      0      0      0      0      0      0      0 
0 -1 -1
     0     44     50     84    221    120      5    116    210     10      0      0      6      0      0      0     18      0      0 
  2863   4872   5328   7869   8617   6010   2758  10942   8791   3400   2757   2625   3339   3405   2977   2820  10642   3544   3176 
 17236  13361     51    147   5328   6010   4872   8617   2863   7869   3400   8791  10942   3339  10642   3405   3544   2977   3176   2820   2625   2757   2758  13381  26304      0      0  65535 
     0      0      0      0      0      0      0      0      0      0      0      0      0      0      0      0      0      0      0 
     0      0      0      0      0      0      0      0      0      0      0      0      0      0      0      0      0      0      0 
     0      0      0      0      0      0      0      0      0      0      0      0      0      0      0      0      0      0      0 
0 -1 -1
     0     17     25     47    117     82      2     57    124      4      0      0      2      0      0      0     14      0      0 
  2854   3735   4153   5807   5989   5009   2637   6961   6527   3252   2767   2630   3165   3419   2994   2825  10451   3552   3180 
 17236  13361     51    147   4153   5009   3735   5989   2854   5807   3252   6527   6961   3165  10451   3419   3552   2994   3180   2825   2630   2767   2637  13382  26304      0      0  65535 
     0      0      0      0      0      0      0      0      0      0      0      0      0      0      0      0      0      0      0 
     0      0      0      0      0      0      0      0      0      0      0      0      0      0      0      0      0      0      0 
     0      0      0      0      0      0      0      0      0      0      0      0      0      0      0      0      0      0      0 
0 -1 -1
     0      1      0     12     12     20      0      7     32      0      0      0      0      0      0      0     15      0      0 
  2847   3013   2994   3837   3346   3349   2530   3635   4094   3168   2771   2634   3084   3429   3009   2833  10476   3559   3185 
 17236  13361     51    147   2994   3349   3013   3346   2847   3837   3168   4094   3635   3084  10476   3429   3559   3009   3185   2833   2634   2771   2530  13380  26304      0      0  65535 
     0      0      0      0      0      0      0      0      0      0      0      0      0      0      0      0      0      0      0 
     0      0      0      0      0      0      0      0      0      0      0      0      0      0      0      0      0      0      0 
     0      0      0      0      0      0      0      0      0      0      0      0      0      0      0      0      0      0      0 
0 -1 -1
     0      0      0      0      0      0      0      0      1      0      0      0      0      0      0      0     14      0      0 
  2845   2982   2981   3153   3049   2808   2528   3168   3264   3162   2771   2634   3068   3428   3012   2834  10466   3560   3186 
 17236  13361     51    147   2981   2808   2982   3049   2845   3153   3162   3264   3168   3068  10466   3428   3560   3012   3186   2834   2634   2771   2528  13380  26304      0      0  65535 
     0      0      0      0      0      0      0      0      0      0      0      0      0      0      0      0      0      0      0 
     0      0      0      0      0      0      0      0      0      0      0      0      0      0      0      0      0      0      0 
     0      0      0      0      0      0      0      0      0      0      0      0      0      0      0      0      0      0      0 
0 -1 -1
     0      0      0      0      0      0      0      0      1      0      0      0      0      0      0      0     23      0      0 
  2844   2980   2980   3148   3045   2803   2526   3163   3259   3162   2769   2635   3068   3429   3011   2832  10862   3561   3186 
 17236  13361     51    147   2980   2803   2980   3045   2844   3148   3162   3259   3163   3068  10862   3429   3561   3011   3186   2832   2635   2769   2526  13380  26303      0      0  65535 
     0      0      0      0      0      0      0      0      0      0      0      0      0      0      0      0      0      0      0 
     0      0      0      0      0      0      0      0      0      0      0      0      0      0      0      0      0      0      0 
     0      0      0      0      0      0      0      0      0      0      0      0      0      0      0      0      0      0      0 
0 -1 -1
     0      0      0      0      0      0      0      0      0      0      0      0      0      0      0      0     17      0      0 
  2844   2976   2978   3144   3043   2802   2527   3163   3255   3161   2770   2633   3067   3428   3010   2832  10576   3560   3185 
 17236  13361     51    147   2978   2802   2976   3043   2844   3144   3161   3255   3163   3067  10576   3428   3560   3010   3185   2832   2633   2770   2527  13380  26303      0      0  65535 
     0      0      0      0      0      0      0      0      0      0      0      0      0      0      0      0      0      0      0 
     0      0      0      0      0      0      0      0      0      0      0      0      0      0      0      0      0      0      0 
     0      0      0      0      0      0      0      0      0      0      0      0      0      0      0      0      0      0      0 
0 -1 -1
     0      0      0      0      0      0      0      0      0      0      0      0      0      0      0      0     18      0      0 
  2845   2976   2977   3142   3041   2799   2527   3161   3253   3161   2769   2633   3065   3428   3012   2833  10644   3560   3186 
 17236  13361     51    147   2977   2799   2976   3041   2845   3142   3161   3253   3161   3065  10644   3428   3560   3012   3186   2833   2633   2769   2527  13379  26304      0      0  65535 
     0      0      0      0      0      0      0      0      0      0      0      0      0      0      0      0      0      0      0 
     0      0      0      0      0      0      0      0      0      0      0      0      0      0      0      0      0      0      0 
     0      0      0      0      0      0      0      0      0      0      0      0      0      0      0      0      0      0      0 
0 -1 -1
     0      0      0      0      0      0      0      0      0      0      0      0      0      0      0      0     22      0      0 
  2842   2977   2976   3141   3039   2799   2526   3160   3253   3160   2768   2633   3066   3426   3010   2832  10828   3560   3184 
 17236  13361     51    147   2976   2799   2977   3039   2842   3141   3160   3253   3160   3066  10828   3426   3560   3010   3184   2832   2633   2768   2526  13378  26305      0      0  65535 
     0      0      0      0      0      0      0      0      0      0      0      0      0      0      0      0      0      0      0 
     0      0      0      0      0      0      0      0      0      0      0      0      0      0      0      0      0      0      0 
     0      0      0      0      0      0      0      0      0      0      0      0      0      0      0      0      0      0      0 
0 -1 -1
     0      0      0      0      0      0      0      0      0      0      0      0      0      0      0      0     18      0      0 
  2844   2974   2975   3140   3040   2797   2526   3159   3250   3160   2769   2633   3065   3428   3010   2832  10625   3560   3185 
 17236  13361     51    147   2975   2797   2974   3040   2844   3140   3160   3250   3159   3065  10625   3428   3560   3010   3185   2832   2633   2769   2526  13379  26305      0      0  65535 
     0      0      0      0      0      0      0      0      0      0      0      0      0      0      0      0      0      0      0 
     0      0      0      0      0      0      0      0      0      0      0      0      0      0      0      0      0      0      0 
     0      0      0      0      0      0      0      0      0      0      0      0      0      0      0      0      0      0      0 
0 -1 -1
     0      0      0      0      0      0      0      0      0      0      0      0      0      0      0      0     11      0      0 
  2842   2974   2974   3139   3039   2797   2526   3160   3251   3160   2769   2633   3064   3427   3010   2832  10307   3559   3184 
 17236  13361     51    147   2974   2797   2974   3039   2842   3139   3160   3251   3160   3064  10307   3427   3559   3010   3184   2832   2633   2769   2526  13383  26305      0      0  65535 
     0      0      0      0      0      0      0      0      0      0      0      0      0      0      0      0      0      0      0 
     0      0      0      0      0      0      0      0      0      0      0      0      0      0      0      0      0      0      0 
     0      0      0      0      0      0      0      0      0      0      0      0      0      0      0      0      0      0      0 
0 -1 -1
     0      0      0      0      0      0      0      0      0      0      0      0      0      0      0      0      6      0      0 
  2843   2973   2974   3138   3039   2796   2525   3160   3249   3159   2769   2632   3065   3428   3009   2832  10082   3560   3186 
 17236  13361     51    147   2974   2796   2973   3039   2843   3138   3159   3249   3160   3065  10082   3428   3560   3009   3186   2832   2632   2769   2525  13368  26304      0      0  65535 
     0      0      0      0      0      0      0      0      0      0      0      0      0      0      0      0      0      0      0 
     0      0      0      0      0      0      0      0      0      0      0      0      0      0      0      0      0      0      0 
     0      0      0      0      0      0      0      0      0      0      0      0      0      0      0      0      0      0      0 
0 -1 -1
     0      0      0      0      0      0      0      0      0      0      0      0      0      0      0      0      9      0      0 
  2842   2972   2973   3138   3039   2796   2525   3159   3250   3158   2768   2631   3065   3426   3009   2831  10203   3559   3185 
 17236  13361     51    147   2973   2796   2972   3039   2842   3138   3158   3250   3159   3065  10203   3426   3559   3009   3185   2831   2631   2768   2525  13377  26304      0      0  65535 
     0      0      0      0      0      0      0      0      0      0      0      0      0      0      0      0      0      0      0 
     0      0      0      0      0      0      0      0      0      0      0      0      0      0      0      0      0      0      0 
     0      0      0      0      0      0      0      0      0      0      0      0      0      0      0      0      0      0      0 
0 -1 -1
     0      0      0      0      0      0      0      0      0      0      0      0      0      0      0      0      4      0      0 
  2842   2972   2973   3137   3039   2795   2525   3159   3248   3158   2768   2632   3065   3426   3009   2832  10017   3559   3184 
 17236  13361     51    147   2973   2795   2972   3039   2842   3137   3158   3248   3159   3065  10017   3426   3559   3009   3184   2832   2632   2768   2525  13381  26305      0      0  65535 
     0      0      0      0      0      0      0      0      0      0      0      0      0      0      0      0      0      0      0 
     0      0      0      0      0      0      0      0      0      0      0      0      0      0      0      0      0      0      0 
     0      0      0      0      0      0      0      0      0      0      0      0      0      0      0      0      0      0      0 
0 -1 -1
     0      0      0      0      0      0      0      0      0      0      0      0      0      0      0      0      7      0      0 
  2843   2974   2972   3138   3038   2795   2524   3159   3248   3158   2768   2632   3064   3427   3008   2832  10110   3559   3184 
 17236  13361     51    147   2972   2795   2974   3038   2843   3138   3158   3248   3159   3064  10110   3427   3559   3008   3184   2832   2632   2768   2524  13381  26305      0      0  65535 
     0      0      0      0      0      0      0      0      0      0      0      0      0      0      0      0      0      0      0 
     0      0      0      0      0      0      0      0      0      0      0      0      0      0      0      0      0      0      0 
     0      0      0      0      0      0      0      0      0      0      0      0      0      0      0      0      0      0      0 
0 -1 -1
     0      0      0      0      0      0      0      0      0      0      0      0      0      0      0      0      9      0      0 
  2841   2973   2972   3137   3038   2794   2525   3160   3248   3158   2768   2631   3065   3426   3008   2832  10210   3558   3183 
 17236  13361     51    147   2972   2794   2973   3038   2841   3137   3158   3248   3160   3065  10210   3426   3558   3008   3183   2832   2631   2768   2525  13382  26304      0      0  65535 
     0      0      0      0      0      0      0      0      0      0      0      0      0      0      0      0      0      0      0 
     0      0      0      0      0      0      0      0      0      0      0      0      0      0      0      0      0      0      0 
     0      0      0      0      0      0      0      0      0      0      0      0      0      0      0      0      0      0      0 
0 -1 -1
     0      0      0      0      0      0      0      0      0      0      0      0      0      0      0      0     19      0      0 
  2840   2970   2974   3135   3039   2794   2523   3159   3248   3158   2768   2631   3062   3425   3009   2830  10686   3557   3185 
 17236  13361     51    147   2974   2794   2970   3039   2840   3135   3158   3248   3159   3062  10686   3425   3557   3009   3185   2830   2631   2768   2523  13381  26304      0      0  65535 
     0      0      0      0      0      0      0      0      0      0      0      0      0      0      0      0      0      0      0 
     0      0      0      0      0      0      0      0      0      0      0      0      0      0      0      0      0      0      0 
     0      0      0      0      0      0      0      0      0      0      0      0      0      0      0      0      0      0      0 
0 -1 -1
     0      0      0      0      0      0      0      0      0      0      0      0      0      0      0      0     10      0      0 
  2840   2969   2972   3136   3038   2794   2525   3160   3247   3157   2766   2631   3064   3426   3008   2830  10257   3557   3183 
 17236  13361     51    147   2972   2794   2969   3038   2840   3136   3157   3247   3160   3064  10257   3426   3557   3008   3183   2830   2631   2766   2525  13380  26304      0      0  65535 
     0      0      0      0      0      0      0      0      0      0      0      0      0      0      0      0      0      0      0 
     0      0      0      0      0      0      0      0      0      0      0      0      0      0      0      0      0      0      0 
     0      0      0      0      0      0      0      0      0      0      0      0      0      0      0      0      0      0      0 
0 -1 -1
     0      0      0      0      0      0      0      0      0      0      0      0      0      0      0      0      7      0      0 
  2839   2971   2971   3135   3038   2794   2524   3158   3246   3155   2766   2631   3063   3425   3009   2830  10139   3556   3182 
 17236  13361     51    147   2971   2794   2971   3038   2839   3135   3155   3246   3158   3063  10139   3425   3556   3009   3182   2830   2631   2766   2524  13380  26304      0      0  65535 
     0      0      0      0      0      0      0      0      0      0      0      0      0      0      0      0      0      0      0 
     0      0      0      0      0      0      0      0      0      0      0      0      0      0      0      0      0      0      0 
     0      0      0      0      0      0      0      0      0      0      0      0      0      0      0      0      0      0      0 
0 -1 -1
     0      0      0      0      0      0      0      0      0      0      0      0      0      0      0      0      7      0      0 
  2840   2971   2972   3134   3037   2792   2525   3159   3247   3156   2765   2631   3062   3424   3008   2830  10139   3557   3184 
 17236  13361     51    147   2972   2792   2971   3037   2840   3134   3156   3247   3159   3062  10139   3424   3557   3008   3184   2830   2631   2765   2525  13381  26304      0      0  65535 
     0      0      0      0      0      0      0      0      0      0      0      0      0      0      0      0      0      0      0 
     0      0      0      0      0      0      0      0      0      0      0      0      0      0      0      0      0      0      0 
     0      0      0      0      0      0      0      0      0      0      0      0      0      0      0      0      0      0      0 
0 -1 -1
