     0     72      0      0      0     86      0      0      0      0     15      0      0      0     93      0      0      1     96 
  3891   7810   3957   4212   4138   6663   3488   4209   4307   4243   4301   3625   4174   4543   6448   3888   9038   4751  10799 
 17236  13361     51    154   3957   6663   7810   4138   3891   4212   4243   4307   4209   4174   9038   4543   4751   6448  10799   3888   3625   4301   3488  13294  26304      0      0  65535 
     0      0      0      0      0      0      0      0      0      0      0      0      0      0      0      0      0      0      0 
     0      0      0      0      0      0      0      0      0      0      0      0      0      0      0      0      0      0      0 
     0      0      0      0      0      0      0      0      0      0      0      0      0      0      0      0      0      0      0 
0 -1 -1
     0     76      0      0      0     94      0      0      0      0     18      0      0      0     98      0      0      1    100 
  3892   8022   3958   4209   4136   6886   3487   4209   4306   4240   4375   3624   4172   4541   6569   3888   9040   4751  11057 
 17236  13361     51    154   3958   6886   8022   4136   3892   4209   4240   4306   4209   4172   9040   4541   4751   6569  11057   3888   3624   4375   3487  13294  26304      0      0  65535 
     0      0      0      0      0      0      0      0      0      0      0      0      0      0      0      0      0      0      0 
     0      0      0      0      0      0      0      0      0      0      0      0      0      0      0      0      0      0      0 
     0      0      0      0      0      0      0      0      0      0      0      0      0      0      0      0      0      0      0 
0 -1 -1
     0     78      0      0      0     93      0      0      0      0     16      0      0      0    102      0      0      1    102 
  3891   8088   3960   4209   4135   6874   3486   4210   4305   4240   4326   3626   4172   4542   6674   3887   9037   4753  11147 
 17236  13361     51    154   3960   6874   8088   4135   3891   4209   4240   4305   4210   4172   9037   4542   4753   6674  11147   3887   3626   4326   3486  13294  26305      0      0  65535 
     0      0      0      0      0      0      0      0      0      0      0      0      0      0      0      0      0      0      0 
     0      0      0      0      0      0      0      0      0      0      0      0      0      0      0      0      0      0      0 
     0      0      0      0      0      0      0      0      0      0      0      0      0      0      0      0      0      0      0 
0 -1 -1
     0     82      0      0      0     98      0      0      0      0     18      0      0      0    111      0      0      1    108 
  3892   8274   3960   4208   4134   7009   3488   4207   4302   4238   4387   3623   4172   4543   6886   3887   9042   4756  11534 
 17236  13361     51    154   3960   7009   8274   4134   3892   4208   4238   4302   4207   4172   9042   4543   4756   6886  11534   3887   3623   4387   3488  13295  26304      0      0  65535 
     0      0      0      0      0      0      0      0      0      0      0      0      0      0      0      0      0      0      0 
     0      0      0      0      0      0      0      0      0      0      0      0      0      0      0      0      0      0      0 
     0      0      0      0      0      0      0      0      0      0      0      0      0      0      0      0      0      0      0 
0 -1 -1
     0     83      0      0      0     97      0      0      0      0     15      0      0      0    116      0      0      1    110 
  3891   8290   3960   4208   4136   6963   3487   4209   4303   4238   4312   3623   4171   4542   7026   3885   9043   4757  11691 
 17236  13361     51    154   3960   6963   8290   4136   3891   4208   4238   4303   4209   4171   9043   4542   4757   7026  11691   3885   3623   4312   3487  13294  26304      0      1  65535 
     0      0      0      0      0      0      0      0      0      0      0      0      0      0      0      0      0      0      0 
     0      0      0      0      0      0      0      0      0      0      0      0      0      0      0      0      0      0      0 
     0      0      0      0      0      0      0      0      0      0      0      0      0      0      0      0      0      0      0 
0 -1 -1
     0     83      0      0      0     91      0      0      0      0      9      0      0      0    133      0      0      1    116 
  3891   8311   3961   4209   4134   6814   3485   4207   4303   4246   4145   3622   4171   4544   7455   3885   9042   4760  12099 
 17236  13361     51    154   3961   6814   8311   4134   3891   4209   4246   4303   4207   4171   9042   4544   4760   7455  12099   3885   3622   4145   3485  13294  26304      0      0  65535 
     0      0      0      0      0      0      0      0      0      0      0      0      0      0      0      0      0      0      0 
     0      0      0      0      0      0      0      0      0      0      0      0      0      0      0      0      0      0      0 
     0      0      0      0      0      0      0      0      0      0      0      0      0      0      0      0      0      0      0 
0 -1 -1
     0     72      0      0      0     45      0      0      0     20      0      0      0      0    182      0      0      1    123 
  3889   7832   3959   4208   4130   5587   3481   4207   4306   4734   3845   3619   4171   4547   8666   3886   9042   4764  12556 
 17236  13361     51    154   3959   5587   7832   4130   3889   4208   4734   4306   4207   4171   9042   4547   4764   8666  12556   3886   3619   3845   3481  13294  26304      0      0  65535 
     0      0      0      0      0      0      0      0      0      0      0      0      0      0      0      0      0      0      0 
     0      0      0      0      0      0      0      0      0      0      0      0      0      0      0      0      0      0      0 
     0      0      0      0      0      0      0      0      0      0      0      0      0      0      0      0      0      0      0 
0 -1 -1
     0     76      0      0      0     57      0      0      0     11      0      0      0      0    169      0      0      1    125 
  3889   7994   3958   4207   4130   5884   3483   4208   4303   4537   3906   3619   4171   4543   8334   3886   9039   4765  12636 
 17236  13361     51    154   3958   5884   7994   4130   3889   4207   4537   4303   4208   4171   9039   4543   4765   8334  12636   3886   3619   3906   3483  13294  26303      0      0  65535 
     0      0      0      0      0      0      0      0      0      0      0      0      0      0      0      0      0      0      0 
     0      0      0      0      0      0      0      0      0      0      0      0      0      0      0      0      0      0      0 
     0      0      0      0      0      0      0      0      0      0      0      0      0      0      0      0      0      0      0 
0 -1 -1
     0     85      0      0      0     77      0      0      0      6      4      0      0      0    164      0      0      1    128 
  3891   8403   3960   4206   4130   6424   3483   4206   4302   4414   3998   3618   4171   4543   8214   3885   9033   4765  12864 
 17236  13361     51    154   3960   6424   8403   4130   3891   4206   4414   4302   4206   4171   9033   4543   4765   8214  12864   3885   3618   3998   3483  13295  26303      0      0  65535 
     0      0      0      0      0      0      0      0      0      0      0      0      0      0      0      0      0      0      0 
     0      0      0      0      0      0      0      0      0      0      0      0      0      0      0      0      0      0      0 
     0      0      0      0      0      0      0      0      0      0      0      0      0      0      0      0      0      0      0 
0 -1 -1
     0     87      0      0      0     82      0      0      0      5      4      0      0      0    165      0      0      1    130 
  3892   8503   3962   4206   4128   6561   3484   4207   4300   4396   4013   3619   4170   4540   8242   3885   9033   4767  12969 
 17236  13361     51    154   3962   6561   8503   4128   3892   4206   4396   4300   4207   4170   9033   4540   4767   8242  12969   3885   3619   4013   3484  13286  26303      0      0  65535 
     0      0      0      0      0      0      0      0      0      0      0      0      0      0      0      0      0      0      0 
     0      0      0      0      0      0      0      0      0      0      0      0      0      0      0      0      0      0      0 
     0      0      0      0      0      0      0      0      0      0      0      0      0      0      0      0      0      0      0 
0 -1 -1
     0     85      0      0      0     78      0      0      0      6      3      0      0      0    166      0      0      1    129 
  3890   8414   3962   4207   4129   6448   3484   4207   4301   4409   3987   3618   4169   4543   8267   3885   9040   4766  12939 
 17236  13361     51    154   3962   6448   8414   4129   3890   4207   4409   4301   4207   4169   9040   4543   4766   8267  12939   3885   3618   3987   3484  13286  26303      0      0  65535 
     0      0      0      0      0      0      0      0      0      0      0      0      0      0      0      0      0      0      0 
     0      0      0      0      0      0      0      0      0      0      0      0      0      0      0      0      0      0      0 
     0      0      0      0      0      0      0      0      0      0      0      0      0      0      0      0      0      0      0 
0 -1 -1
     0     86      0      0      0     76      0      0      0      8      3      0      0      0    171      0      0      1    131 
  3889   8449   3963   4206   4129   6419   3482   4207   4300   4453   3979   3618   4169   4542   8391   3883   9039   4766  13066 
 17236  13361     51    154   3963   6419   8449   4129   3889   4206   4453   4300   4207   4169   9039   4542   4766   8391  13066   3883   3618   3979   3482  13286  26304      0      0  65535 
     0      0      0      0      0      0      0      0      0      0      0      0      0      0      0      0      0      0      0 
     0      0      0      0      0      0      0      0      0      0      0      0      0      0      0      0      0      0      0 
     0      0      0      0      0      0      0      0      0      0      0      0      0      0      0      0      0      0      0 
0 -1 -1
     0     92      0      0      0     83      0      0      0     10      5      0      0      0    179      0      0      1    137 
  3890   8700   3964   4205   4128   6607   3483   4205   4299   4506   4016   3616   4168   4540   8595   3882   9040   4767  13412 
 17236  13361     51    154   3964   6607   8700   4128   3890   4205   4506   4299   4205   4168   9040   4540   4767   8595  13412   3882   3616   4016   3483  13288  26304      0      0  65535 
     0      0      0      0      0      0      0      0      0      0      0      0      0      0      0      0      0      0      0 
     0      0      0      0      0      0      0      0      0      0      0      0      0      0      0      0      0      0      0 
     0      0      0      0      0      0      0      0      0      0      0      0      0      0      0      0      0      0      0 
0 -1 -1
     0    101      0      0      0    106      0      0      0      4     21      0      0      0    161      0      0      1    136 
  3892   9106   3963   4204   4128   7204   3484   4204   4297   4370   4454   3619   4168   4537   8151   3882   9039   4766  13356 
 17236  13361     51    154   3963   7204   9106   4128   3892   4204   4370   4297   4204   4168   9039   4537   4766   8151  13356   3882   3619   4454   3484  13287  26304      0      0  65535 
     0      0      0      0      0      0      0      0      0      0      0      0      0      0      0      0      0      0      0 
     0      0      0      0      0      0      0      0      0      0      0      0      0      0      0      0      0      0      0 
     0      0      0      0      0      0      0      0      0      0      0      0      0      0      0      0      0      0      0 
0 -1 -1
     0    111      1      0      0    136      0      0      0      0     33      0      0      0    151      0      0      1    137 
  3892   9524   3966   4204   4129   8013   3487   4206   4296   4261   4783   3618   4166   4537   7890   3881   9042   4767  13428 
 17236  13361     51    154   3966   8013   9524   4129   3892   4204   4261   4296   4206   4166   9042   4537   4767   7890  13428   3881   3618   4783   3487  13286  26303      0      0  65535 
     0      0      0      0      0      0      0      0      0      0      0      0      0      0      0      0      0      0      0 
     0      0      0      0      0      0      0      0      0      0      0      0      0      0      0      0      0      0      0 
     0      0      0      0      0      0      0      0      0      0      0      0      0      0      0      0      0      0      0 
0 -1 -1
     0    113      1      0      0    139      0      0      0      0     34      0      0      0    152      0      0      1    138 
  3894   9630   3966   4203   4130   8100   3487   4205   4295   4265   4826   3619   4166   4534   7916   3880   9032   4767  13500 
 17236  13361     51    154   3966   8100   9630   4130   3894   4203   4265   4295   4205   4166   9032   4534   4767   7916  13500   3880   3619   4826   3487  13286  26303      0      0  65535 
     0      0      0      0      0      0      0      0      0      0      0      0      0      0      0      0      0      0      0 
     0      0      0      0      0      0      0      0      0      0      0      0      0      0      0      0      0      0      0 
     0      0      0      0      0      0      0      0      0      0      0      0      0      0      0      0      0      0      0 
0 -1 -1
     0    118      1      0      0    144      0      0      0      1     36      0      0      0    160      0      0      1    143 
  3893   9839   3966   4203   4130   8235   3486   4205   4293   4292   4878   3618   4166   4535   8127   3880   9044   4769  13845 
 17236  13361     51    154   3966   8235   9839   4130   3893   4203   4292   4293   4205   4166   9044   4535   4769   8127  13845   3880   3618   4878   3486  13286  26305      0      0  65535 
     0      0      0      0      0      0      0      0      0      0      0      0      0      0      0      0      0      0      0 
     0      0      0      0      0      0      0      0      0      0      0      0      0      0      0      0      0      0      0 
     0      0      0      0      0      0      0      0      0      0      0      0      0      0      0      0      0      0      0 
0 -1 -1
     0    126      1      0      0    151      0      0      0      3     39      0      0      0    168      0      0      1    147 
  3894  10174   3967   4202   4127   8415   3487   4204   4293   4329   4962   3617   4165   4532   8321   3881   9045   4771  14094 
 17236  13361     51    154   3967   8415  10174   4127   3894   4202   4329   4293   4204   4165   9045   4532   4771   8321  14094   3881   3617   4962   3487  13286  26304      0      0  65535 
     0      0      0      0      0      0      0      0      0      0      0      0      0      0      0      0      0      0      0 
     0      0      0      0      0      0      0      0      0      0      0      0      0      0      0      0      0      0      0 
     0      0      0      0      0      0      0      0      0      0      0      0      0      0      0      0      0      0      0 
0 -1 -1
     0    135      1      0      0    163      0      0      0      4     44      0      0      0    176      0      0      1    154 
  3895  10564   3970   4201   4129   8747   3488   4202   4290   4358   5091   3616   4165   4531   8527   3878   9032   4773  14522 
 17236  13361     51    154   3970   8747  10564   4129   3895   4201   4358   4290   4202   4165   9032   4531   4773   8527  14522   3878   3616   5091   3488  13287  26303      0      0  65535 
     0      0      0      0      0      0      0      0      0      0      0      0      0      0      0      0      0      0      0 
     0      0      0      0      0      0      0      0      0      0      0      0      0      0      0      0      0      0      0 
     0      0      0      0      0      0      0      0      0      0      0      0      0      0      0      0      0      0      0 
0 -1 -1
     0    136      1      0      0    166      0      0      0      4     45      0      0      0    181      0      0      1    158 
  3895  10629   3970   4202   4128   8823   3487   4202   4289   4372   5124   3615   4163   4531   8651   3877   9040   4775  14799 
 17236  13361     51    154   3970   8823  10629   4128   3895   4202   4372   4289   4202   4163   9040   4531   4775   8651  14799   3877   3615   5124   3487  13285  26303      0      0  65535 
     0      0      0      0      0      0      0      0      0      0      0      0      0      0      0      0      0      0      0 
     0      0      0      0      0      0      0      0      0      0      0      0      0      0      0      0      0      0      0 
     0      0      0      0      0      0      0      0      0      0      0      0      0      0      0      0      0      0      0 
0 -1 -1
     0    141      1      0      0    174      0      0      0      4     51      0      0      0    179      0      0      1    158 
  3893  10842   3970   4200   4128   9047   3488   4202   4288   4362   5270   3616   4163   4529   8604   3878   9038   4775  14820 
 17236  13361     51    154   3970   9047  10842   4128   3893   4200   4362   4288   4202   4163   9038   4529   4775   8604  14820   3878   3616   5270   3488  13285  26304      0      0  65535 
     0      0      0      0      0      0      0      0      0      0      0      0      0      0      0      0      0      0      0 
     0      0      0      0      0      0      0      0      0      0      0      0      0      0      0      0      0      0      0 
     0      0      0      0      0      0      0      0      0      0      0      0      0      0      0      0      0      0      0 
0 -1 -1
     0    138      1      0      0    171      0      0      0      3     47      0      0      0    171      0      0      1    153 
  3894  10696   3972   4201   4126   8963   3490   4203   4290   4331   5173   3618   4163   4532   8403   3878   9042   4772  14471 
 17236  13361     51    154   3972   8963  10696   4126   3894   4201   4331   4290   4203   4163   9042   4532   4772   8403  14471   3878   3618   5173   3490  13287  26304      0      0  65535 
     0      0      0      0      0      0      0      0      0      0      0      0      0      0      0      0      0      0      0 
     0      0      0      0      0      0      0      0      0      0      0      0      0      0      0      0      0      0      0 
     0      0      0      0      0      0      0      0      0      0      0      0      0      0      0      0      0      0      0 
0 -1 -1
     0    121      1      0      0    150      0      0      0      0     38      0      0      0    150      0      0      1    139 
  3891   9955   3968   4203   4129   8406   3490   4203   4294   4264   4929   3621   4166   4535   7876   3882   9037   4768  13572 
 17236  13361     51    154   3968   8406   9955   4129   3891   4203   4264   4294   4203   4166   9037   4535   4768   7876  13572   3882   3621   4929   3490  13290  26304      0      0  65535 
     0      0      0      0      0      0      0      0      0      0      0      0      0      0      0      0      0      0      0 
     0      0      0      0      0      0      0      0      0      0      0      0      0      0      0      0      0      0      0 
     0      0      0      0      0      0      0      0      0      0      0      0      0      0      0      0      0      0      0 
0 -1 -1
     0    106      1      0      0    137      0      0      0      0     37      0      0      0    122      0      0      1    122 
  3893   9292   3966   4204   4130   8039   3492   4206   4298   4233   4889   3622   4167   4537   7165   3884   9037   4761  12481 
 17236  13361     51    154   3966   8039   9292   4130   3893   4204   4233   4298   4206   4167   9037   4537   4761   7165  12481   3884   3622   4889   3492  13290  26304      0      0  65535 
     0      0      0      0      0      0      0      0      0      0      0      0      0      0      0      0      0      0      0 
     0      0      0      0      0      0      0      0      0      0      0      0      0      0      0      0      0      0      0 
     0      0      0      0      0      0      0      0      0      0      0      0      0      0      0      0      0      0      0 
0 -1 -1
     0     88      0      0      0    113      0      0      0      0     22      0      0      0    107      0      0      1    110 
  3892   8541   3961   4207   4133   7400   3489   4207   4302   4236   4480   3623   4170   4541   6801   3886   9037   4757  11659 
 17236  13361     51    154   3961   7400   8541   4133   3892   4207   4236   4302   4207   4170   9037   4541   4757   6801  11659   3886   3623   4480   3489  13290  26305      0      0  65535 
     0      0      0      0      0      0      0      0      0      0      0      0      0      0      0      0      0      0      0 
     0      0      0      0      0      0      0      0      0      0      0      0      0      0      0      0      0      0      0 
     0      0      0      0      0      0      0      0      0      0      0      0      0      0      0      0      0      0      0 
0 -1 -1
     0     69      0      0      0     82      0      0      0      0     10      0      0      0     90      0      0      1     96 
  3891   7718   3959   4210   4135   6558   3491   4209   4306   4240   4171   3625   4171   4545   6379   3888   9039   4752  10774 
 17236  13361     51    154   3959   6558   7718   4135   3891   4210   4240   4306   4209   4171   9039   4545   4752   6379  10774   3888   3625   4171   3491  13290  26304      0      0  65535 
     0      0      0      0      0      0      0      0      0      0      0      0      0      0      0      0      0      0      0 
     0      0      0      0      0      0      0      0      0      0      0      0      0      0      0      0      0      0      0 
     0      0      0      0      0      0      0      0      0      0      0      0      0      0      0      0      0      0      0 
0 -1 -1
     0     57      0      0      0     66      0      0      0      0      7      0      0      0     61      0      0      1     77 
  3890   7167   3954   4211   4136   6137   3490   4209   4312   4245   4085   3627   4174   4546   5657   3890   9039   4745   9517 
 17236  13361     51    154   3954   6137   7167   4136   3890   4211   4245   4312   4209   4174   9039   4546   4745   5657   9517   3890   3627   4085   3490  13291  26304      0      0  65535 
     0      0      0      0      0      0      0      0      0      0      0      0      0      0      0      0      0      0      0 
     0      0      0      0      0      0      0      0      0      0      0      0      0      0      0      0      0      0      0 
     0      0      0      0      0      0      0      0      0      0      0      0      0      0      0      0      0      0      0 
0 -1 -1
     0     33      0      0      0     52      0      0      0      0     16      0      0      0      6      0      0      0     33 
  3890   6127   3948   4212   4142   5755   3490   4213   4317   4252   4340   3635   4176   4548   4284   3898   9031   4726   6644 
 17236  13361     51    154   3948   5755   6127   4142   3890   4212   4252   4317   4213   4176   9031   4548   4726   4284   6644   3898   3635   4340   3490  13292  26303      0      0  65535 
     0      0      0      0      0      0      0      0      0      0      0      0      0      0      0      0      0      0      0 
     0      0      0      0      0      0      0      0      0      0      0      0      0      0      0      0      0      0      0 
     0      0      0      0      0      0      0      0      0      0      0      0      0      0      0      0      0      0      0 
0 -1 -1
     0      0      0      0      0     13      0      0      0      0      4      0      0      0      0      0      0      0      0 
  3889   4625   3939   4215   4146   4702   3488   4214   4325   4262   4002   3637   4179   4552   4129   3905   9037   4710   4492 
 17236  13361     51    154   3939   4702   4625   4146   3889   4215   4262   4325   4214   4179   9037   4552   4710   4129   4492   3905   3637   4002   3488  13292  26303      0      0  65535 
     0      0      0      0      0      0      0      0      0      0      0      0      0      0      0      0      0      0      0 
     0      0      0      0      0      0      0      0      0      0      0      0      0      0      0      0      0      0      0 
     0      0      0      0      0      0      0      0      0      0      0      0      0      0      0      0      0      0      0 
0 -1 -1
     0      0      0      0      0      0      0      0      0      0      0      0      0      0      0      0      0      0      0 
  3885   4030   3939   4217   4147   3853   3484   4215   4325   4268   3849   3637   4179   4554   4129   3904   9037   4708   4285 
 17236  13361     51    154   3939   3853   4030   4147   3885   4217   4268   4325   4215   4179   9037   4554   4708   4129   4285   3904   3637   3849   3484  13292  26305      0      0  65535 
     0      0      0      0      0      0      0      0      0      0      0      0      0      0      0      0      0      0      0 
     0      0      0      0      0      0      0      0      0      0      0      0      0      0      0      0      0      0      0 
     0      0      0      0      0      0      0      0      0      0      0      0      0      0      0      0      0      0      0 
0 -1 -1
     0      0      0      0      0      0      0      0      0      0      0      0      0      0      0      0      0      0      0 
  3885   4024   3938   4217   4146   3849   3486   4215   4328   4268   3849   3636   4179   4555   4127   3903   9044   4707   4280 
 17236  13361     51    154   3938   3849   4024   4146   3885   4217   4268   4328   4215   4179   9044   4555   4707   4127   4280   3903   3636   3849   3486  13294  26304      0      0  65535 
     0      0      0      0      0      0      0      0      0      0      0      0      0      0      0      0      0      0      0 
     0      0      0      0      0      0      0      0      0      0      0      0      0      0      0      0      0      0      0 
     0      0      0      0      0      0      0      0      0      0      0      0      0      0      0      0      0      0      0 
0 -1 -1
     0      0      0      0      0      0      0      0      0      0      0      0      0      0      0      0      0      0      0 
  3885   4023   3939   4217   4145   3846   3483   4213   4328   4269   3848   3636   4179   4555   4126   3903   9044   4708   4279 
 17236  13361     51    154   3939   3846   4023   4145   3885   4217   4269   4328   4213   4179   9044   4555   4708   4126   4279   3903   3636   3848   3483  13294  26304      0      1  65535 
     0      0      0      0      0      0      0      0      0      0      0      0      0      0      0      0      0      0      0 
     0      0      0      0      0      0      0      0      0      0      0      0      0      0      0      0      0      0      0 
     0      0      0      0      0      0      0      0      0      0      0      0      0      0      0      0      0      0      0 
0 -1 -1
     0      0      0      0      0      0      0      0      0      0      0      0      0      0      0      0      0      0      0 
  3885   4022   3939   4217   4147   3845   3485   4214   4328   4269   3849   3636   4178   4554   4126   3902   9038   4707   4278 
 17236  13361     51    154   3939   3845   4022   4147   3885   4217   4269   4328   4214   4178   9038   4554   4707   4126   4278   3902   3636   3849   3485  13294  26304      0      0  65535 
     0      0      0      0      0      0      0      0      0      0      0      0      0      0      0      0      0      0      0 
     0      0      0      0      0      0      0      0      0      0      0      0      0      0      0      0      0      0      0 
     0      0      0      0      0      0      0      0      0      0      0      0      0      0      0      0      0      0      0 
0 -1 -1
     0      0      0      0      0      0      0      0      0      0      0      0      0      0      0      0      0      0      0 
  3885   4022   3939   4218   4146   3845   3484   4214   4328   4268   3849   3636   4180   4555   4125   3904   9040   4708   4277 
 17236  13361     51    154   3939   3845   4022   4146   3885   4218   4268   4328   4214   4180   9040   4555   4708   4125   4277   3904   3636   3849   3484  13294  26304      0      0  65535 
     0      0      0      0      0      0      0      0      0      0      0      0      0      0      0      0      0      0      0 
     0      0      0      0      0      0      0      0      0      0      0      0      0      0      0      0      0      0      0 
     0      0      0      0      0      0      0      0      0      0      0      0      0      0      0      0      0      0      0 
0 -1 -1
     0      0      0      0      0      0      0      0      0      0      0      0      0      0      0      0      0      0      0 
  3885   4021   3939   4216   4145   3844   3484   4214   4326   4268   3848   3635   4180   4554   4123   3904   9041   4707   4275 
 17236  13361     51    154   3939   3844   4021   4145   3885   4216   4268   4326   4214   4180   9041   4554   4707   4123   4275   3904   3635   3848   3484  13294  26304      0      0  65535 
     0      0      0      0      0      0      0      0      0      0      0      0      0      0      0      0      0      0      0 
     0      0      0      0      0      0      0      0      0      0      0      0      0      0      0      0      0      0      0 
     0      0      0      0      0      0      0      0      0      0      0      0      0      0      0      0      0      0      0 
0 -1 -1
     0      0      0      0      0      0      0      0      0      0      0      0      0      0      0      0      0      0      0 
  3886   4019   3940   4216   4146   3844   3485   4214   4326   4268   3847   3636   4178   4554   4123   3903   9047   4708   4274 
 17236  13361     51    154   3940   3844   4019   4146   3886   4216   4268   4326   4214   4178   9047   4554   4708   4123   4274   3903   3636   3847   3485  13295  26304      0      0  65535 
     0      0      0      0      0      0      0      0      0      0      0      0      0      0      0      0      0      0      0 
     0      0      0      0      0      0      0      0      0      0      0      0      0      0      0      0      0      0      0 
     0      0      0      0      0      0      0      0      0      0      0      0      0      0      0      0      0      0      0 
0 -1 -1
     0      0      0      0      0      0      0      0      0      0      0      0      0      0      0      0      0      0      0 
  3885   4018   3937   4217   4145   3844   3484   4214   4326   4268   3847   3636   4178   4553   4123   3903   9033   4706   4273 
 17236  13361     51    154   3937   3844   4018   4145   3885   4217   4268   4326   4214   4178   9033   4553   4706   4123   4273   3903   3636   3847   3484  13289  26303      0      0  65535 
     0      0      0      0      0      0      0      0      0      0      0      0      0      0      0      0      0      0      0 
     0      0      0      0      0      0      0      0      0      0      0      0      0      0      0      0      0      0      0 
     0      0      0      0      0      0      0      0      0      0      0      0      0      0      0      0      0      0      0 
0 -1 -1
     0      0      0      0      0      0      0      0      0      0      0      0      0      0      0      0      0      0      0 
  3885   4018   3939   4216   4145   3842   3484   4214   4326   4266   3846   3637   4179   4554   4122   3904   9037   4706   4275 
 17236  13361     51    154   3939   3842   4018   4145   3885   4216   4266   4326   4214   4179   9037   4554   4706   4122   4275   3904   3637   3846   3484  13288  26303      0      0  65535 
     0      0      0      0      0      0      0      0      0      0      0      0      0      0      0      0      0      0      0 
     0      0      0      0      0      0      0      0      0      0      0      0      0      0      0      0      0      0      0 
     0      0      0      0      0      0      0      0      0      0      0      0      0      0      0      0      0      0      0 
0 -1 -1
     0      0      0      0      0      0      0      0      0      0      0      0      0      0      0      0      0      0      0 
  3884   4019   3937   4216   4144   3843   3485   4214   4326   4268   3846   3635   4178   4554   4123   3903   9030   4706   4272 
 17236  13361     51    154   3937   3843   4019   4144   3884   4216   4268   4326   4214   4178   9030   4554   4706   4123   4272   3903   3635   3846   3485  13287  26303      0      0  65535 
     0      0      0      0      0      0      0      0      0      0      0      0      0      0      0      0      0      0      0 
     0      0      0      0      0      0      0      0      0      0      0      0      0      0      0      0      0      0      0 
     0      0      0      0      0      0      0      0      0      0      0      0      0      0      0      0      0      0      0 
0 -1 -1
     0      0      0      0      0      0      0      0      0      0      0      0      0      0      0      0      0      0      0 
  3884   4018   3938   4216   4145   3842   3484   4213   4327   4268   3848   3635   4178   4554   4122   3903   9033   4706   4274 
 17236  13361     51    154   3938   3842   4018   4145   3884   4216   4268   4327   4213   4178   9033   4554   4706   4122   4274   3903   3635   3848   3484  13287  26303      0      0  65535 
     0      0      0      0      0      0      0      0      0      0      0      0      0      0      0      0      0      0      0 
     0      0      0      0      0      0      0      0      0      0      0      0      0      0      0      0      0      0      0 
     0      0      0      0      0      0      0      0      0      0      0      0      0      0      0      0      0      0      0 
0 -1 -1
     0      0      0      0      0      0      0      0      0      0      0      0      0      0      0      0      0      0      0 
  3883   4019   3939   4216   4144   3842   3484   4214   4327   4267   3846   3635   4179   4553   4123   3903   9040   4705   4274 
 17236  13361     51    154   3939   3842   4019   4144   3883   4216   4267   4327   4214   4179   9040   4553   4705   4123   4274   3903   3635   3846   3484  13289  26303      0      0  65535 
     0      0      0      0      0      0      0      0      0      0      0      0      0      0      0      0      0      0      0 
     0      0      0      0      0      0      0      0      0      0      0      0      0      0      0      0      0      0      0 
     0      0      0      0      0      0      0      0      0      0      0      0      0      0      0      0      0      0      0 
0 -1 -1
     0      0      0      0      0      0      0      0      0      0      0      0      0      0      0      0      0      0      0 
  3885   4018   3938   4216   4145   3844   3483   4214   4326   4267   3846   3635   4178   4553   4121   3903   9039   4706   4273 
 17236  13361     51    154   3938   3844   4018   4145   3885   4216   4267   4326   4214   4178   9039   4553   4706   4121   4273   3903   3635   3846   3483  13289  26303      0      1  65535 
     0      0      0      0      0      0      0      0      0      0      0      0      0      0      0      0      0      0      0 
     0      0      0      0      0      0      0      0      0      0      0      0      0      0      0      0      0      0      0 
     0      0      0      0      0      0      0      0      0      0      0      0      0      0      0      0      0      0      0 
0 -1 -1
     0      0      0      0      0      0      0      0      0      0      0      0      0      0      0      0      0      0      0 
  3885   4018   3939   4216   4144   3842   3483   4215   4327   4267   3846   3636   4178   4554   4121   3904   9038   4706   4272 
 17236  13361     51    154   3939   3842   4018   4144   3885   4216   4267   4327   4215   4178   9038   4554   4706   4121   4272   3904   3636   3846   3483  13289  26303      0      0  65535 
     0      0      0      0      0      0      0      0      0      0      0      0      0      0      0      0      0      0      0 
     0      0      0      0      0      0      0      0      0      0      0      0      0      0      0      0      0      0      0 
     0      0      0      0      0      0      0      0      0      0      0      0      0      0      0      0      0      0      0 
0 -1 -1
     0      0      0      0      0      0      0      0      0      0      0      0      0      0      0      0      0      0      0 
  3884   4018   3937   4215   4146   3843   3484   4214   4325   4266   3847   3636   4179   4553   4121   3902   9039   4705   4273 
 17236  13361     51    154   3937   3843   4018   4146   3884   4215   4266   4325   4214   4179   9039   4553   4705   4121   4273   3902   3636   3847   3484  13288  26304      0      0  65535 
     0      0      0      0      0      0      0      0      0      0      0      0      0      0      0      0      0      0      0 
     0      0      0      0      0      0      0      0      0      0      0      0      0      0      0      0      0      0      0 
     0      0      0      0      0      0      0      0      0      0      0      0      0      0      0      0      0      0      0 
0 -1 -1
     0      0      0      0      0      0      0      0      0      0      0      0      0      0      0      0      0      0      0 
  3884   4017   3939   4215   4144   3842   3484   4214   4325   4266   3847   3636   4178   4553   4122   3903   9037   4705   4273 
 17236  13361     51    154   3939   3842   4017   4144   3884   4215   4266   4325   4214   4178   9037   4553   4705   4122   4273   3903   3636   3847   3484  13288  26304      0      0  65535 
     0      0      0      0      0      0      0      0      0      0      0      0      0      0      0      0      0      0      0 
     0      0      0      0      0      0      0      0      0      0      0      0      0      0      0      0      0      0      0 
     0      0      0      0      0      0      0      0      0      0      0      0      0      0      0      0      0      0      0 
0 -1 -1
     0      0      0      0      0      0      0      0      0      0      0      0      0      0      0      0      0      0      0 
  3885   4015   3938   4216   4144   3842   3484   4213   4325   4268   3846   3635   4177   4552   4121   3901   9028   4705   4273 
 17236  13361     51    154   3938   3842   4015   4144   3885   4216   4268   4325   4213   4177   9028   4552   4705   4121   4273   3901   3635   3846   3484  13288  26303      0      0  65535 
     0      0      0      0      0      0      0      0      0      0      0      0      0      0      0      0      0      0      0 
     0      0      0      0      0      0      0      0      0      0      0      0      0      0      0      0      0      0      0 
     0      0      0      0      0      0      0      0      0      0      0      0      0      0      0      0      0      0      0 
0 -1 -1
     0      0      0      0      0      0      0      0      0      0      0      0      0      0      0      0      0      0      0 
  3885   4017   3939   4216   4144   3842   3484   4213   4326   4266   3847   3635   4178   4552   4120   3903   9043   4704   4270 
 17236  13361     51    154   3939   3842   4017   4144   3885   4216   4266   4326   4213   4178   9043   4552   4704   4120   4270   3903   3635   3847   3484  13287  26303      0      0  65535 
     0      0      0      0      0      0      0      0      0      0      0      0      0      0      0      0      0      0      0 
     0      0      0      0      0      0      0      0      0      0      0      0      0      0      0      0      0      0      0 
     0      0      0      0      0      0      0      0      0      0      0      0      0      0      0      0      0      0      0 
0 -1 -1
     0      0      0      0      0      0      0      0      0      0      0      0      0      0      0      0      0      0      0 
  3884   4016   3938   4215   4145   3840   3483   4214   4324   4266   3846   3635   4176   4553   4120   3902   9041   4705   4273 
 17236  13361     51    154   3938   3840   4016   4145   3884   4215   4266   4324   4214   4176   9041   4553   4705   4120   4273   3902   3635   3846   3483  13288  26305      0      0  65535 
     0      0      0      0      0      0      0      0      0      0      0      0      0      0      0      0      0      0      0 
     0      0      0      0      0      0      0      0      0      0      0      0      0      0      0      0      0      0      0 
     0      0      0      0      0      0      0      0      0      0      0      0      0      0      0      0      0      0      0 
0 -1 -1
