     0      0      0      0      0      0      7      0      0      0    255     45      0      0    255      1      3    255      2 
  3644   3816   3855   3921   3815   3617   3798   3949   3973   3965  15159   5229   3962   4325  32766   4003   9117  22528   4441 
 17236  13361     51    144   3855   3617   3816   3815   3644   3921   3965   3973   3949   3962   9117   4325  22528  32766   4441   4003   5229  15159   3798  13298  26304      0      0  65535 
     0      0      0      0      0      0      0      0      0      0      0      0      0      0      0      0      0      0      0 
     0      0      0      0      0      0      0      0      0      0      0      0      0      0      0      0      0      0      0 
     0      0      0      0      0      0      0      0      0      0      0      0      0      0      0      0      0      0      0 
0 -1 -1
     0      0      0      0      0      0      8      0      0      0    255     46      0      0    255      1      4    255      2 
  3646   3816   3855   3922   3813   3617   3814   3949   3971   3966  15275   5279   3962   4325  32766   4005   9183  22902   4448 
 17236  13361     51    144   3855   3617   3816   3813   3646   3922   3966   3971   3949   3962   9183   4325  22902  32766   4448   4005   5279  15275   3814  13299  26304      0      0  65535 
     0      0      0      0      0      0      0      0      0      0      0      0      0      0      0      0      0      0      0 
     0      0      0      0      0      0      0      0      0      0      0      0      0      0      0      0      0      0      0 
     0      0      0      0      0      0      0      0      0      0      0      0      0      0      0      0      0      0      0 
0 -1 -1
     0      0      0      0      0      0      7      0      0      0    255     46      0      0    255      1      7    255      2 
  3647   3817   3854   3922   3815   3618   3796   3952   3973   3968  15166   5272   3968   4328  32766   4006   9286  22846   4451 
 17236  13361     51    144   3854   3618   3817   3815   3647   3922   3968   3973   3952   3968   9286   4328  22846  32766   4451   4006   5272  15166   3796  13300  26305      0      0  65535 
     0      0      0      0      0      0      0      0      0      0      0      0      0      0      0      0      0      0      0 
     0      0      0      0      0      0      0      0      0      0      0      0      0      0      0      0      0      0      0 
     0      0      0      0      0      0      0      0      0      0      0      0      0      0      0      0      0      0      0 
0 -1 -1
     0      0      0      0      0      0      7      0      0      0    255     46      0      0    255      1     10    255      2 
  3649   3818   3856   3924   3816   3620   3763   3952   3974   3970  15033   5265   3969   4328  32766   4008   9447  23094   4455 
 17236  13361     51    144   3856   3620   3818   3816   3649   3924   3970   3974   3952   3969   9447   4328  23094  32766   4455   4008   5265  15033   3763  13306  26304      0      0  65535 
     0      0      0      0      0      0      0      0      0      0      0      0      0      0      0      0      0      0      0 
     0      0      0      0      0      0      0      0      0      0      0      0      0      0      0      0      0      0      0 
     0      0      0      0      0      0      0      0      0      0      0      0      0      0      0      0      0      0      0 
0 -1 -1
     0      0      0      0      0      0      5      0      0      0    255     44      0      0    255      1     13    255      2 
  3650   3821   3860   3928   3819   3623   3712   3955   3976   3974  14747   5212   3972   4330  32766   4009   9556  23096   4456 
 17236  13361     51    144   3860   3623   3821   3819   3650   3928   3974   3976   3955   3972   9556   4330  23096  32766   4456   4009   5212  14747   3712  13306  26304      0      0  65535 
     0      0      0      0      0      0      0      0      0      0      0      0      0      0      0      0      0      0      0 
     0      0      0      0      0      0      0      0      0      0      0      0      0      0      0      0      0      0      0 
     0      0      0      0      0      0      0      0      0      0      0      0      0      0      0      0      0      0      0 
0 -1 -1
     0      0      0      0      0      0      5      0      0      0    255     44      0      0    255      1     18    255      2 
  3652   3823   3860   3928   3820   3625   3700   3955   3978   3974  14691   5200   3973   4331  32766   4008   9804  23146   4459 
 17236  13361     51    145   3860   3625   3823   3820   3652   3928   3974   3978   3955   3973   9804   4331  23146  32766   4459   4008   5200  14691   3700  13305  26304      0      0  65535 
     0      0      0      0      0      0      0      0      0      0      0      0      0      0      0      0      0      0      0 
     0      0      0      0      0      0      0      0      0      0      0      0      0      0      0      0      0      0      0 
     0      0      0      0      0      0      0      0      0      0      0      0      0      0      0      0      0      0      0 
0 -1 -1
     0      0      0      0      0      0      4      0      0      0    255     43      0      0    255      1     26    255      2 
  3652   3824   3860   3930   3822   3626   3672   3956   3979   3976  14564   5181   3975   4334  32766   4010  10170  23165   4459 
 17236  13361     51    145   3860   3626   3824   3822   3652   3930   3976   3979   3956   3975  10170   4334  23165  32766   4459   4010   5181  14564   3672  13304  26304      0      0  65535 
     0      0      0      0      0      0      0      0      0      0      0      0      0      0      0      0      0      0      0 
     0      0      0      0      0      0      0      0      0      0      0      0      0      0      0      0      0      0      0 
     0      0      0      0      0      0      0      0      0      0      0      0      0      0      0      0      0      0      0 
0 -1 -1
     0      0      0      0      0      0      4      0      0      0    255     42      0      0    255      1     27    255      2 
  3655   3825   3860   3929   3824   3628   3631   3959   3983   3977  14308   5137   3979   4334  32766   4011  10229  23058   4461 
 17236  13361     51    145   3860   3628   3825   3824   3655   3929   3977   3983   3959   3979  10229   4334  23058  32766   4461   4011   5137  14308   3631  13304  26305      0      0  65535 
     0      0      0      0      0      0      0      0      0      0      0      0      0      0      0      0      0      0      0 
     0      0      0      0      0      0      0      0      0      0      0      0      0      0      0      0      0      0      0 
     0      0      0      0      0      0      0      0      0      0      0      0      0      0      0      0      0      0      0 
0 -1 -1
     0      0      0      0      0      0      3      0      0      0    255     41      0      0    255      1     22    255      2 
  3656   3826   3861   3933   3829   3631   3595   3960   3985   3979  14057   5119   3981   4334  32766   4012   9987  22923   4464 
 17236  13361     51    145   3861   3631   3826   3829   3656   3933   3979   3985   3960   3981   9987   4334  22923  32766   4464   4012   5119  14057   3595  13304  26305      0      0  65535 
     0      0      0      0      0      0      0      0      0      0      0      0      0      0      0      0      0      0      0 
     0      0      0      0      0      0      0      0      0      0      0      0      0      0      0      0      0      0      0 
     0      0      0      0      0      0      0      0      0      0      0      0      0      0      0      0      0      0      0 
0 -1 -1
     0      0      0      0      0      0      2      0      0      0    255     42      1      0    255      1     18    255      2 
  3657   3829   3863   3934   3830   3632   3578   3962   3988   3980  13965   5130   3983   4335  32766   4012   9800  22934   4467 
 17236  13361     51    145   3863   3632   3829   3830   3657   3934   3980   3988   3962   3983   9800   4335  22934  32766   4467   4012   5130  13965   3578  13304  26305      0      0  65535 
     0      0      0      0      0      0      0      0      0      0      0      0      0      0      0      0      0      0      0 
     0      0      0      0      0      0      0      0      0      0      0      0      0      0      0      0      0      0      0 
     0      0      0      0      0      0      0      0      0      0      0      0      0      0      0      0      0      0      0 
0 -1 -1
     0      0      0      0      0      0      2      0      0      0    255     43      0      0    255      1     16    255      2 
  3659   3829   3865   3936   3832   3631   3567   3964   3987   3980  13943   5187   3981   4334  32766   4016   9706  22967   4470 
 17236  13361     51    145   3865   3631   3829   3832   3659   3936   3980   3987   3964   3981   9706   4334  22967  32766   4470   4016   5187  13943   3567  13304  26305      0      0  65535 
     0      0      0      0      0      0      0      0      0      0      0      0      0      0      0      0      0      0      0 
     0      0      0      0      0      0      0      0      0      0      0      0      0      0      0      0      0      0      0 
     0      0      0      0      0      0      0      0      0      0      0      0      0      0      0      0      0      0      0 
0 -1 -1
     0      0      0      0      0      0      3      0      0      0    255     47      1      0    255      1     18    255      2 
  3660   3830   3863   3938   3831   3633   3613   3963   3985   3982  14349   5315   3983   4333  32766   4017   9781  23176   4471 
 17236  13361     51    145   3863   3633   3830   3831   3660   3938   3982   3985   3963   3983   9781   4333  23176  32766   4471   4017   5315  14349   3613  13304  26304      0      0  65535 
     0      0      0      0      0      0      0      0      0      0      0      0      0      0      0      0      0      0      0 
     0      0      0      0      0      0      0      0      0      0      0      0      0      0      0      0      0      0      0 
     0      0      0      0      0      0      0      0      0      0      0      0      0      0      0      0      0      0      0 
0 -1 -1
     0      0      0      0      0      0      5      0      0      0    255     52      1      0    255      1     10    255      2 
  3660   3829   3863   3937   3829   3632   3682   3965   3985   3981  14765   5473   3985   4336  32766   4018   9442  22955   4472 
 17236  13361     51    145   3863   3632   3829   3829   3660   3937   3981   3985   3965   3985   9442   4336  22955  32766   4472   4018   5473  14765   3682  13303  26304      0      0  65535 
     0      0      0      0      0      0      0      0      0      0      0      0      0      0      0      0      0      0      0 
     0      0      0      0      0      0      0      0      0      0      0      0      0      0      0      0      0      0      0 
     0      0      0      0      0      0      0      0      0      0      0      0      0      0      0      0      0      0      0 
0 -1 -1
     0      0      0      0      0      0      6      0      0      0    255     52      1      0    255      1      0    255      2 
  3664   3832   3865   3941   3833   3639   3728   3968   3992   3992  14695   5489   3985   4340  32766   4018   8937  21955   4469 
 17236  13361     51    145   3865   3639   3832   3833   3664   3941   3992   3992   3968   3985   8937   4340  21955  32766   4469   4018   5489  14695   3728  13302  26304      0      1  65535 
     0      0      0      0      0      0      0      0      0      0      0      0      0      0      0      0      0      0      0 
     0      0      0      0      0      0      0      0      0      0      0      0      0      0      0      0      0      0      0 
     0      0      0      0      0      0      0      0      0      0      0      0      0      0      0      0      0      0      0 
0 -1 -1
     0      0      0      0      0      0      6      0      0      0    255     51      1      0    255      1      0    255      2 
  3666   3835   3866   3943   3839   3645   3736   3972   4000   4000  14455   5444   3989   4345  32692   4017   8922  21035   4465 
 17236  13361     51    145   3866   3645   3835   3839   3666   3943   4000   4000   3972   3989   8922   4345  21035  32692   4465   4017   5444  14455   3736  13302  26304      0      0  65535 
     0      0      0      0      0      0      0      0      0      0      0      0      0      0      0      0      0      0      0 
     0      0      0      0      0      0      0      0      0      0      0      0      0      0      0      0      0      0      0 
     0      0      0      0      0      0      0      0      0      0      0      0      0      0      0      0      0      0      0 
0 -1 -1
     0      0      0      0      0      0      5      0      0      0    255     48      1      0    255      1      0    255      2 
  3668   3837   3871   3946   3845   3652   3711   3974   4005   4009  14119   5335   3992   4349  31829   4015   8924  20366   4461 
 17236  13361     51    145   3871   3652   3837   3845   3668   3946   4009   4005   3974   3992   8924   4349  20366  31829   4461   4015   5335  14119   3711  13302  26305      1      0  65535 
     0      0      0      0      0      0      0      0      0      0      0      0      0      0      0      0      0      0      0 
     0      0      0      0      0      0      0      0      0      0      0      0      0      0      0      0      0      0      0 
     0      0      0      0      0      0      0      0      0      0      0      0      0      0      0      0      0      0      0 
0 -1 -1
     0      0      0      0      0      0      3      0      0      0    244     41      1      0    255      1      0    255      2 
  3669   3842   3874   3950   3853   3659   3601   3978   4014   4018  13259   5090   3996   4355  30007   4010   8920  19582   4453 
 17236  13361     51    145   3874   3659   3842   3853   3669   3950   4018   4014   3978   3996   8920   4355  19582  30007   4453   4010   5090  13259   3601  13302  26304      0      0  65535 
     0      0      0      0      0      0      0      0      0      0      0      0      0      0      0      0      0      0      0 
     0      0      0      0      0      0      0      0      0      0      0      0      0      0      0      0      0      0      0 
     0      0      0      0      0      0      0      0      0      0      0      0      0      0      0      0      0      0      0 
0 -1 -1
     0      0      0      1      0      0      0      0      0      0    181     27      1      0    255      1      0    241      2 
  3673   3849   3879   3956   3870   3672   3477   3985   4033   4033  11554   4618   4003   4363  25842   4001   8925  17489   4439 
 17236  13361     51    145   3879   3672   3849   3870   3673   3956   4033   4033   3985   4003   8925   4363  17489  25842   4439   4001   4618  11554   3477  13301  26304      0      0  65535 
     0      0      0      0      0      0      0      0      0      0      0      0      0      0      0      0      0      0      0 
     0      0      0      0      0      0      0      0      0      0      0      0      0      0      0      0      0      0      0 
     0      0      0      0      0      0      0      0      0      0      0      0      0      0      0      0      0      0      0 
0 -1 -1
     1      1      0      1      0      0      0      0      0      0     97     12      1      0    255      1      0    173      2 
  3678   3856   3885   3963   3889   3692   3472   3994   4057   4057   9277   4115   4008   4368  20335   3988   8933  14366   4412 
 17236  13361     51    145   3885   3692   3856   3889   3678   3963   4057   4057   3994   4008   8933   4368  14366  20335   4412   3988   4115   9277   3472  13296  26304      0      0  65535 
     0      0      0      0      0      0      0      0      0      0      0      0      0      0      0      0      0      0      0 
     0      0      0      0      0      0      0      0      0      0      0      0      0      0      0      0      0      0      0 
     0      0      0      0      0      0      0      0      0      0      0      0      0      0      0      0      0      0      0 
0 -1 -1
     1      1      1      1      1      1      0      1      1      2      0      0      1      1    133      0     15     61      1 
  3687   3868   3895   3974   3920   3717   3491   4007   4090   4091   5829   3720   4013   4382  12120   3973   9679   9213   4374 
 17236  13361     51    145   3895   3717   3868   3920   3687   3974   4091   4090   4007   4013   9679   4382   9213  12120   4374   3973   3720   5829   3491  13293  26304      0      0  65535 
     0      0      0      0      0      0      0      0      0      0      0      0      0      0      0      0      0      0      0 
     0      0      0      0      0      0      0      0      0      0      0      0      0      0      0      0      0      0      0 
     0      0      0      0      0      0      0      0      0      0      0      0      0      0      0      0      0      0      0 
0 -1 -1
     1      1      1      1      2      2      0      1      2      3      0      1      1      2      0      1      0      0      0 
  3693   3877   3900   3983   3946   3737   3498   4016   4118   4122   3874   3731   4005   4414   4960   3975   8992   5252   4339 
 17236  13361     51    145   3900   3737   3877   3946   3693   3983   4122   4118   4016   4005   8992   4414   5252   4960   4339   3975   3731   3874   3498  13293  26304      0      0  65535 
     0      0      0      0      0      0      0      0      0      0      0      0      0      0      0      0      0      0      0 
     0      0      0      0      0      0      0      0      0      0      0      0      0      0      0      0      0      0      0 
     0      0      0      0      0      0      0      0      0      0      0      0      0      0      0      0      0      0      0 
0 -1 -1
     1      1      1      1      3      2      0      1      2      3      0      1      1      3      0      1      0      0      0 
  3694   3878   3901   3986   3951   3740   3499   4018   4124   4124   3813   3732   4006   4420   4058   3978   8999   4676   4336 
 17236  13361     51    145   3901   3740   3878   3951   3694   3986   4124   4124   4018   4006   8999   4420   4676   4058   4336   3978   3732   3813   3499  13293  26304      0      0  65535 
     0      0      0      0      0      0      0      0      0      0      0      0      0      0      0      0      0      0      0 
     0      0      0      0      0      0      0      0      0      0      0      0      0      0      0      0      0      0      0 
     0      0      0      0      0      0      0      0      0      0      0      0      0      0      0      0      0      0      0 
0 -1 -1
     1      1      1      1      3      2      0      1      2      3      0      1      1      2      0      1      1      0      0 
  3694   3880   3902   3987   3952   3741   3499   4020   4124   4126   3813   3733   4008   4418   4054   3980   9019   4674   4335 
 17236  13361     51    145   3902   3741   3880   3952   3694   3987   4126   4124   4020   4008   9019   4418   4674   4054   4335   3980   3733   3813   3499  13296  26304      0      0  65535 
     0      0      0      0      0      0      0      0      0      0      0      0      0      0      0      0      0      0      0 
     0      0      0      0      0      0      0      0      0      0      0      0      0      0      0      0      0      0      0 
     0      0      0      0      0      0      0      0      0      0      0      0      0      0      0      0      0      0      0 
0 -1 -1
     1      1      1      1      3      2      0      1      3      3      0      1      1      3      0      1      1      0      0 
  3697   3881   3903   3987   3953   3741   3500   4020   4126   4126   3813   3732   4008   4421   4053   3979   9012   4674   4338 
 17236  13361     51    145   3903   3741   3881   3953   3697   3987   4126   4126   4020   4008   9012   4421   4674   4053   4338   3979   3732   3813   3500  13296  26305      0      0  65535 
     0      0      0      0      0      0      0      0      0      0      0      0      0      0      0      0      0      0      0 
     0      0      0      0      0      0      0      0      0      0      0      0      0      0      0      0      0      0      0 
     0      0      0      0      0      0      0      0      0      0      0      0      0      0      0      0      0      0      0 
0 -1 -1
     1      1      1      1      3      2      1      1      3      3      0      1      1      3      0      1      1      0      0 
  3699   3883   3904   3991   3955   3742   3501   4023   4127   4128   3811   3732   4010   4422   4055   3980   9016   4674   4337 
 17236  13361     51    145   3904   3742   3883   3955   3699   3991   4128   4127   4023   4010   9016   4422   4674   4055   4337   3980   3732   3811   3501  13296  26305      0      0  65535 
     0      0      0      0      0      0      0      0      0      0      0      0      0      0      0      0      0      0      0 
     0      0      0      0      0      0      0      0      0      0      0      0      0      0      0      0      0      0      0 
     0      0      0      0      0      0      0      0      0      0      0      0      0      0      0      0      0      0      0 
0 -1 -1
     1      1      1      1      3      2      1      1      3      3      0      1      1      3      0      1      1      0      0 
  3700   3883   3903   3991   3955   3745   3501   4024   4127   4129   3811   3733   4011   4422   4054   3982   9015   4675   4340 
 17236  13361     51    145   3903   3745   3883   3955   3700   3991   4129   4127   4024   4011   9015   4422   4675   4054   4340   3982   3733   3811   3501  13295  26304      0      0  65535 
     0      0      0      0      0      0      0      0      0      0      0      0      0      0      0      0      0      0      0 
     0      0      0      0      0      0      0      0      0      0      0      0      0      0      0      0      0      0      0 
     0      0      0      0      0      0      0      0      0      0      0      0      0      0      0      0      0      0      0 
0 -1 -1
     1      1      1      1      3      2      1      1      3      3      0      1      1      3      0      1      1      0      0 
  3700   3883   3905   3993   3957   3745   3501   4024   4128   4130   3813   3732   4011   4424   4056   3981   9028   4674   4340 
 17236  13361     51    145   3905   3745   3883   3957   3700   3993   4130   4128   4024   4011   9028   4424   4674   4056   4340   3981   3732   3813   3501  13295  26303      0      0  65535 
     0      0      0      0      0      0      0      0      0      0      0      0      0      0      0      0      0      0      0 
     0      0      0      0      0      0      0      0      0      0      0      0      0      0      0      0      0      0      0 
     0      0      0      0      0      0      0      0      0      0      0      0      0      0      0      0      0      0      0 
0 -1 -1
     1      1      1      1      3      2      1      1      3      3      0      1      1      3      0      1      1      0      0 
  3701   3886   3906   3993   3959   3747   3503   4026   4130   4132   3813   3733   4012   4425   4058   3980   9022   4677   4341 
 17236  13361     51    145   3906   3747   3886   3959   3701   3993   4132   4130   4026   4012   9022   4425   4677   4058   4341   3980   3733   3813   3503  13296  26303      0      0  65535 
     0      0      0      0      0      0      0      0      0      0      0      0      0      0      0      0      0      0      0 
     0      0      0      0      0      0      0      0      0      0      0      0      0      0      0      0      0      0      0 
     0      0      0      0      0      0      0      0      0      0      0      0      0      0      0      0      0      0      0 
0 -1 -1
     1      1      1      1      3      2      1      1      3      3      0      1      1      3      0      1      1      0      0 
  3703   3886   3907   3995   3961   3748   3504   4024   4132   4133   3814   3733   4013   4425   4059   3982   9024   4678   4340 
 17236  13361     51    145   3907   3748   3886   3961   3703   3995   4133   4132   4024   4013   9024   4425   4678   4059   4340   3982   3733   3814   3504  13298  26304      0      0  65535 
     0      0      0      0      0      0      0      0      0      0      0      0      0      0      0      0      0      0      0 
     0      0      0      0      0      0      0      0      0      0      0      0      0      0      0      0      0      0      0 
     0      0      0      0      0      0      0      0      0      0      0      0      0      0      0      0      0      0      0 
0 -1 -1
     1      1      1      1      3      2      1      1      3      3      0      1      1      3      0      1      1      0      0 
  3705   3887   3908   3995   3963   3749   3504   4028   4133   4133   3815   3733   4013   4426   4062   3981   9023   4679   4341 
 17236  13361     51    145   3908   3749   3887   3963   3705   3995   4133   4133   4028   4013   9023   4426   4679   4062   4341   3981   3733   3815   3504  13302  26305      0      0  65535 
     0      0      0      0      0      0      0      0      0      0      0      0      0      0      0      0      0      0      0 
     0      0      0      0      0      0      0      0      0      0      0      0      0      0      0      0      0      0      0 
     0      0      0      0      0      0      0      0      0      0      0      0      0      0      0      0      0      0      0 
0 -1 -1
     1      1      1      1      3      2      1      1      3      3      0      1      1      3      0      1      1      0      0 
  3705   3888   3908   3998   3963   3750   3505   4031   4135   4134   3815   3733   4016   4428   4063   3983   9030   4678   4341 
 17236  13361     51    145   3908   3750   3888   3963   3705   3998   4134   4135   4031   4016   9030   4428   4678   4063   4341   3983   3733   3815   3505  13303  26305      0      0  65535 
     0      0      0      0      0      0      0      0      0      0      0      0      0      0      0      0      0      0      0 
     0      0      0      0      0      0      0      0      0      0      0      0      0      0      0      0      0      0      0 
     0      0      0      0      0      0      0      0      0      0      0      0      0      0      0      0      0      0      0 
0 -1 -1
     1      1      1      1      3      3      1      1      3      4      0      1      1      3      0      1      1      0      0 
  3708   3890   3909   3998   3964   3751   3504   4032   4136   4136   3817   3733   4016   4428   4066   3984   9032   4683   4341 
 17236  13361     51    145   3909   3751   3890   3964   3708   3998   4136   4136   4032   4016   9032   4428   4683   4066   4341   3984   3733   3817   3504  13303  26305      0      0  65535 
     0      0      0      0      0      0      0      0      0      0      0      0      0      0      0      0      0      0      0 
     0      0      0      0      0      0      0      0      0      0      0      0      0      0      0      0      0      0      0 
     0      0      0      0      0      0      0      0      0      0      0      0      0      0      0      0      0      0      0 
0 -1 -1
     1      1      1      1      3      3      1      1      3      4      0      1      1      3      0      1      1      0      0 
  3709   3890   3910   4000   3965   3752   3505   4033   4138   4138   3817   3735   4019   4430   4066   3983   9032   4682   4342 
 17236  13361     51    145   3910   3752   3890   3965   3709   4000   4138   4138   4033   4019   9032   4430   4682   4066   4342   3983   3735   3817   3505  13303  26305      0      0  65535 
     0      0      0      0      0      0      0      0      0      0      0      0      0      0      0      0      0      0      0 
     0      0      0      0      0      0      0      0      0      0      0      0      0      0      0      0      0      0      0 
     0      0      0      0      0      0      0      0      0      0      0      0      0      0      0      0      0      0      0 
0 -1 -1
     1      1      1      1      3      3      1      1      3      4      0      1      1      3      0      1      1      0      0 
  3710   3893   3911   4001   3967   3754   3507   4034   4138   4139   3819   3735   4018   4430   4069   3985   9033   4683   4343 
 17236  13361     51    145   3911   3754   3893   3967   3710   4001   4139   4138   4034   4018   9033   4430   4683   4069   4343   3985   3735   3819   3507  13304  26305      0      0  65535 
     0      0      0      0      0      0      0      0      0      0      0      0      0      0      0      0      0      0      0 
     0      0      0      0      0      0      0      0      0      0      0      0      0      0      0      0      0      0      0 
     0      0      0      0      0      0      0      0      0      0      0      0      0      0      0      0      0      0      0 
0 -1 -1
     1      1      1      1      3      3      1      1      3      4      0      1      1      3      0      1      1      0      0 
  3710   3892   3911   4003   3967   3754   3505   4035   4139   4139   3818   3735   4020   4431   4069   3984   9032   4684   4343 
 17236  13361     51    145   3911   3754   3892   3967   3710   4003   4139   4139   4035   4020   9032   4431   4684   4069   4343   3984   3735   3818   3505  13304  26305      0      0  65535 
     0      0      0      0      0      0      0      0      0      0      0      0      0      0      0      0      0      0      0 
     0      0      0      0      0      0      0      0      0      0      0      0      0      0      0      0      0      0      0 
     0      0      0      0      0      0      0      0      0      0      0      0      0      0      0      0      0      0      0 
0 -1 -1
     1      2      1      1      3      3      1      1      3      4      0      1      1      3      0      1      1      0      0 
  3711   3895   3911   4002   3969   3754   3505   4036   4140   4140   3820   3734   4019   4431   4071   3984   9039   4687   4343 
 17236  13361     51    146   3911   3754   3895   3969   3711   4002   4140   4140   4036   4019   9039   4431   4687   4071   4343   3984   3734   3820   3505  13304  26305      0      0  65535 
     0      0      0      0      0      0      0      0      0      0      0      0      0      0      0      0      0      0      0 
     0      0      0      0      0      0      0      0      0      0      0      0      0      0      0      0      0      0      0 
     0      0      0      0      0      0      0      0      0      0      0      0      0      0      0      0      0      0      0 
0 -1 -1
     1      2      1      1      3      3      1      1      3      4      0      1      1      3      0      1      1      0      0 
  3713   3896   3913   4004   3969   3755   3507   4037   4143   4142   3819   3735   4021   4434   4072   3985   9039   4686   4344 
 17236  13361     51    145   3913   3755   3896   3969   3713   4004   4142   4143   4037   4021   9039   4434   4686   4072   4344   3985   3735   3819   3507  13304  26305      0      0  65535 
     0      0      0      0      0      0      0      0      0      0      0      0      0      0      0      0      0      0      0 
     0      0      0      0      0      0      0      0      0      0      0      0      0      0      0      0      0      0      0 
     0      0      0      0      0      0      0      0      0      0      0      0      0      0      0      0      0      0      0 
0 -1 -1
     1      2      1      1      3      3      1      1      3      4      0      1      1      3      0      1      1      0      0 
  3713   3895   3914   4006   3972   3756   3508   4038   4142   4143   3821   3735   4023   4434   4074   3986   9036   4688   4344 
 17236  13361     51    145   3914   3756   3895   3972   3713   4006   4143   4142   4038   4023   9036   4434   4688   4074   4344   3986   3735   3821   3508  13305  26305      0      0  65535 
     0      0      0      0      0      0      0      0      0      0      0      0      0      0      0      0      0      0      0 
     0      0      0      0      0      0      0      0      0      0      0      0      0      0      0      0      0      0      0 
     0      0      0      0      0      0      0      0      0      0      0      0      0      0      0      0      0      0      0 
0 -1 -1
     1      2      1      1      4      3      1      1      3      4      0      1      1      3      0      1      1      0      1 
  3714   3896   3914   4006   3973   3758   3508   4040   4143   4144   3820   3735   4023   4435   4075   3988   9036   4688   4345 
 17236  13361     51    146   3914   3758   3896   3973   3714   4006   4144   4143   4040   4023   9036   4435   4688   4075   4345   3988   3735   3820   3508  13306  26305      0      0  65535 
     0      0      0      0      0      0      0      0      0      0      0      0      0      0      0      0      0      0      0 
     0      0      0      0      0      0      0      0      0      0      0      0      0      0      0      0      0      0      0 
     0      0      0      0      0      0      0      0      0      0      0      0      0      0      0      0      0      0      0 
0 -1 -1
     1      2      1      2      4      3      1      1      3      4      0      1      2      3      0      1      1      0      1 
  3716   3898   3914   4009   3974   3758   3509   4041   4144   4144   3822   3736   4025   4435   4077   3985   9040   4688   4345 
 17236  13361     51    146   3914   3758   3898   3974   3716   4009   4144   4144   4041   4025   9040   4435   4688   4077   4345   3985   3736   3822   3509  13305  26305      0      0  65535 
     0      0      0      0      0      0      0      0      0      0      0      0      0      0      0      0      0      0      0 
     0      0      0      0      0      0      0      0      0      0      0      0      0      0      0      0      0      0      0 
     0      0      0      0      0      0      0      0      0      0      0      0      0      0      0      0      0      0      0 
0 -1 -1
     1      2      1      2      4      3      1      1      3      4      0      1      2      3      0      1      1      0      1 
  3717   3899   3914   4010   3974   3761   3509   4041   4147   4146   3823   3736   4025   4438   4077   3986   9042   4691   4346 
 17236  13361     51    145   3914   3761   3899   3974   3717   4010   4146   4147   4041   4025   9042   4438   4691   4077   4346   3986   3736   3823   3509  13304  26304      0      0  65535 
     0      0      0      0      0      0      0      0      0      0      0      0      0      0      0      0      0      0      0 
     0      0      0      0      0      0      0      0      0      0      0      0      0      0      0      0      0      0      0 
     0      0      0      0      0      0      0      0      0      0      0      0      0      0      0      0      0      0      0 
0 -1 -1
     1      2      1      2      4      3      1      1      3      4      0      1      2      3      0      1      1      0      1 
  3720   3901   3915   4011   3977   3761   3510   4043   4149   4148   3823   3737   4028   4438   4079   3988   9045   4691   4346 
 17236  13361     51    145   3915   3761   3901   3977   3720   4011   4148   4149   4043   4028   9045   4438   4691   4079   4346   3988   3737   3823   3510  13306  26304      0      0  65535 
     0      0      0      0      0      0      0      0      0      0      0      0      0      0      0      0      0      0      0 
     0      0      0      0      0      0      0      0      0      0      0      0      0      0      0      0      0      0      0 
     0      0      0      0      0      0      0      0      0      0      0      0      0      0      0      0      0      0      0 
0 -1 -1
     1      2      1      2      4      3      1      1      3      4      0      1      2      3      0      1      1      0      1 
  3719   3901   3917   4012   3979   3763   3511   4044   4148   4148   3823   3737   4029   4438   4079   3988   9047   4691   4347 
 17236  13361     51    145   3917   3763   3901   3979   3719   4012   4148   4148   4044   4029   9047   4438   4691   4079   4347   3988   3737   3823   3511  13306  26304      0      0  65535 
     0      0      0      0      0      0      0      0      0      0      0      0      0      0      0      0      0      0      0 
     0      0      0      0      0      0      0      0      0      0      0      0      0      0      0      0      0      0      0 
     0      0      0      0      0      0      0      0      0      0      0      0      0      0      0      0      0      0      0 
0 -1 -1
     1      2      1      2      4      3      1      1      3      4      0      1      2      3      0      1      1      0      1 
  3721   3902   3917   4014   3979   3763   3510   4045   4149   4150   3826   3737   4029   4440   4082   3988   9047   4692   4347 
 17236  13361     51    145   3917   3763   3902   3979   3721   4014   4150   4149   4045   4029   9047   4440   4692   4082   4347   3988   3737   3826   3510  13305  26304      0      0  65535 
     0      0      0      0      0      0      0      0      0      0      0      0      0      0      0      0      0      0      0 
     0      0      0      0      0      0      0      0      0      0      0      0      0      0      0      0      0      0      0 
     0      0      0      0      0      0      0      0      0      0      0      0      0      0      0      0      0      0      0 
0 -1 -1
     1      2      1      2      4      3      1      1      3      4      0      1      2      3      0      1      2      0      1 
  3722   3902   3918   4015   3981   3764   3511   4047   4151   4150   3825   3737   4029   4441   4081   3989   9058   4694   4346 
 17236  13361     51    145   3918   3764   3902   3981   3722   4015   4150   4151   4047   4029   9058   4441   4694   4081   4346   3989   3737   3825   3511  13305  26303      0      0  65535 
     0      0      0      0      0      0      0      0      0      0      0      0      0      0      0      0      0      0      0 
     0      0      0      0      0      0      0      0      0      0      0      0      0      0      0      0      0      0      0 
     0      0      0      0      0      0      0      0      0      0      0      0      0      0      0      0      0      0      0 
0 -1 -1
     1      2      1      2      4      3      1      1      3      4      0      1      2      3      0      1      1      0      1 
  3722   3904   3918   4015   3982   3764   3510   4048   4151   4151   3826   3736   4030   4441   4083   3989   9045   4694   4347 
 17236  13361     51    145   3918   3764   3904   3982   3722   4015   4151   4151   4048   4030   9045   4441   4694   4083   4347   3989   3736   3826   3510  13299  26303      0      1  65535 
     0      0      0      0      0      0      0      0      0      0      0      0      0      0      0      0      0      0      0 
     0      0      0      0      0      0      0      0      0      0      0      0      0      0      0      0      0      0      0 
     0      0      0      0      0      0      0      0      0      0      0      0      0      0      0      0      0      0      0 
0 -1 -1
     1      2      1      2      4      3      1      1      4      4      0      1      2      3      0      1      1      0      1 
  3723   3906   3918   4017   3983   3766   3512   4049   4154   4153   3827   3736   4031   4443   4082   3989   9052   4694   4347 
 17236  13361     51    145   3918   3766   3906   3983   3723   4017   4153   4154   4049   4031   9052   4443   4694   4082   4347   3989   3736   3827   3512  13296  26304      0      0  65535 
     0      0      0      0      0      0      0      0      0      0      0      0      0      0      0      0      0      0      0 
     0      0      0      0      0      0      0      0      0      0      0      0      0      0      0      0      0      0      0 
     0      0      0      0      0      0      0      0      0      0      0      0      0      0      0      0      0      0      0 
0 -1 -1
     1      2      1      2      4      3      1      1      4      4      0      1      2      3      0      1      1      0      1 
  3724   3906   3919   4019   3985   3766   3512   4050   4155   4153   3828   3737   4033   4443   4085   3990   9050   4694   4349 
 17236  13361     51    145   3919   3766   3906   3985   3724   4019   4153   4155   4050   4033   9050   4443   4694   4085   4349   3990   3737   3828   3512  13295  26305      0      0  65535 
     0      0      0      0      0      0      0      0      0      0      0      0      0      0      0      0      0      0      0 
     0      0      0      0      0      0      0      0      0      0      0      0      0      0      0      0      0      0      0 
     0      0      0      0      0      0      0      0      0      0      0      0      0      0      0      0      0      0      0 
0 -1 -1
     1      2      1      2      4      3      1      1      4      4      0      1      2      4      0      1      1      0      1 
  3727   3908   3920   4021   3986   3767   3514   4051   4156   4155   3828   3739   4034   4446   4086   3990   9043   4695   4350 
 17236  13361     51    146   3920   3767   3908   3986   3727   4021   4155   4156   4051   4034   9043   4446   4695   4086   4350   3990   3739   3828   3514  13294  26304      0      0  65535 
     0      0      0      0      0      0      0      0      0      0      0      0      0      0      0      0      0      0      0 
     0      0      0      0      0      0      0      0      0      0      0      0      0      0      0      0      0      0      0 
     0      0      0      0      0      0      0      0      0      0      0      0      0      0      0      0      0      0      0 
0 -1 -1
