     0      0      0      1      0      0      0    255      0      0      0      0    202     20      0      0     44    255      0 
  3822   3949   3890   4266   4005   3743   3430  32766   5127   4119   3723   3578  13608  16006   4055   3811  11278  29008   4253 
 17236  13361     51    151   3890   3743   3949   4005   3822   4266   4119   5127  32766  13608  11278  16006  29008   4055   4253   3811   3578   3723   3430  13303  26303      0      0  65535 
     0      0      0      0      0      0      0      0      0      0      0      0      0      0      0      0      0      0      0 
     0      0      0      0      0      0      0      0      0      0      0      0      0      0      0      0      0      0      0 
     0      0      0      0      0      0      0      0      0      0      0      0      0      0      0      0      0      0      0 
0 -1 -1
     0      0      0      2      0      0      0    255      0      0      0      0    255      0      0      0     58    250      0 
  3824   3948   3892   4283   4004   3747   3431  32766   4617   4118   3728   3579  15920  13599   4054   3813  11897  27788   4253 
 17236  13361     51    151   3892   3747   3948   4004   3824   4283   4118   4617  32766  15920  11897  13599  27788   4054   4253   3813   3579   3728   3431  13304  26304      0      0  65535 
     0      0      0      0      0      0      0      0      0      0      0      0      0      0      0      0      0      0      0 
     0      0      0      0      0      0      0      0      0      0      0      0      0      0      0      0      0      0      0 
     0      0      0      0      0      0      0      0      0      0      0      0      0      0      0      0      0      0      0 
0 -1 -1
     0      0      0      2      0      0      0    255      0      0      0      0    255      0      0      0     58    255      0 
  3822   3948   3892   4290   4003   3745   3430  32766   4623   4116   3725   3579  15930  13666   4053   3813  11902  28116   4254 
 17236  13361     51    151   3892   3745   3948   4003   3822   4290   4116   4623  32766  15930  11902  13666  28116   4053   4254   3813   3579   3725   3430  13304  26304      0      0  65535 
     0      0      0      0      0      0      0      0      0      0      0      0      0      0      0      0      0      0      0 
     0      0      0      0      0      0      0      0      0      0      0      0      0      0      0      0      0      0      0 
     0      0      0      0      0      0      0      0      0      0      0      0      0      0      0      0      0      0      0 
0 -1 -1
     0      0      0      2      0      0      0    255      0      0      0      0    255      0      0      0     61    255      0 
  3821   3949   3892   4290   4003   3747   3431  32766   4591   4115   3726   3580  16266  13535   4051   3811  12030  28406   4254 
 17236  13361     51    151   3892   3747   3949   4003   3821   4290   4115   4591  32766  16266  12030  13535  28406   4051   4254   3811   3580   3726   3431  13304  26305      0      0  65535 
     0      0      0      0      0      0      0      0      0      0      0      0      0      0      0      0      0      0      0 
     0      0      0      0      0      0      0      0      0      0      0      0      0      0      0      0      0      0      0 
     0      0      0      0      0      0      0      0      0      0      0      0      0      0      0      0      0      0      0 
0 -1 -1
     0      0      0      2      0      0      0    255      0      0      0      0    255      0      0      0     72    246      0 
  3822   3946   3892   4296   4000   3746   3432  32766   4497   4113   3728   3580  17648  12419   4046   3813  12546  27605   4255 
 17236  13361     51    151   3892   3746   3946   4000   3822   4296   4113   4497  32766  17648  12546  12419  27605   4046   4255   3813   3580   3728   3432  13300  26304      0      0  65535 
     0      0      0      0      0      0      0      0      0      0      0      0      0      0      0      0      0      0      0 
     0      0      0      0      0      0      0      0      0      0      0      0      0      0      0      0      0      0      0 
     0      0      0      0      0      0      0      0      0      0      0      0      0      0      0      0      0      0      0 
0 -1 -1
     0      0      0      2      0      0      0    255      0      0      0      0    255      0      0      0    108    165      0 
  3822   3948   3891   4304   3998   3750   3433  32766   4384   4111   3738   3582  23019   8632   4039   3821  14183  23887   4252 
 17236  13361     51    151   3891   3750   3948   3998   3822   4304   4111   4384  32766  23019  14183   8632  23887   4039   4252   3821   3582   3738   3433  13296  26304      0      0  65535 
     0      0      0      0      0      0      0      0      0      0      0      0      0      0      0      0      0      0      0 
     0      0      0      0      0      0      0      0      0      0      0      0      0      0      0      0      0      0      0 
     0      0      0      0      0      0      0      0      0      0      0      0      0      0      0      0      0      0      0 
0 -1 -1
     0      0      0      2      0      0      0    255      0      0      0      0    255      0      0      0    134    108      0 
  3822   3948   3892   4304   4000   3751   3436  32766   4390   4107   3743   3585  26630   6954   4034   3827  15335  21258   4245 
 17236  13361     51    151   3892   3751   3948   4000   3822   4304   4107   4390  32766  26630  15335   6954  21258   4034   4245   3827   3585   3743   3436  13296  26305      0      0  65535 
     0      0      0      0      0      0      0      0      0      0      0      0      0      0      0      0      0      0      0 
     0      0      0      0      0      0      0      0      0      0      0      0      0      0      0      0      0      0      0 
     0      0      0      0      0      0      0      0      0      0      0      0      0      0      0      0      0      0      0 
0 -1 -1
     0      0      0      2      0      0      0    255      0      0      0      0    255      0      0      0    191      0      0 
  3823   3949   3894   4284   4002   3753   3435  32766   4399   4099   3750   3587  32766   4952   4022   3833  17943  15685   4238 
 17236  13361     51    151   3894   3753   3949   4002   3823   4284   4099   4399  32766  32766  17943   4952  15685   4022   4238   3833   3587   3750   3435  13294  26305      0      0  65535 
     0      0      0      0      0      0      0      0      0      0      0      0      0      0      0      0      0      0      0 
     0      0      0      0      0      0      0      0      0      0      0      0      0      0      0      0      0      0      0 
     0      0      0      0      0      0      0      0      0      0      0      0      0      0      0      0      0      0      0 
0 -1 -1
     0      0      0      2      0      0      0    255      0      0      0      0    255      0      0      0    177      0      0 
  3824   3949   3894   4285   4007   3755   3437  32428   4401   4106   3753   3588  32164   4988   4028   3834  17293  15468   4239 
 17236  13361     51    151   3894   3755   3949   4007   3824   4285   4106   4401  32428  32164  17293   4988  15468   4028   4239   3834   3588   3753   3437  13296  26304      0      0  65535 
     0      0      0      0      0      0      0      0      0      0      0      0      0      0      0      0      0      0      0 
     0      0      0      0      0      0      0      0      0      0      0      0      0      0      0      0      0      0      0 
     0      0      0      0      0      0      0      0      0      0      0      0      0      0      0      0      0      0      0 
0 -1 -1
     0      0      0      2      0      0      0    191      0      0      0      0    255      0      0      0    128      0      0 
  3831   3958   3897   4274   4028   3768   3443  27902   4389   4132   3765   3592  26587   4883   4047   3841  15084  13689   4243 
 17236  13361     51    151   3897   3768   3958   4028   3831   4274   4132   4389  27902  26587  15084   4883  13689   4047   4243   3841   3592   3765   3443  13298  26304      0      0  65535 
     0      0      0      0      0      0      0      0      0      0      0      0      0      0      0      0      0      0      0 
     0      0      0      0      0      0      0      0      0      0      0      0      0      0      0      0      0      0      0 
     0      0      0      0      0      0      0      0      0      0      0      0      0      0      0      0      0      0      0 
0 -1 -1
     0      0      0      1      0      0      0     99      0      0      1      0    255      0      0      0     77      0      0 
  3837   3963   3901   4255   4054   3781   3447  21719   4356   4164   3776   3596  19279   4857   4068   3847  12753  11648   4245 
 17236  13361     51    151   3901   3781   3963   4054   3837   4255   4164   4356  21719  19279  12753   4857  11648   4068   4245   3847   3596   3776   3447  13298  26304      0      0  65535 
     0      0      0      0      0      0      0      0      0      0      0      0      0      0      0      0      0      0      0 
     0      0      0      0      0      0      0      0      0      0      0      0      0      0      0      0      0      0      0 
     0      0      0      0      0      0      0      0      0      0      0      0      0      0      0      0      0      0      0 
0 -1 -1
     0      0      0      1      0      1      0      0      0      0      1      0    186      0      1      0     41      0      0 
  3843   3970   3907   4222   4080   3795   3451  13948   4314   4190   3790   3603  12913   4536   4080   3857  11131   8051   4245 
 17236  13361     51    151   3907   3795   3970   4080   3843   4222   4190   4314  13948  12913  11131   4536   8051   4080   4245   3857   3603   3790   3451  13313  26304      0      0  65535 
     0      0      0      0      0      0      0      0      0      0      0      0      0      0      0      0      0      0      0 
     0      0      0      0      0      0      0      0      0      0      0      0      0      0      0      0      0      0      0 
     0      0      0      0      0      0      0      0      0      0      0      0      0      0      0      0      0      0      0 
0 -1 -1
     0      0      0      0      1      1      0      0      0      1      2      0      6      0      1      1      3      0      0 
  3852   3980   3910   4191   4106   3809   3456   5559   4292   4219   3803   3607   5382   4512   4082   3865   9393   4922   4240 
 17236  13361     51    151   3910   3809   3980   4106   3852   4191   4219   4292   5559   5382   9393   4512   4922   4082   4240   3865   3607   3803   3456  13301  26305      0      0  65535 
     0      0      0      0      0      0      0      0      0      0      0      0      0      0      0      0      0      0      0 
     0      0      0      0      0      0      0      0      0      0      0      0      0      0      0      0      0      0      0 
     0      0      0      0      0      0      0      0      0      0      0      0      0      0      0      0      0      0      0 
0 -1 -1
     0      0      0      0      2      1      0      0      0      1      2      0      0      0      1      1      0      0      0 
  3851   3982   3911   4186   4110   3813   3455   4173   4292   4225   3804   3606   4146   4513   4079   3865   9111   4670   4238 
 17236  13361     51    151   3911   3813   3982   4110   3851   4186   4225   4292   4173   4146   9111   4513   4670   4079   4238   3865   3606   3804   3455  13297  26305      0      0  65535 
     0      0      0      0      0      0      0      0      0      0      0      0      0      0      0      0      0      0      0 
     0      0      0      0      0      0      0      0      0      0      0      0      0      0      0      0      0      0      0 
     0      0      0      0      0      0      0      0      0      0      0      0      0      0      0      0      0      0      0 
0 -1 -1
     0      0      0      0      2      1      0      0      0      1      2      0      0      0      1      1      0      0      0 
  3852   3980   3912   4185   4111   3812   3455   4167   4291   4224   3805   3606   4143   4512   4079   3864   9132   4666   4238 
 17236  13361     51    151   3912   3812   3980   4111   3852   4185   4224   4291   4167   4143   9132   4512   4666   4079   4238   3864   3606   3805   3455  13298  26304      1      0  65535 
     0      0      0      0      0      0      0      0      0      0      0      0      0      0      0      0      0      0      0 
     0      0      0      0      0      0      0      0      0      0      0      0      0      0      0      0      0      0      0 
     0      0      0      0      0      0      0      0      0      0      0      0      0      0      0      0      0      0      0 
0 -1 -1
     0      0      0      0      2      1      0      0      0      1      2      0      0      0      1      0      0      0      0 
  3850   3980   3912   4185   4111   3811   3456   4164   4292   4224   3804   3606   4138   4513   4079   3863   9115   4665   4238 
 17236  13361     51    151   3912   3811   3980   4111   3850   4185   4224   4292   4164   4138   9115   4513   4665   4079   4238   3863   3606   3804   3456  13302  26305      0      0  65535 
     0      0      0      0      0      0      0      0      0      0      0      0      0      0      0      0      0      0      0 
     0      0      0      0      0      0      0      0      0      0      0      0      0      0      0      0      0      0      0 
     0      0      0      0      0      0      0      0      0      0      0      0      0      0      0      0      0      0      0 
0 -1 -1
     0      0      0      0      2      1      0      0      0      1      2      0      0      0      1      1      0      0      0 
  3851   3981   3910   4185   4110   3810   3456   4163   4291   4223   3805   3606   4136   4511   4080   3865   9123   4664   4239 
 17236  13361     51    151   3910   3810   3981   4110   3851   4185   4223   4291   4163   4136   9123   4511   4664   4080   4239   3865   3606   3805   3456  13303  26305      0      0  65535 
     0      0      0      0      0      0      0      0      0      0      0      0      0      0      0      0      0      0      0 
     0      0      0      0      0      0      0      0      0      0      0      0      0      0      0      0      0      0      0 
     0      0      0      0      0      0      0      0      0      0      0      0      0      0      0      0      0      0      0 
0 -1 -1
     0      0      0      0      2      1      0      0      0      1      2      0      0      0      1      1      0      0      0 
  3850   3981   3911   4186   4110   3813   3455   4165   4292   4224   3802   3607   4135   4511   4079   3864   9133   4662   4237 
 17236  13361     51    151   3911   3813   3981   4110   3850   4186   4224   4292   4165   4135   9133   4511   4662   4079   4237   3864   3607   3802   3455  13302  26305      0      0  65535 
     0      0      0      0      0      0      0      0      0      0      0      0      0      0      0      0      0      0      0 
     0      0      0      0      0      0      0      0      0      0      0      0      0      0      0      0      0      0      0 
     0      0      0      0      0      0      0      0      0      0      0      0      0      0      0      0      0      0      0 
0 -1 -1
     0      0      0      0      2      1      0      0      0      1      2      0      0      0      1      1      0      0      0 
  3852   3980   3911   4184   4110   3812   3456   4164   4291   4224   3804   3605   4134   4510   4079   3864   9137   4663   4238 
 17236  13361     51    151   3911   3812   3980   4110   3852   4184   4224   4291   4164   4134   9137   4510   4663   4079   4238   3864   3605   3804   3456  13302  26305      0      0  65535 
     0      0      0      0      0      0      0      0      0      0      0      0      0      0      0      0      0      0      0 
     0      0      0      0      0      0      0      0      0      0      0      0      0      0      0      0      0      0      0 
     0      0      0      0      0      0      0      0      0      0      0      0      0      0      0      0      0      0      0 
0 -1 -1
     0      0      0      0      2      1      0      0      0      1      2      0      0      0      1      0      0      0      0 
  3851   3980   3910   4185   4111   3811   3456   4166   4291   4224   3804   3605   4135   4511   4077   3863   9134   4662   4237 
 17236  13361     51    151   3910   3811   3980   4111   3851   4185   4224   4291   4166   4135   9134   4511   4662   4077   4237   3863   3605   3804   3456  13303  26305      0      0  65535 
     0      0      0      0      0      0      0      0      0      0      0      0      0      0      0      0      0      0      0 
     0      0      0      0      0      0      0      0      0      0      0      0      0      0      0      0      0      0      0 
     0      0      0      0      0      0      0      0      0      0      0      0      0      0      0      0      0      0      0 
0 -1 -1
     0      0      0      0      2      1      0      0      0      1      2      0      0      0      1      0      0      0      0 
  3850   3982   3911   4185   4110   3810   3455   4166   4291   4224   3804   3607   4135   4511   4078   3862   9136   4662   4237 
 17236  13361     51    151   3911   3810   3982   4110   3850   4185   4224   4291   4166   4135   9136   4511   4662   4078   4237   3862   3607   3804   3455  13304  26304      0      0  65535 
     0      0      0      0      0      0      0      0      0      0      0      0      0      0      0      0      0      0      0 
     0      0      0      0      0      0      0      0      0      0      0      0      0      0      0      0      0      0      0 
     0      0      0      0      0      0      0      0      0      0      0      0      0      0      0      0      0      0      0 
0 -1 -1
     0      0      0      0      1      1      0      0      0      1      2      0      0      0      1      1      0      0      0 
  3851   3981   3911   4186   4109   3811   3454   4168   4291   4223   3804   3606   4134   4512   4079   3865   9156   4663   4237 
 17236  13361     51    151   3911   3811   3981   4109   3851   4186   4223   4291   4168   4134   9156   4512   4663   4079   4237   3865   3606   3804   3454  13304  26304      0      0  65535 
     0      0      0      0      0      0      0      0      0      0      0      0      0      0      0      0      0      0      0 
     0      0      0      0      0      0      0      0      0      0      0      0      0      0      0      0      0      0      0 
     0      0      0      0      0      0      0      0      0      0      0      0      0      0      0      0      0      0      0 
0 -1 -1
     0      0      0      0      2      1      0      0      0      1      2      0      0      0      1      0      0      0      0 
  3851   3980   3910   4184   4110   3810   3456   4166   4290   4224   3803   3605   4134   4511   4078   3862   9154   4662   4238 
 17236  13361     51    151   3910   3810   3980   4110   3851   4184   4224   4290   4166   4134   9154   4511   4662   4078   4238   3862   3605   3803   3456  13304  26304      0      0  65535 
     0      0      0      0      0      0      0      0      0      0      0      0      0      0      0      0      0      0      0 
     0      0      0      0      0      0      0      0      0      0      0      0      0      0      0      0      0      0      0 
     0      0      0      0      0      0      0      0      0      0      0      0      0      0      0      0      0      0      0 
0 -1 -1
     0      0      0      0      2      1      0      0      0      1      2      0      0      0      1      1      0      0      0 
  3852   3980   3911   4184   4110   3812   3456   4168   4290   4223   3804   3604   4135   4512   4079   3864   9158   4663   4239 
 17236  13361     51    152   3911   3812   3980   4110   3852   4184   4223   4290   4168   4135   9158   4512   4663   4079   4239   3864   3604   3804   3456  13304  26305      0      0  65535 
     0      0      0      0      0      0      0      0      0      0      0      0      0      0      0      0      0      0      0 
     0      0      0      0      0      0      0      0      0      0      0      0      0      0      0      0      0      0      0 
     0      0      0      0      0      0      0      0      0      0      0      0      0      0      0      0      0      0      0 
0 -1 -1
     0      0      0      0      1      1      0      0      0      1      2      0      0      0      1      1      0      0      0 
  3850   3981   3911   4186   4109   3811   3455   4169   4291   4222   3804   3607   4135   4511   4078   3864   9163   4664   4237 
 17236  13361     51    152   3911   3811   3981   4109   3850   4186   4222   4291   4169   4135   9163   4511   4664   4078   4237   3864   3607   3804   3455  13306  26304      0      0  65535 
     0      0      0      0      0      0      0      0      0      0      0      0      0      0      0      0      0      0      0 
     0      0      0      0      0      0      0      0      0      0      0      0      0      0      0      0      0      0      0 
     0      0      0      0      0      0      0      0      0      0      0      0      0      0      0      0      0      0      0 
0 -1 -1
     0      0      0      0      2      1      0      0      0      1      2      0      0      0      1      1      0      0      0 
  3849   3980   3911   4185   4111   3810   3455   4170   4289   4223   3803   3605   4135   4511   4079   3864   9157   4665   4236 
 17236  13361     51    151   3911   3810   3980   4111   3849   4185   4223   4289   4170   4135   9157   4511   4665   4079   4236   3864   3605   3803   3455  13306  26304      0      0  65535 
     0      0      0      0      0      0      0      0      0      0      0      0      0      0      0      0      0      0      0 
     0      0      0      0      0      0      0      0      0      0      0      0      0      0      0      0      0      0      0 
     0      0      0      0      0      0      0      0      0      0      0      0      0      0      0      0      0      0      0 
0 -1 -1
     0      0      0      0      1      1      0      0      0      1      2      0      0      0      1      0      0      0      0 
  3851   3980   3911   4185   4109   3812   3455   4171   4290   4223   3803   3606   4136   4509   4078   3863   9165   4662   4236 
 17236  13361     51    151   3911   3812   3980   4109   3851   4185   4223   4290   4171   4136   9165   4509   4662   4078   4236   3863   3606   3803   3455  13306  26305      0      0  65535 
     0      0      0      0      0      0      0      0      0      0      0      0      0      0      0      0      0      0      0 
     0      0      0      0      0      0      0      0      0      0      0      0      0      0      0      0      0      0      0 
     0      0      0      0      0      0      0      0      0      0      0      0      0      0      0      0      0      0      0 
0 -1 -1
     0      0      0      0      2      1      0      0      0      1      2      0      0      0      1      1      0      0      0 
  3850   3980   3911   4184   4110   3811   3456   4170   4292   4221   3803   3605   4134   4509   4077   3864   9164   4664   4236 
 17236  13361     51    151   3911   3811   3980   4110   3850   4184   4221   4292   4170   4134   9164   4509   4664   4077   4236   3864   3605   3803   3456  13306  26305      0      0  65535 
     0      0      0      0      0      0      0      0      0      0      0      0      0      0      0      0      0      0      0 
     0      0      0      0      0      0      0      0      0      0      0      0      0      0      0      0      0      0      0 
     0      0      0      0      0      0      0      0      0      0      0      0      0      0      0      0      0      0      0 
0 -1 -1
     0      0      0      0      1      1      0      0      0      1      2      0      0      0      1      0      0      0      0 
  3851   3980   3911   4185   4109   3811   3454   4171   4290   4222   3805   3606   4135   4509   4078   3863   9166   4664   4237 
 17236  13361     51    152   3911   3811   3980   4109   3851   4185   4222   4290   4171   4135   9166   4509   4664   4078   4237   3863   3606   3805   3454  13307  26303      0      0  65535 
     0      0      0      0      0      0      0      0      0      0      0      0      0      0      0      0      0      0      0 
     0      0      0      0      0      0      0      0      0      0      0      0      0      0      0      0      0      0      0 
     0      0      0      0      0      0      0      0      0      0      0      0      0      0      0      0      0      0      0 
0 -1 -1
     0      0      0      0      1      1      0      0      0      1      2      0      0      0      1      0      0      0      0 
  3852   3980   3910   4183   4109   3811   3454   4173   4289   4221   3803   3607   4137   4510   4079   3863   9157   4662   4237 
 17236  13361     51    152   3910   3811   3980   4109   3852   4183   4221   4289   4173   4137   9157   4510   4662   4079   4237   3863   3607   3803   3454  13307  26305      0      0  65535 
     0      0      0      0      0      0      0      0      0      0      0      0      0      0      0      0      0      0      0 
     0      0      0      0      0      0      0      0      0      0      0      0      0      0      0      0      0      0      0 
     0      0      0      0      0      0      0      0      0      0      0      0      0      0      0      0      0      0      0 
0 -1 -1
     0      0      0      0      1      1      0      0      0      1      2      0      0      0      1      0      0      0      0 
  3851   3981   3911   4185   4109   3812   3456   4174   4291   4224   3803   3607   4134   4510   4079   3863   9161   4664   4237 
 17236  13361     51    151   3911   3812   3981   4109   3851   4185   4224   4291   4174   4134   9161   4510   4664   4079   4237   3863   3607   3803   3456  13307  26305      0      0  65535 
     0      0      0      0      0      0      0      0      0      0      0      0      0      0      0      0      0      0      0 
     0      0      0      0      0      0      0      0      0      0      0      0      0      0      0      0      0      0      0 
     0      0      0      0      0      0      0      0      0      0      0      0      0      0      0      0      0      0      0 
0 -1 -1
     0      0      0      0      1      1      0      0      0      1      2      0      0      0      1      1      0      0      0 
  3851   3981   3911   4185   4109   3810   3455   4174   4290   4222   3804   3604   4135   4509   4078   3864   9156   4663   4238 
 17236  13361     51    152   3911   3810   3981   4109   3851   4185   4222   4290   4174   4135   9156   4509   4663   4078   4238   3864   3604   3804   3455  13310  26305      0      0  65535 
     0      0      0      0      0      0      0      0      0      0      0      0      0      0      0      0      0      0      0 
     0      0      0      0      0      0      0      0      0      0      0      0      0      0      0      0      0      0      0 
     0      0      0      0      0      0      0      0      0      0      0      0      0      0      0      0      0      0      0 
0 -1 -1
     0      0      0      0      1      1      0      0      0      1      2      0      0      0      1      1      0      0      0 
  3852   3981   3912   4184   4109   3811   3456   4174   4289   4223   3802   3606   4134   4510   4078   3865   9161   4664   4238 
 17236  13361     51    151   3912   3811   3981   4109   3852   4184   4223   4289   4174   4134   9161   4510   4664   4078   4238   3865   3606   3802   3456  13308  26305      0      0  65535 
     0      0      0      0      0      0      0      0      0      0      0      0      0      0      0      0      0      0      0 
     0      0      0      0      0      0      0      0      0      0      0      0      0      0      0      0      0      0      0 
     0      0      0      0      0      0      0      0      0      0      0      0      0      0      0      0      0      0      0 
0 -1 -1
     0      0      0      0      2      1      0      0      0      1      2      0      0      0      1      0      0      0      0 
  3852   3979   3911   4184   4111   3811   3454   4174   4289   4223   3804   3606   4133   4510   4077   3863   9157   4664   4237 
 17236  13361     51    151   3911   3811   3979   4111   3852   4184   4223   4289   4174   4133   9157   4510   4664   4077   4237   3863   3606   3804   3454  13300  26305      0      0  65535 
     0      0      0      0      0      0      0      0      0      0      0      0      0      0      0      0      0      0      0 
     0      0      0      0      0      0      0      0      0      0      0      0      0      0      0      0      0      0      0 
     0      0      0      0      0      0      0      0      0      0      0      0      0      0      0      0      0      0      0 
0 -1 -1
     0      0      0      0      2      1      0      0      0      1      2      0      0      0      1      0      0      0      0 
  3850   3980   3911   4186   4111   3810   3455   4173   4289   4223   3803   3606   4134   4510   4078   3863   9169   4663   4238 
 17236  13361     51    152   3911   3810   3980   4111   3850   4186   4223   4289   4173   4134   9169   4510   4663   4078   4238   3863   3606   3803   3455  13298  26305      0      0  65535 
     0      0      0      0      0      0      0      0      0      0      0      0      0      0      0      0      0      0      0 
     0      0      0      0      0      0      0      0      0      0      0      0      0      0      0      0      0      0      0 
     0      0      0      0      0      0      0      0      0      0      0      0      0      0      0      0      0      0      0 
0 -1 -1
     0      0      0      0      1      1      0      0      0      1      2      0      0      0      1      0      0      0      0 
  3850   3981   3909   4185   4109   3812   3456   4173   4290   4222   3803   3606   4135   4511   4077   3863   9168   4664   4237 
 17236  13361     51    152   3909   3812   3981   4109   3850   4185   4222   4290   4173   4135   9168   4511   4664   4077   4237   3863   3606   3803   3456  13298  26304      0      0  65535 
     0      0      0      0      0      0      0      0      0      0      0      0      0      0      0      0      0      0      0 
     0      0      0      0      0      0      0      0      0      0      0      0      0      0      0      0      0      0      0 
     0      0      0      0      0      0      0      0      0      0      0      0      0      0      0      0      0      0      0 
0 -1 -1
     0      0      0      0      2      1      0      0      0      1      2      0      0      0      1      1      0      0      0 
  3850   3981   3910   4185   4111   3812   3456   4173   4290   4224   3804   3605   4134   4510   4077   3864   9168   4664   4238 
 17236  13361     51    151   3910   3812   3981   4111   3850   4185   4224   4290   4173   4134   9168   4510   4664   4077   4238   3864   3605   3804   3456  13299  26304      0      0  65535 
     0      0      0      0      0      0      0      0      0      0      0      0      0      0      0      0      0      0      0 
     0      0      0      0      0      0      0      0      0      0      0      0      0      0      0      0      0      0      0 
     0      0      0      0      0      0      0      0      0      0      0      0      0      0      0      0      0      0      0 
0 -1 -1
     0      0      0      0      2      1      0      0      0      1      2      0      0      0      1      1      0      0      0 
  3851   3980   3910   4185   4110   3810   3456   4174   4289   4222   3803   3606   4135   4511   4077   3864   9163   4664   4236 
 17236  13361     51    151   3910   3810   3980   4110   3851   4185   4222   4289   4174   4135   9163   4511   4664   4077   4236   3864   3606   3803   3456  13299  26305      0      0  65535 
     0      0      0      0      0      0      0      0      0      0      0      0      0      0      0      0      0      0      0 
     0      0      0      0      0      0      0      0      0      0      0      0      0      0      0      0      0      0      0 
     0      0      0      0      0      0      0      0      0      0      0      0      0      0      0      0      0      0      0 
0 -1 -1
