     0      0      0    251     34      0      0      0    223    212      0      0      0     30    255      0      0      0    185 
  3886   3975   3906  18163   4986   3775   3445   4220  10209   9201   3791   3588   4142   5248  14024   3885   9030   4723  16306 
 17236  13361     51    154   3906   3775   3975   4986   3886  18163   9201  10209   4220   4142   9030   5248   4723  14024  16306   3885   3588   3791   3445  13288  26304      0      0  65535 
     0      0      0      0      0      0      0      0      0      0      0      0      0      0      0      0      0      0      0 
     0      0      0      0      0      0      0      0      0      0      0      0      0      0      0      0      0      0      0 
     0      0      0      0      0      0      0      0      0      0      0      0      0      0      0      0      0      0      0 
0 -1 -1
     0      0      0    255     15      0      0      0    255    163      0      0      0     69    255      0      0      0    187 
  3897   3970   3906  20838   4502   3771   3446   4231  12312   8050   3787   3590   4148   6183  13061   3886   9029   4716  16435 
 17236  13361     51    154   3906   3771   3970   4502   3897  20838   8050  12312   4231   4148   9029   6183   4716  13061  16435   3886   3590   3787   3446  13288  26304      0      0  65535 
     0      0      0      0      0      0      0      0      0      0      0      0      0      0      0      0      0      0      0 
     0      0      0      0      0      0      0      0      0      0      0      0      0      0      0      0      0      0      0 
     0      0      0      0      0      0      0      0      0      0      0      0      0      0      0      0      0      0      0 
0 -1 -1
     0      0      0    255     13      0      0      0    255    162      0      0      0     76    255      0      0      0    197 
  3898   3969   3905  21277   4462   3767   3443   4232  12610   8031   3785   3589   4149   6367  13352   3888   9034   4718  17077 
 17236  13361     51    154   3905   3767   3969   4462   3898  21277   8031  12610   4232   4149   9034   6367   4718  13352  17077   3888   3589   3785   3443  13286  26304      0      0  65535 
     0      0      0      0      0      0      0      0      0      0      0      0      0      0      0      0      0      0      0 
     0      0      0      0      0      0      0      0      0      0      0      0      0      0      0      0      0      0      0 
     0      0      0      0      0      0      0      0      0      0      0      0      0      0      0      0      0      0      0 
0 -1 -1
     0      0      0    255     14      0      0      0    255    167      0      0      0     79    255      0      0      0    204 
  3899   3969   3905  21494   4497   3765   3443   4232  12677   8154   3784   3590   4149   6433  13626   3888   9033   4719  17528 
 17236  13361     51    154   3905   3765   3969   4497   3899  21494   8154  12677   4232   4149   9033   6433   4719  13626  17528   3888   3590   3784   3443  13285  26304      0      0  65535 
     0      0      0      0      0      0      0      0      0      0      0      0      0      0      0      0      0      0      0 
     0      0      0      0      0      0      0      0      0      0      0      0      0      0      0      0      0      0      0 
     0      0      0      0      0      0      0      0      0      0      0      0      0      0      0      0      0      0      0 
0 -1 -1
     0      0      0    255     16      0      0      0    255    171      0      0      0     80    255      0      0      0    206 
  3900   3968   3903  21905   4541   3764   3442   4233  12779   8243   3784   3588   4148   6467  13743   3888   9038   4716  17644 
 17236  13361     51    154   3903   3764   3968   4541   3900  21905   8243  12779   4233   4148   9038   6467   4716  13743  17644   3888   3588   3784   3442  13285  26304      0      0  65535 
     0      0      0      0      0      0      0      0      0      0      0      0      0      0      0      0      0      0      0 
     0      0      0      0      0      0      0      0      0      0      0      0      0      0      0      0      0      0      0 
     0      0      0      0      0      0      0      0      0      0      0      0      0      0      0      0      0      0      0 
0 -1 -1
     0      0      0    255     18      0      0      0    255    174      0      0      0     79    255      0      0      0    208 
  3902   3968   3904  21736   4578   3764   3442   4233  12604   8308   3785   3588   4148   6425  13841   3889   9035   4718  17825 
 17236  13361     51    154   3904   3764   3968   4578   3902  21736   8308  12604   4233   4148   9035   6425   4718  13841  17825   3889   3588   3785   3442  13285  26304      0      0  65535 
     0      0      0      0      0      0      0      0      0      0      0      0      0      0      0      0      0      0      0 
     0      0      0      0      0      0      0      0      0      0      0      0      0      0      0      0      0      0      0 
     0      0      0      0      0      0      0      0      0      0      0      0      0      0      0      0      0      0      0 
0 -1 -1
     0      0      0    255     16      0      0      0    255    171      0      0      0     77    255      0      0      0    208 
  3900   3967   3902  21253   4545   3766   3443   4233  12379   8236   3787   3588   4149   6379  13748   3888   9033   4718  17831 
 17236  13361     51    154   3902   3766   3967   4545   3900  21253   8236  12379   4233   4149   9033   6379   4718  13748  17831   3888   3588   3787   3443  13285  26304      0      0  65535 
     0      0      0      0      0      0      0      0      0      0      0      0      0      0      0      0      0      0      0 
     0      0      0      0      0      0      0      0      0      0      0      0      0      0      0      0      0      0      0 
     0      0      0      0      0      0      0      0      0      0      0      0      0      0      0      0      0      0      0 
0 -1 -1
     0      0      0    255     14      0      0      0    255    160      0      0      0     70    255      0      0      0    196 
  3900   3971   3906  20547   4484   3770   3444   4233  11972   7988   3791   3591   4152   6228  13180   3889   9032   4718  17027 
 17236  13361     51    154   3906   3770   3971   4484   3900  20547   7988  11972   4233   4152   9032   6228   4718  13180  17027   3889   3591   3791   3444  13284  26304      0      0  65535 
     0      0      0      0      0      0      0      0      0      0      0      0      0      0      0      0      0      0      0 
     0      0      0      0      0      0      0      0      0      0      0      0      0      0      0      0      0      0      0 
     0      0      0      0      0      0      0      0      0      0      0      0      0      0      0      0      0      0      0 
0 -1 -1
     0      0      0    255     10      0      0      0    254    139      0      0      0     54    255      0      0      0    168 
  3897   3975   3907  18971   4375   3778   3450   4231  11016   7498   3799   3595   4155   5833  11974   3891   9031   4714  15227 
 17236  13361     51    154   3907   3778   3975   4375   3897  18971   7498  11016   4231   4155   9031   5833   4714  11974  15227   3891   3595   3799   3450  13284  26304      0      0  65535 
     0      0      0      0      0      0      0      0      0      0      0      0      0      0      0      0      0      0      0 
     0      0      0      0      0      0      0      0      0      0      0      0      0      0      0      0      0      0      0 
     0      0      0      0      0      0      0      0      0      0      0      0      0      0      0      0      0      0      0 
0 -1 -1
     0      0      0    185      2      0      0      0    158     85      0      0      0     18    200      0      0      0    109 
  3891   3984   3913  14520   4175   3795   3459   4223   8491   6240   3816   3605   4162   4966   9121   3893   9034   4710  11386 
 17236  13361     51    154   3913   3795   3984   4175   3891  14520   6240   8491   4223   4162   9034   4966   4710   9121  11386   3893   3605   3816   3459  13287  26305      0      0  65535 
     0      0      0      0      0      0      0      0      0      0      0      0      0      0      0      0      0      0      0 
     0      0      0      0      0      0      0      0      0      0      0      0      0      0      0      0      0      0      0 
     0      0      0      0      0      0      0      0      0      0      0      0      0      0      0      0      0      0      0 
0 -1 -1
     0      0      0     91      0      0      0      0     55     21      0      0      0      0     67      0      0      0     45 
  3882   3993   3920   9289   4130   3816   3468   4215   5760   4739   3832   3619   4168   4546   5796   3892   9033   4704   7198 
 17236  13361     51    154   3920   3816   3993   4130   3882   9289   4739   5760   4215   4168   9033   4546   4704   5796   7198   3892   3619   3832   3468  13289  26305      0      0  65535 
     0      0      0      0      0      0      0      0      0      0      0      0      0      0      0      0      0      0      0 
     0      0      0      0      0      0      0      0      0      0      0      0      0      0      0      0      0      0      0 
     0      0      0      0      0      0      0      0      0      0      0      0      0      0      0      0      0      0      0 
0 -1 -1
     0      0      0      5      0      0      0      0      1      0      0      0      0      0      1      0      0      0      1 
  3871   4002   3925   4508   4134   3829   3475   4206   4335   4266   3837   3623   4167   4547   4131   3892   9029   4699   4339 
 17236  13361     51    154   3925   3829   4002   4134   3871   4508   4266   4335   4206   4167   9029   4547   4699   4131   4339   3892   3623   3837   3475  13288  26304      0      1  65535 
     0      0      0      0      0      0      0      0      0      0      0      0      0      0      0      0      0      0      0 
     0      0      0      0      0      0      0      0      0      0      0      0      0      0      0      0      0      0      0 
     0      0      0      0      0      0      0      0      0      0      0      0      0      0      0      0      0      0      0 
0 -1 -1
     0      0      0      0      0      0      0      0      0      0      0      0      0      0      0      0      0      0      0 
  3872   4003   3924   4222   4134   3828   3473   4204   4327   4262   3837   3624   4167   4544   4123   3892   9032   4698   4274 
 17236  13361     51    154   3924   3828   4003   4134   3872   4222   4262   4327   4204   4167   9032   4544   4698   4123   4274   3892   3624   3837   3473  13288  26304      0      0  65535 
     0      0      0      0      0      0      0      0      0      0      0      0      0      0      0      0      0      0      0 
     0      0      0      0      0      0      0      0      0      0      0      0      0      0      0      0      0      0      0 
     0      0      0      0      0      0      0      0      0      0      0      0      0      0      0      0      0      0      0 
0 -1 -1
     0      0      0      0      0      0      0      0      0      0      0      0      0      0      0      0      0      0      0 
  3872   4002   3925   4214   4132   3828   3473   4203   4324   4261   3834   3623   4167   4544   4119   3893   9029   4698   4270 
 17236  13361     51    154   3925   3828   4002   4132   3872   4214   4261   4324   4203   4167   9029   4544   4698   4119   4270   3893   3623   3834   3473  13288  26306      0      0  65535 
     0      0      0      0      0      0      0      0      0      0      0      0      0      0      0      0      0      0      0 
     0      0      0      0      0      0      0      0      0      0      0      0      0      0      0      0      0      0      0 
     0      0      0      0      0      0      0      0      0      0      0      0      0      0      0      0      0      0      0 
0 -1 -1
     0      0      0      0      0      0      0      0      0      0      0      0      0      0      0      0      0      0      0 
  3872   4004   3926   4213   4132   3827   3474   4202   4322   4261   3836   3624   4167   4543   4119   3892   9033   4699   4267 
 17236  13361     51    154   3926   3827   4004   4132   3872   4213   4261   4322   4202   4167   9033   4543   4699   4119   4267   3892   3624   3836   3474  13289  26305      0      0  65535 
     0      0      0      0      0      0      0      0      0      0      0      0      0      0      0      0      0      0      0 
     0      0      0      0      0      0      0      0      0      0      0      0      0      0      0      0      0      0      0 
     0      0      0      0      0      0      0      0      0      0      0      0      0      0      0      0      0      0      0 
0 -1 -1
     0      0      0      0      0      0      0      0      0      0      0      0      0      0      0      0      0      0      0 
  3871   4002   3924   4209   4132   3827   3473   4203   4322   4259   3837   3625   4168   4544   4116   3892   9026   4697   4265 
 17236  13361     51    154   3924   3827   4002   4132   3871   4209   4259   4322   4203   4168   9026   4544   4697   4116   4265   3892   3625   3837   3473  13288  26304      0      0  65535 
     0      0      0      0      0      0      0      0      0      0      0      0      0      0      0      0      0      0      0 
     0      0      0      0      0      0      0      0      0      0      0      0      0      0      0      0      0      0      0 
     0      0      0      0      0      0      0      0      0      0      0      0      0      0      0      0      0      0      0 
0 -1 -1
     0      0      0      0      0      0      0      0      0      0      0      0      0      0      0      0      0      0      0 
  3871   4003   3925   4208   4134   3828   3473   4201   4321   4257   3835   3624   4167   4543   4116   3893   9030   4697   4264 
 17236  13361     51    154   3925   3828   4003   4134   3871   4208   4257   4321   4201   4167   9030   4543   4697   4116   4264   3893   3624   3835   3473  13288  26304      0      0  65535 
     0      0      0      0      0      0      0      0      0      0      0      0      0      0      0      0      0      0      0 
     0      0      0      0      0      0      0      0      0      0      0      0      0      0      0      0      0      0      0 
     0      0      0      0      0      0      0      0      0      0      0      0      0      0      0      0      0      0      0 
0 -1 -1
     0      0      0      0      0      0      0      0      0      0      0      0      0      0      0      0      0      0      0 
  3871   4002   3925   4207   4132   3827   3473   4203   4319   4258   3835   3624   4165   4543   4116   3893   9030   4698   4264 
 17236  13361     51    154   3925   3827   4002   4132   3871   4207   4258   4319   4203   4165   9030   4543   4698   4116   4264   3893   3624   3835   3473  13288  26304      0      0  65535 
     0      0      0      0      0      0      0      0      0      0      0      0      0      0      0      0      0      0      0 
     0      0      0      0      0      0      0      0      0      0      0      0      0      0      0      0      0      0      0 
     0      0      0      0      0      0      0      0      0      0      0      0      0      0      0      0      0      0      0 
0 -1 -1
     0      0      0      0      0      0      0      0      0      0      0      0      0      0      0      0      0      0      0 
  3872   4002   3926   4207   4133   3827   3473   4202   4319   4259   3835   3622   4167   4542   4114   3893   9028   4697   4263 
 17236  13361     51    154   3926   3827   4002   4133   3872   4207   4259   4319   4202   4167   9028   4542   4697   4114   4263   3893   3622   3835   3473  13288  26305      0      0  65535 
     0      0      0      0      0      0      0      0      0      0      0      0      0      0      0      0      0      0      0 
     0      0      0      0      0      0      0      0      0      0      0      0      0      0      0      0      0      0      0 
     0      0      0      0      0      0      0      0      0      0      0      0      0      0      0      0      0      0      0 
0 -1 -1
     0      0      0      0      0      0      0      0      0      0      0      0      0      0      0      0      0      0      0 
  3870   4001   3924   4209   4133   3827   3471   4202   4317   4258   3836   3622   4167   4542   4113   3891   9032   4698   4263 
 17236  13361     51    154   3924   3827   4001   4133   3870   4209   4258   4317   4202   4167   9032   4542   4698   4113   4263   3891   3622   3836   3471  13289  26305      0      0  65535 
     0      0      0      0      0      0      0      0      0      0      0      0      0      0      0      0      0      0      0 
     0      0      0      0      0      0      0      0      0      0      0      0      0      0      0      0      0      0      0 
     0      0      0      0      0      0      0      0      0      0      0      0      0      0      0      0      0      0      0 
0 -1 -1
     0      0      0      0      0      0      0      0      0      0      0      0      0      0      0      0      0      0      0 
  3870   4002   3925   4206   4132   3826   3473   4203   4317   4258   3834   3624   4166   4541   4113   3891   9026   4697   4262 
 17236  13361     51    154   3925   3826   4002   4132   3870   4206   4258   4317   4203   4166   9026   4541   4697   4113   4262   3891   3624   3834   3473  13288  26305      0      0  65535 
     0      0      0      0      0      0      0      0      0      0      0      0      0      0      0      0      0      0      0 
     0      0      0      0      0      0      0      0      0      0      0      0      0      0      0      0      0      0      0 
     0      0      0      0      0      0      0      0      0      0      0      0      0      0      0      0      0      0      0 
0 -1 -1
     0      0      0      0      0      0      0      0      0      0      0      0      0      0      0      0      0      0      0 
  3872   4002   3924   4207   4130   3827   3472   4202   4317   4257   3835   3624   4167   4540   4116   3890   9028   4698   4262 
 17236  13361     51    154   3924   3827   4002   4130   3872   4207   4257   4317   4202   4167   9028   4540   4698   4116   4262   3890   3624   3835   3472  13288  26305      0      0  65535 
     0      0      0      0      0      0      0      0      0      0      0      0      0      0      0      0      0      0      0 
     0      0      0      0      0      0      0      0      0      0      0      0      0      0      0      0      0      0      0 
     0      0      0      0      0      0      0      0      0      0      0      0      0      0      0      0      0      0      0 
0 -1 -1
     0      0      0      0      0      0      0      0      0      0      0      0      0      0      0      0      0      0      0 
  3871   4001   3925   4205   4132   3827   3472   4203   4316   4257   3834   3623   4166   4542   4112   3890   9032   4697   4260 
 17236  13361     51    154   3925   3827   4001   4132   3871   4205   4257   4316   4203   4166   9032   4542   4697   4112   4260   3890   3623   3834   3472  13288  26304      0      0  65535 
     0      0      0      0      0      0      0      0      0      0      0      0      0      0      0      0      0      0      0 
     0      0      0      0      0      0      0      0      0      0      0      0      0      0      0      0      0      0      0 
     0      0      0      0      0      0      0      0      0      0      0      0      0      0      0      0      0      0      0 
0 -1 -1
     0      0      0      0      0      0      0      0      0      0      0      0      0      0      0      0      0      0      0 
  3871   4002   3925   4206   4131   3826   3473   4203   4317   4258   3834   3623   4167   4541   4113   3890   9025   4698   4261 
 17236  13361     51    154   3925   3826   4002   4131   3871   4206   4258   4317   4203   4167   9025   4541   4698   4113   4261   3890   3623   3834   3473  13288  26304      0      0  65535 
     0      0      0      0      0      0      0      0      0      0      0      0      0      0      0      0      0      0      0 
     0      0      0      0      0      0      0      0      0      0      0      0      0      0      0      0      0      0      0 
     0      0      0      0      0      0      0      0      0      0      0      0      0      0      0      0      0      0      0 
0 -1 -1
     0      0      0      0      0      0      0      0      0      0      0      0      0      0      0      0      0      0      0 
  3871   4001   3925   4206   4131   3827   3473   4202   4316   4258   3835   3622   4167   4542   4113   3890   9027   4696   4262 
 17236  13361     51    154   3925   3827   4001   4131   3871   4206   4258   4316   4202   4167   9027   4542   4696   4113   4262   3890   3622   3835   3473  13283  26305      0      0  65535 
     0      0      0      0      0      0      0      0      0      0      0      0      0      0      0      0      0      0      0 
     0      0      0      0      0      0      0      0      0      0      0      0      0      0      0      0      0      0      0 
     0      0      0      0      0      0      0      0      0      0      0      0      0      0      0      0      0      0      0 
0 -1 -1
     0      0      0      0      0      0      0      0      0      0      0      0      0      0      0      0      0      0      0 
  3871   4001   3924   4206   4133   3827   3472   4202   4317   4257   3835   3623   4167   4542   4113   3891   9030   4698   4261 
 17236  13361     51    154   3924   3827   4001   4133   3871   4206   4257   4317   4202   4167   9030   4542   4698   4113   4261   3891   3623   3835   3472  13282  26305      0      0  65535 
     0      0      0      0      0      0      0      0      0      0      0      0      0      0      0      0      0      0      0 
     0      0      0      0      0      0      0      0      0      0      0      0      0      0      0      0      0      0      0 
     0      0      0      0      0      0      0      0      0      0      0      0      0      0      0      0      0      0      0 
0 -1 -1
     0      0      0      0      0      0      0      0      0      0      0      0      0      0      0      0      0      0      0 
  3868   4001   3923   4205   4132   3826   3473   4202   4317   4257   3835   3623   4167   4542   4113   3890   9027   4699   4261 
 17236  13361     51    154   3923   3826   4001   4132   3868   4205   4257   4317   4202   4167   9027   4542   4699   4113   4261   3890   3623   3835   3473  13284  26305      0      0  65535 
     0      0      0      0      0      0      0      0      0      0      0      0      0      0      0      0      0      0      0 
     0      0      0      0      0      0      0      0      0      0      0      0      0      0      0      0      0      0      0 
     0      0      0      0      0      0      0      0      0      0      0      0      0      0      0      0      0      0      0 
0 -1 -1
     0      0      0      0      0      0      0      0      0      0      0      0      0      0      0      0      0      0      0 
  3871   4002   3923   4205   4131   3826   3471   4202   4317   4257   3835   3622   4166   4542   4114   3891   9027   4697   4261 
 17236  13361     51    154   3923   3826   4002   4131   3871   4205   4257   4317   4202   4166   9027   4542   4697   4114   4261   3891   3622   3835   3471  13286  26303      0      0  65535 
     0      0      0      0      0      0      0      0      0      0      0      0      0      0      0      0      0      0      0 
     0      0      0      0      0      0      0      0      0      0      0      0      0      0      0      0      0      0      0 
     0      0      0      0      0      0      0      0      0      0      0      0      0      0      0      0      0      0      0 
0 -1 -1
