     0      0      0      0      0      0    195      0      0      0    235     54      0      0    153    129      0     28    255 
  3840   3949   3919   4169   4046   3825  17312   4168   4242   4166  13129   5441   4122   4455   8393  12492   8998   6004  28331 
 17236  13361     51    129   3919   3825   3949   4046   3840   4169   4166   4242   4168   4122   8998   4455   6004   8393  28331  12492   5441  13129  17312  13289  26304      0      0  65535 
     0      0      0      0      0      0      0      0      0      0      0      0      0      0      0      0      0      0      0 
     0      0      0      0      0      0      0      0      0      0      0      0      0      0      0      0      0      0      0 
     0      0      0      0      0      0      0      0      0      0      0      0      0      0      0      0      0      0      0 
0 -1 -1
     0      0      0      0      0      0    196      0      0      0    234     56      0      0    152    130      0     28    255 
  3839   3949   3917   4169   4047   3827  17363   4167   4241   4165  13118   5509   4120   4454   8381  12563   9001   6002  28263 
 17236  13361     51    130   3917   3827   3949   4047   3839   4169   4165   4241   4167   4120   9001   4454   6002   8381  28263  12563   5509  13118  17363  13289  26305      0      0  65535 
     0      0      0      0      0      0      0      0      0      0      0      0      0      0      0      0      0      0      0 
     0      0      0      0      0      0      0      0      0      0      0      0      0      0      0      0      0      0      0 
     0      0      0      0      0      0      0      0      0      0      0      0      0      0      0      0      0      0      0 
0 -1 -1
     0      0      0      0      0      0    190      0      0      0    229     56      0      0    152    129      0     29    255 
  3840   3951   3918   4170   4046   3823  17087   4167   4242   4166  12974   5528   4122   4455   8374  12469   8995   6045  27906 
 17236  13361     51    130   3918   3823   3951   4046   3840   4170   4166   4242   4167   4122   8995   4455   6045   8374  27906  12469   5528  12974  17087  13289  26304      0      0  65535 
     0      0      0      0      0      0      0      0      0      0      0      0      0      0      0      0      0      0      0 
     0      0      0      0      0      0      0      0      0      0      0      0      0      0      0      0      0      0      0 
     0      0      0      0      0      0      0      0      0      0      0      0      0      0      0      0      0      0      0 
0 -1 -1
     0      0      0      0      0      0    180      0      0      0    219     57      0      0    149    127      0     29    253 
  3840   3950   3917   4170   4049   3822  16658   4168   4243   4168  12711   5542   4121   4457   8300  12385   9007   6056  27590 
 17236  13361     51    130   3917   3822   3950   4049   3840   4170   4168   4243   4168   4121   9007   4457   6056   8300  27590  12385   5542  12711  16658  13290  26304      0      0  65535 
     0      0      0      0      0      0      0      0      0      0      0      0      0      0      0      0      0      0      0 
     0      0      0      0      0      0      0      0      0      0      0      0      0      0      0      0      0      0      0 
     0      0      0      0      0      0      0      0      0      0      0      0      0      0      0      0      0      0      0 
0 -1 -1
     0      0      0      0      0      0    180      0      0      0    217     59      0      0    148    129      0     30    253 
  3840   3951   3916   4170   4049   3819  16647   4167   4242   4166  12660   5614   4121   4456   8284  12475   8999   6064  27570 
 17236  13361     51    131   3916   3819   3951   4049   3840   4170   4166   4242   4167   4121   8999   4456   6064   8284  27570  12475   5614  12660  16647  13286  26304      0      0  65535 
     0      0      0      0      0      0      0      0      0      0      0      0      0      0      0      0      0      0      0 
     0      0      0      0      0      0      0      0      0      0      0      0      0      0      0      0      0      0      0 
     0      0      0      0      0      0      0      0      0      0      0      0      0      0      0      0      0      0      0 
0 -1 -1
     0      0      0      0      0      0    178      0      0      0    215     58      0      0    147    127      0     29    247 
  3842   3952   3917   4170   4049   3821  16558   4167   4242   4168  12585   5598   4123   4458   8254  12382   9005   6054  27219 
 17236  13361     51    131   3917   3821   3952   4049   3842   4170   4168   4242   4167   4123   9005   4458   6054   8254  27219  12382   5598  12585  16558  13283  26304      0      0  65535 
     0      0      0      0      0      0      0      0      0      0      0      0      0      0      0      0      0      0      0 
     0      0      0      0      0      0      0      0      0      0      0      0      0      0      0      0      0      0      0 
     0      0      0      0      0      0      0      0      0      0      0      0      0      0      0      0      0      0      0 
0 -1 -1
     0      0      0      0      0      0    162      0      0      0    203     51      0      0    144    113      0     30    224 
  3842   3953   3917   4171   4053   3824  15893   4168   4247   4175  12261   5344   4124   4465   8176  11679   8997   6059  25705 
 17236  13361     51    131   3917   3824   3953   4053   3842   4171   4175   4247   4168   4124   8997   4465   6059   8176  25705  11679   5344  12261  15893  13283  26305      0      0  65535 
     0      0      0      0      0      0      0      0      0      0      0      0      0      0      0      0      0      0      0 
     0      0      0      0      0      0      0      0      0      0      0      0      0      0      0      0      0      0      0 
     0      0      0      0      0      0      0      0      0      0      0      0      0      0      0      0      0      0      0 
0 -1 -1
     0      0      0      0      0      1    141      0      0      0    183     40      0      0    135     95      0     27    194 
  3844   3957   3919   4172   4059   3835  14969   4171   4251   4188  11736   4980   4128   4476   7960  10742   8996   5963  23771 
 17236  13361     51    133   3919   3835   3957   4059   3844   4172   4188   4251   4171   4128   8996   4476   5963   7960  23771  10742   4980  11736  14969  13283  26304      0      0  65535 
     0      0      0      0      0      0      0      0      0      0      0      0      0      0      0      0      0      0      0 
     0      0      0      0      0      0      0      0      0      0      0      0      0      0      0      0      0      0      0 
     0      0      0      0      0      0      0      0      0      0      0      0      0      0      0      0      0      0      0 
0 -1 -1
     0      0      0      0      0      1    101      0      0      0    143     27      0      0    116     68      0     23    146 
  3844   3959   3921   4173   4067   3840  13258   4173   4260   4203  10648   4523   4132   4489   7464   9332   9002   5742  20626 
 17236  13361     51    135   3921   3840   3959   4067   3844   4173   4203   4260   4173   4132   9002   4489   5742   7464  20626   9332   4523  10648  13258  13286  26304      1      0  65535 
     0      0      0      0      0      0      0      0      0      0      0      0      0      0      0      0      0      0      0 
     0      0      0      0      0      0      0      0      0      0      0      0      0      0      0      0      0      0      0 
     0      0      0      0      0      0      0      0      0      0      0      0      0      0      0      0      0      0      0 
0 -1 -1
     0      0      0      0      0      0     20      0      0      0     44     14      0      0     60     28      0     13     63 
  3848   3971   3919   4179   4084   3833   9772   4177   4276   4227   7934   4079   4140   4513   6064   7264   8998   5277  15192 
 17236  13361     51    141   3919   3833   3971   4084   3848   4179   4227   4276   4177   4140   8998   4513   5277   6064  15192   7264   4079   7934   9772  13288  26303      0      0  65535 
     0      0      0      0      0      0      0      0      0      0      0      0      0      0      0      0      0      0      0 
     0      0      0      0      0      0      0      0      0      0      0      0      0      0      0      0      0      0      0 
     0      0      0      0      0      0      0      0      0      0      0      0      0      0      0      0      0      0      0 
0 -1 -1
     0      0      0      0      0      0      0      0      0      1      0      1      0      1      0      0      0      2      0 
  3854   3983   3915   4186   4108   3827   5043   4183   4296   4246   4375   3639   4150   4530   4363   4502   9010   4808   7331 
 17236  13361     51    150   3915   3827   3983   4108   3854   4186   4246   4296   4183   4150   9010   4530   4808   4363   7331   4502   3639   4375   5043  13288  26303      0      0  65535 
     0      0      0      0      0      0      0      0      0      0      0      0      0      0      0      0      0      0      0 
     0      0      0      0      0      0      0      0      0      0      0      0      0      0      0      0      0      0      0 
     0      0      0      0      0      0      0      0      0      0      0      0      0      0      0      0      0      0      0 
0 -1 -1
     0      0      0      0      0      0      0      0      0      1      0      0      0      1      0      0      0      0      0 
  3857   3988   3914   4188   4117   3821   3515   4187   4301   4245   3836   3614   4152   4527   4104   3884   9022   4685   4303 
 17236  13361     51    153   3914   3821   3988   4117   3857   4188   4245   4301   4187   4152   9022   4527   4685   4104   4303   3884   3614   3836   3515  13284  26305      0      0  65535 
     0      0      0      0      0      0      0      0      0      0      0      0      0      0      0      0      0      0      0 
     0      0      0      0      0      0      0      0      0      0      0      0      0      0      0      0      0      0      0 
     0      0      0      0      0      0      0      0      0      0      0      0      0      0      0      0      0      0      0 
0 -1 -1
     0      0      0      0      0      0      0      0      0      1      0      0      0      1      0      0      0      0      0 
  3856   3989   3915   4187   4118   3817   3469   4188   4301   4245   3829   3614   4151   4528   4104   3881   9019   4687   4223 
 17236  13361     51    154   3915   3817   3989   4118   3856   4187   4245   4301   4188   4151   9019   4528   4687   4104   4223   3881   3614   3829   3469  13285  26304      0      0  65535 
     0      0      0      0      0      0      0      0      0      0      0      0      0      0      0      0      0      0      0 
     0      0      0      0      0      0      0      0      0      0      0      0      0      0      0      0      0      0      0 
     0      0      0      0      0      0      0      0      0      0      0      0      0      0      0      0      0      0      0 
0 -1 -1
     0      0      0      0      0      0      0      0      0      1      0      0      0      1      0      0      0      0      0 
  3856   3989   3912   4187   4116   3817   3464   4186   4301   4244   3826   3615   4152   4529   4104   3881   9021   4684   4220 
 17236  13361     51    154   3912   3817   3989   4116   3856   4187   4244   4301   4186   4152   9021   4529   4684   4104   4220   3881   3615   3826   3464  13285  26304      0      0  65535 
     0      0      0      0      0      0      0      0      0      0      0      0      0      0      0      0      0      0      0 
     0      0      0      0      0      0      0      0      0      0      0      0      0      0      0      0      0      0      0 
     0      0      0      0      0      0      0      0      0      0      0      0      0      0      0      0      0      0      0 
0 -1 -1
     0      0      0      0      0      0      0      0      0      1      0      0      0      1      0      0      0      0      0 
  3856   3988   3913   4188   4117   3816   3463   4187   4301   4243   3825   3614   4151   4528   4102   3880   9021   4684   4222 
 17236  13361     51    154   3913   3816   3988   4117   3856   4188   4243   4301   4187   4151   9021   4528   4684   4102   4222   3880   3614   3825   3463  13285  26304      0      0  65535 
     0      0      0      0      0      0      0      0      0      0      0      0      0      0      0      0      0      0      0 
     0      0      0      0      0      0      0      0      0      0      0      0      0      0      0      0      0      0      0 
     0      0      0      0      0      0      0      0      0      0      0      0      0      0      0      0      0      0      0 
0 -1 -1
     0      0      0      0      0      0      0      0      0      1      0      0      0      1      0      0      0      0      0 
  3855   3988   3913   4187   4118   3815   3462   4188   4301   4244   3825   3614   4152   4527   4101   3879   9016   4684   4221 
 17236  13361     51    154   3913   3815   3988   4118   3855   4187   4244   4301   4188   4152   9016   4527   4684   4101   4221   3879   3614   3825   3462  13287  26304      0      0  65535 
     0      0      0      0      0      0      0      0      0      0      0      0      0      0      0      0      0      0      0 
     0      0      0      0      0      0      0      0      0      0      0      0      0      0      0      0      0      0      0 
     0      0      0      0      0      0      0      0      0      0      0      0      0      0      0      0      0      0      0 
0 -1 -1
     0      0      0      0      0      0      0      0      0      1      0      0      0      1      0      0      0      0      0 
  3855   3989   3912   4188   4116   3816   3462   4185   4299   4244   3825   3614   4152   4526   4101   3880   9023   4683   4223 
 17236  13361     51    154   3912   3816   3989   4116   3855   4188   4244   4299   4185   4152   9023   4526   4683   4101   4223   3880   3614   3825   3462  13291  26305      0      0  65535 
     0      0      0      0      0      0      0      0      0      0      0      0      0      0      0      0      0      0      0 
     0      0      0      0      0      0      0      0      0      0      0      0      0      0      0      0      0      0      0 
     0      0      0      0      0      0      0      0      0      0      0      0      0      0      0      0      0      0      0 
0 -1 -1
     0      0      0      0      0      0      0      0      0      1      0      0      0      1      0      0      0      0      0 
  3856   3988   3913   4187   4117   3816   3463   4186   4300   4243   3822   3613   4151   4526   4100   3879   9016   4683   4225 
 17236  13361     51    154   3913   3816   3988   4117   3856   4187   4243   4300   4186   4151   9016   4526   4683   4100   4225   3879   3613   3822   3463  13291  26304      0      0  65535 
     0      0      0      0      0      0      0      0      0      0      0      0      0      0      0      0      0      0      0 
     0      0      0      0      0      0      0      0      0      0      0      0      0      0      0      0      0      0      0 
     0      0      0      0      0      0      0      0      0      0      0      0      0      0      0      0      0      0      0 
0 -1 -1
     0      0      0      0      0      0      0      0      0      1      0      0      0      1      0      0      0      0      0 
  3856   3988   3913   4185   4116   3817   3463   4186   4299   4243   3824   3615   4152   4525   4099   3879   9017   4683   4225 
 17236  13361     51    154   3913   3817   3988   4116   3856   4185   4243   4299   4186   4152   9017   4525   4683   4099   4225   3879   3615   3824   3463  13290  26304      0      0  65535 
     0      0      0      0      0      0      0      0      0      0      0      0      0      0      0      0      0      0      0 
     0      0      0      0      0      0      0      0      0      0      0      0      0      0      0      0      0      0      0 
     0      0      0      0      0      0      0      0      0      0      0      0      0      0      0      0      0      0      0 
0 -1 -1
     0      0      0      0      0      0      0      0      0      1      0      0      0      1      0      0      0      0      0 
  3855   3988   3911   4187   4116   3816   3462   4184   4300   4243   3823   3614   4152   4527   4098   3879   9015   4683   4226 
 17236  13361     51    154   3911   3816   3988   4116   3855   4187   4243   4300   4184   4152   9015   4527   4683   4098   4226   3879   3614   3823   3462  13290  26305      0      0  65535 
     0      0      0      0      0      0      0      0      0      0      0      0      0      0      0      0      0      0      0 
     0      0      0      0      0      0      0      0      0      0      0      0      0      0      0      0      0      0      0 
     0      0      0      0      0      0      0      0      0      0      0      0      0      0      0      0      0      0      0 
0 -1 -1
     0      0      0      0      0      0      0      0      0      1      0      0      0      1      0      0      0      0      0 
  3855   3986   3913   4187   4114   3816   3461   4184   4299   4243   3823   3613   4150   4527   4100   3879   9018   4683   4228 
 17236  13361     51    154   3913   3816   3986   4114   3855   4187   4243   4299   4184   4150   9018   4527   4683   4100   4228   3879   3613   3823   3461  13290  26305      0      0  65535 
     0      0      0      0      0      0      0      0      0      0      0      0      0      0      0      0      0      0      0 
     0      0      0      0      0      0      0      0      0      0      0      0      0      0      0      0      0      0      0 
     0      0      0      0      0      0      0      0      0      0      0      0      0      0      0      0      0      0      0 
0 -1 -1
     0      0      0      0      0      0      0      0      0      0      0      0      0      1      0      0      0      0      0 
  3855   3986   3913   4185   4116   3815   3463   4185   4300   4242   3823   3611   4150   4525   4099   3879   9023   4682   4230 
 17236  13361     51    154   3913   3815   3986   4116   3855   4185   4242   4300   4185   4150   9023   4525   4682   4099   4230   3879   3611   3823   3463  13290  26305      0      0  65535 
     0      0      0      0      0      0      0      0      0      0      0      0      0      0      0      0      0      0      0 
     0      0      0      0      0      0      0      0      0      0      0      0      0      0      0      0      0      0      0 
     0      0      0      0      0      0      0      0      0      0      0      0      0      0      0      0      0      0      0 
0 -1 -1
     0      0      0      0      0      0      0      0      0      1      0      0      0      1      0      0      0      0      0 
  3856   3986   3911   4186   4115   3813   3460   4185   4299   4243   3823   3614   4151   4527   4098   3879   9021   4683   4229 
 17236  13361     51    154   3911   3813   3986   4115   3856   4186   4243   4299   4185   4151   9021   4527   4683   4098   4229   3879   3614   3823   3460  13290  26304      0      0  65535 
     0      0      0      0      0      0      0      0      0      0      0      0      0      0      0      0      0      0      0 
     0      0      0      0      0      0      0      0      0      0      0      0      0      0      0      0      0      0      0 
     0      0      0      0      0      0      0      0      0      0      0      0      0      0      0      0      0      0      0 
0 -1 -1
     0      0      0      0      0      0      0      0      0      1      0      0      0      1      0      0      0      0      0 
  3855   3989   3913   4186   4116   3816   3461   4186   4299   4243   3823   3612   4150   4526   4099   3878   9017   4682   4231 
 17236  13361     51    154   3913   3816   3989   4116   3855   4186   4243   4299   4186   4150   9017   4526   4682   4099   4231   3878   3612   3823   3461  13290  26304      0      0  65535 
     0      0      0      0      0      0      0      0      0      0      0      0      0      0      0      0      0      0      0 
     0      0      0      0      0      0      0      0      0      0      0      0      0      0      0      0      0      0      0 
     0      0      0      0      0      0      0      0      0      0      0      0      0      0      0      0      0      0      0 
0 -1 -1
     0      0      0      0      0      0      0      0      0      0      0      0      0      1      0      0      0      0      0 
  3855   3987   3912   4187   4116   3815   3462   4184   4299   4242   3822   3613   4150   4526   4099   3879   9015   4681   4231 
 17236  13361     51    154   3912   3815   3987   4116   3855   4187   4242   4299   4184   4150   9015   4526   4681   4099   4231   3879   3613   3822   3462  13290  26304      0      0  65535 
     0      0      0      0      0      0      0      0      0      0      0      0      0      0      0      0      0      0      0 
     0      0      0      0      0      0      0      0      0      0      0      0      0      0      0      0      0      0      0 
     0      0      0      0      0      0      0      0      0      0      0      0      0      0      0      0      0      0      0 
0 -1 -1
     0      0      0      0      0      0      0      0      0      0      0      0      0      1      0      0      0      0      0 
  3854   3987   3911   4186   4114   3815   3461   4185   4297   4242   3822   3613   4151   4527   4098   3878   9023   4681   4232 
 17236  13361     51    154   3911   3815   3987   4114   3854   4186   4242   4297   4185   4151   9023   4527   4681   4098   4232   3878   3613   3822   3461  13290  26304      0      0  65535 
     0      0      0      0      0      0      0      0      0      0      0      0      0      0      0      0      0      0      0 
     0      0      0      0      0      0      0      0      0      0      0      0      0      0      0      0      0      0      0 
     0      0      0      0      0      0      0      0      0      0      0      0      0      0      0      0      0      0      0 
0 -1 -1
     0      0      0      0      0      0      0      0      0      1      0      0      0      1      0      0      0      0      0 
  3857   3985   3910   4186   4115   3814   3460   4184   4299   4244   3823   3613   4150   4526   4099   3879   9017   4683   4232 
 17236  13361     51    154   3910   3814   3985   4115   3857   4186   4244   4299   4184   4150   9017   4526   4683   4099   4232   3879   3613   3823   3460  13289  26304      0      0  65535 
     0      0      0      0      0      0      0      0      0      0      0      0      0      0      0      0      0      0      0 
     0      0      0      0      0      0      0      0      0      0      0      0      0      0      0      0      0      0      0 
     0      0      0      0      0      0      0      0      0      0      0      0      0      0      0      0      0      0      0 
0 -1 -1
     0      0      0      0      0      0      0      0      0      0      0      0      0      1      0      0      0      0      0 
  3855   3986   3911   4186   4115   3814   3461   4184   4299   4242   3821   3613   4151   4525   4097   3878   9024   4682   4233 
 17236  13361     51    154   3911   3814   3986   4115   3855   4186   4242   4299   4184   4151   9024   4525   4682   4097   4233   3878   3613   3821   3461  13289  26305      0      1  65535 
     0      0      0      0      0      0      0      0      0      0      0      0      0      0      0      0      0      0      0 
     0      0      0      0      0      0      0      0      0      0      0      0      0      0      0      0      0      0      0 
     0      0      0      0      0      0      0      0      0      0      0      0      0      0      0      0      0      0      0 
0 -1 -1
     0      0      0      0      0      0      0      0      0      0      0      0      0      1      0      0      0      0      0 
  3854   3986   3911   4187   4115   3815   3461   4186   4298   4242   3821   3612   4149   4524   4098   3878   9017   4682   4232 
 17236  13361     51    154   3911   3815   3986   4115   3854   4187   4242   4298   4186   4149   9017   4524   4682   4098   4232   3878   3612   3821   3461  13289  26305      0      0  65535 
     0      0      0      0      0      0      0      0      0      0      0      0      0      0      0      0      0      0      0 
     0      0      0      0      0      0      0      0      0      0      0      0      0      0      0      0      0      0      0 
     0      0      0      0      0      0      0      0      0      0      0      0      0      0      0      0      0      0      0 
0 -1 -1
     0      0      0      0      0      0      0      0      0      0      0      0      0      1      0      0      0      0      0 
  3853   3986   3910   4186   4115   3814   3462   4184   4299   4242   3822   3611   4150   4525   4098   3879   9023   4681   4233 
 17236  13361     51    154   3910   3814   3986   4115   3853   4186   4242   4299   4184   4150   9023   4525   4681   4098   4233   3879   3611   3822   3462  13293  26305      0      0  65535 
     0      0      0      0      0      0      0      0      0      0      0      0      0      0      0      0      0      0      0 
     0      0      0      0      0      0      0      0      0      0      0      0      0      0      0      0      0      0      0 
     0      0      0      0      0      0      0      0      0      0      0      0      0      0      0      0      0      0      0 
0 -1 -1
     0      0      0      0      0      0      0      0      0      1      0      0      0      1      0      0      0      0      0 
  3854   3985   3912   4186   4115   3815   3460   4185   4298   4243   3822   3612   4149   4525   4097   3877   9019   4680   4234 
 17236  13361     51    154   3912   3815   3985   4115   3854   4186   4243   4298   4185   4149   9019   4525   4680   4097   4234   3877   3612   3822   3460  13303  26304      0      0  65535 
     0      0      0      0      0      0      0      0      0      0      0      0      0      0      0      0      0      0      0 
     0      0      0      0      0      0      0      0      0      0      0      0      0      0      0      0      0      0      0 
     0      0      0      0      0      0      0      0      0      0      0      0      0      0      0      0      0      0      0 
0 -1 -1
