     0     82      0      0    255      0      0      0      0    143      0      0      0    255      0      0      0     65      0 
  3900  11866   3974   4222  14369   3845   3457   4187   4294  11269   3801   3614   4171  11393   4092   3871   9040  10478   4264 
 17236  13361     51    154   3974   3845  11866  14369   3900   4222  11269   4294   4187   4171   9040  11393  10478   4092   4264   3871   3614   3801   3457  13294  26304      0      1  65535 
     0      0      0      0      0      0      0      0      0      0      0      0      0      0      0      0      0      0      0 
     0      0      0      0      0      0      0      0      0      0      0      0      0      0      0      0      0      0      0 
     0      0      0      0      0      0      0      0      0      0      0      0      0      0      0      0      0      0      0 
0 -1 -1
     0     71      0      0    255      0      0      0      0    119      0      0      0    255      0      0      0     51      0 
  3903  11369   3970   4228  16215   3843   3459   4183   4294  10718   3794   3614   4173  12867   4086   3869   9029   9852   4260 
 17236  13361     51    154   3970   3843  11369  16215   3903   4228  10718   4294   4183   4173   9029  12867   9852   4086   4260   3869   3614   3794   3459  13290  26304      0      0  65535 
     0      0      0      0      0      0      0      0      0      0      0      0      0      0      0      0      0      0      0 
     0      0      0      0      0      0      0      0      0      0      0      0      0      0      0      0      0      0      0 
     0      0      0      0      0      0      0      0      0      0      0      0      0      0      0      0      0      0      0 
0 -1 -1
     0     32      0      0    255      0      0      0      0     55      0      0      0    255      0      0      0     24      0 
  3918   9676   3954   4240  20853   3842   3456   4174   4293   9211   3783   3612   4177  15819   4079   3867   9042   8580   4255 
 17236  13361     51    154   3954   3842   9676  20853   3918   4240   9211   4293   4174   4177   9042  15819   8580   4079   4255   3867   3612   3783   3456  13287  26304      0      0  65535 
     0      0      0      0      0      0      0      0      0      0      0      0      0      0      0      0      0      0      0 
     0      0      0      0      0      0      0      0      0      0      0      0      0      0      0      0      0      0      0 
     0      0      0      0      0      0      0      0      0      0      0      0      0      0      0      0      0      0      0 
0 -1 -1
     0     47      0      0    255      0      0      0      0     70      0      0      0    255      0      0      0     25      0 
  3907  10361   3959   4240  21309   3845   3456   4173   4292   9565   3782   3613   4176  15719   4078   3867   9038   8639   4254 
 17236  13361     51    154   3959   3845  10361  21309   3907   4240   9565   4292   4173   4176   9038  15719   8639   4078   4254   3867   3613   3782   3456  13287  26305      0      1  65535 
     0      0      0      0      0      0      0      0      0      0      0      0      0      0      0      0      0      0      0 
     0      0      0      0      0      0      0      0      0      0      0      0      0      0      0      0      0      0      0 
     0      0      0      0      0      0      0      0      0      0      0      0      0      0      0      0      0      0      0 
0 -1 -1
     0     59      0      0    255      0      0      0      0     79      0      0      0    255      0      0      0     24      0 
  3905  10878   3963   4237  21170   3849   3454   4174   4289   9784   3784   3612   4176  15285   4078   3868   9045   8619   4254 
 17236  13361     51    154   3963   3849  10878  21170   3905   4237   9784   4289   4174   4176   9045  15285   8619   4078   4254   3868   3612   3784   3454  13290  26305      0      0  65535 
     0      0      0      0      0      0      0      0      0      0      0      0      0      0      0      0      0      0      0 
     0      0      0      0      0      0      0      0      0      0      0      0      0      0      0      0      0      0      0 
     0      0      0      0      0      0      0      0      0      0      0      0      0      0      0      0      0      0      0 
0 -1 -1
     0     67      0      0    255      0      0      0      0     87      0      0      0    255      0      0      0     26      0 
  3905  11198   3965   4239  21778   3851   3454   4173   4289   9970   3781   3609   4175  15550   4075   3867   9040   8709   4252 
 17236  13361     51    154   3965   3851  11198  21778   3905   4239   9970   4289   4173   4175   9040  15550   8709   4075   4252   3867   3609   3781   3454  13290  26304      0      0  65535 
     0      0      0      0      0      0      0      0      0      0      0      0      0      0      0      0      0      0      0 
     0      0      0      0      0      0      0      0      0      0      0      0      0      0      0      0      0      0      0 
     0      0      0      0      0      0      0      0      0      0      0      0      0      0      0      0      0      0      0 
0 -1 -1
     0     72      0      0    255      0      0      0      0     96      0      0      0    255      0      0      0     30      0 
  3907  11410   3966   4240  22274   3852   3452   4171   4287  10173   3779   3610   4176  15893   4075   3865   9039   8894   4254 
 17236  13361     51    154   3966   3852  11410  22274   3907   4240  10173   4287   4171   4176   9039  15893   8894   4075   4254   3865   3610   3779   3452  13289  26304      0      0  65535 
     0      0      0      0      0      0      0      0      0      0      0      0      0      0      0      0      0      0      0 
     0      0      0      0      0      0      0      0      0      0      0      0      0      0      0      0      0      0      0 
     0      0      0      0      0      0      0      0      0      0      0      0      0      0      0      0      0      0      0 
0 -1 -1
     0     81      0      0    255      0      0      0      0    106      0      0      0    255      0      0      0     32      0 
  3906  11820   3969   4241  22889   3854   3450   4168   4286  10400   3777   3608   4174  16163   4072   3864   9039   8953   4253 
 17236  13361     51    154   3969   3854  11820  22889   3906   4241  10400   4286   4168   4174   9039  16163   8953   4072   4253   3864   3608   3777   3450  13289  26304      0      0  65535 
     0      0      0      0      0      0      0      0      0      0      0      0      0      0      0      0      0      0      0 
     0      0      0      0      0      0      0      0      0      0      0      0      0      0      0      0      0      0      0 
     0      0      0      0      0      0      0      0      0      0      0      0      0      0      0      0      0      0      0 
0 -1 -1
     0     91      0      0    255      0      0      0      0    111      0      0      0    255      0      0      0     29      0 
  3908  12253   3970   4242  23848   3856   3450   4164   4285  10516   3774   3608   4174  16437   4070   3863   9042   8838   4252 
 17236  13361     51    154   3970   3856  12253  23848   3908   4242  10516   4285   4164   4174   9042  16437   8838   4070   4252   3863   3608   3774   3450  13289  26304      0      0  65535 
     0      0      0      0      0      0      0      0      0      0      0      0      0      0      0      0      0      0      0 
     0      0      0      0      0      0      0      0      0      0      0      0      0      0      0      0      0      0      0 
     0      0      0      0      0      0      0      0      0      0      0      0      0      0      0      0      0      0      0 
0 -1 -1
     1     95      0      0    255      1      0      0      0    112      0      0      0    255      0      0      0     28      0 
  3951  12413   3970   4244  25096   3858   3450   4163   4285  10544   3769   3607   4176  17103   4063   3861   9043   8777   4249 
 17236  13361     51    154   3970   3858  12413  25096   3951   4244  10544   4285   4163   4176   9043  17103   8777   4063   4249   3861   3607   3769   3450  13291  26304      0      1  65535 
     0      0      0      0      0      0      0      0      0      0      0      0      0      0      0      0      0      0      0 
     0      0      0      0      0      0      0      0      0      0      0      0      0      0      0      0      0      0      0 
     0      0      0      0      0      0      0      0      0      0      0      0      0      0      0      0      0      0      0 
0 -1 -1
     1     98      0      0    255      1      0      0      0    115      0      0      0    255      0      0      0     29      0 
  3963  12548   3972   4246  25479   3859   3448   4162   4288  10620   3766   3606   4176  17404   4063   3860   9037   8810   4248 
 17236  13361     51    154   3972   3859  12548  25479   3963   4246  10620   4288   4162   4176   9037  17404   8810   4063   4248   3860   3606   3766   3448  13291  26303      0      0  65535 
     0      0      0      0      0      0      0      0      0      0      0      0      0      0      0      0      0      0      0 
     0      0      0      0      0      0      0      0      0      0      0      0      0      0      0      0      0      0      0 
     0      0      0      0      0      0      0      0      0      0      0      0      0      0      0      0      0      0      0 
0 -1 -1
     2     98      0      1    255      1      0      0      0    119      0      0      0    255      0      0      0     31      0 
  3997  12565   3970   4248  26198   3858   3447   4159   4286  10707   3763   3606   4175  18008   4061   3859   9034   8926   4248 
 17236  13361     51    154   3970   3858  12565  26198   3997   4248  10707   4286   4159   4175   9034  18008   8926   4061   4248   3859   3606   3763   3447  13294  26303      0      0  65535 
     0      0      0      0      0      0      0      0      0      0      0      0      0      0      0      0      0      0      0 
     0      0      0      0      0      0      0      0      0      0      0      0      0      0      0      0      0      0      0 
     0      0      0      0      0      0      0      0      0      0      0      0      0      0      0      0      0      0      0 
0 -1 -1
     3     90      0      1    255      1      0      0      0    108      0      0      0    255      0      0      0     28      0 
  4104  12193   3966   4252  27193   3859   3446   4159   4288  10462   3761   3606   4176  18704   4061   3858   9028   8781   4246 
 17236  13361     51    154   3966   3859  12193  27193   4104   4252  10462   4288   4159   4176   9028  18704   8781   4061   4246   3858   3606   3761   3446  13297  26303      1      0  65535 
     0      0      0      0      0      0      0      0      0      0      0      0      0      0      0      0      0      0      0 
     0      0      0      0      0      0      0      0      0      0      0      0      0      0      0      0      0      0      0 
     0      0      0      0      0      0      0      0      0      0      0      0      0      0      0      0      0      0      0 
0 -1 -1
     3     88      0      1    255      1      0      0      0    105      0      0      0    255      0      0      0     26      0 
  4106  12148   3967   4252  27113   3860   3447   4158   4290  10382   3763   3605   4178  18635   4062   3861   9044   8688   4247 
 17236  13361     51    154   3967   3860  12148  27113   4106   4252  10382   4290   4158   4178   9044  18635   8688   4062   4247   3861   3605   3763   3447  13297  26304      0      0  65535 
     0      0      0      0      0      0      0      0      0      0      0      0      0      0      0      0      0      0      0 
     0      0      0      0      0      0      0      0      0      0      0      0      0      0      0      0      0      0      0 
     0      0      0      0      0      0      0      0      0      0      0      0      0      0      0      0      0      0      0 
0 -1 -1
     3     88      0      1    255      1      0      0      0     99      0      0      0    255      0      0      0     22      0 
  4106  12131   3970   4253  26948   3862   3447   4158   4290  10250   3764   3606   4180  18448   4062   3859   9039   8489   4248 
 17236  13361     51    154   3970   3862  12131  26948   4106   4253  10250   4290   4158   4180   9039  18448   8489   4062   4248   3859   3606   3764   3447  13297  26304      0      0  65535 
     0      0      0      0      0      0      0      0      0      0      0      0      0      0      0      0      0      0      0 
     0      0      0      0      0      0      0      0      0      0      0      0      0      0      0      0      0      0      0 
     0      0      0      0      0      0      0      0      0      0      0      0      0      0      0      0      0      0      0 
0 -1 -1
     5     82      0      1    255      1      0      0      0     87      0      0      0    255      0      0      0     16      0 
  4228  11860   3965   4258  27781   3859   3447   4158   4313   9958   3760   3606   4180  18832   4058   3859   9040   8235   4245 
 17236  13361     51    154   3965   3859  11860  27781   4228   4258   9958   4313   4158   4180   9040  18832   8235   4058   4245   3859   3606   3760   3447  13297  26304      0      0  65535 
     0      0      0      0      0      0      0      0      0      0      0      0      0      0      0      0      0      0      0 
     0      0      0      0      0      0      0      0      0      0      0      0      0      0      0      0      0      0      0 
     0      0      0      0      0      0      0      0      0      0      0      0      0      0      0      0      0      0      0 
0 -1 -1
     5     78      0      1    255      1      0      0      0     80      0      0      0    255      0      0      0     13      0 
  4249  11680   3965   4259  27709   3859   3447   4158   4323   9798   3761   3607   4181  18744   4060   3860   9043   8100   4247 
 17236  13361     51    154   3965   3859  11680  27709   4249   4259   9798   4323   4158   4181   9043  18744   8100   4060   4247   3860   3607   3761   3447  13297  26305      0      0  65535 
     0      0      0      0      0      0      0      0      0      0      0      0      0      0      0      0      0      0      0 
     0      0      0      0      0      0      0      0      0      0      0      0      0      0      0      0      0      0      0 
     0      0      0      0      0      0      0      0      0      0      0      0      0      0      0      0      0      0      0 
0 -1 -1
     4     79      0      1    255      1      0      0      0     82      0      0      0    255      0      0      0     15      0 
  4170  11725   3966   4258  27055   3863   3449   4160   4303   9861   3764   3607   4181  18475   4062   3861   9042   8169   4247 
 17236  13361     51    154   3966   3863  11725  27055   4170   4258   9861   4303   4160   4181   9042  18475   8169   4062   4247   3861   3607   3764   3449  13297  26304      0      0  65535 
     0      0      0      0      0      0      0      0      0      0      0      0      0      0      0      0      0      0      0 
     0      0      0      0      0      0      0      0      0      0      0      0      0      0      0      0      0      0      0 
     0      0      0      0      0      0      0      0      0      0      0      0      0      0      0      0      0      0      0 
0 -1 -1
     3     76      0      1    255      1      0      0      0     82      0      0      0    255      0      0      0     16      0 
  4083  11619   3968   4255  26028   3863   3451   4162   4294   9847   3771   3609   4182  17966   4065   3863   9040   8215   4248 
 17236  13361     51    154   3968   3863  11619  26028   4083   4255   9847   4294   4162   4182   9040  17966   8215   4065   4248   3863   3609   3771   3451  13297  26304      0      0  65535 
     0      0      0      0      0      0      0      0      0      0      0      0      0      0      0      0      0      0      0 
     0      0      0      0      0      0      0      0      0      0      0      0      0      0      0      0      0      0      0 
     0      0      0      0      0      0      0      0      0      0      0      0      0      0      0      0      0      0      0 
0 -1 -1
     1     81      0      1    255      1      0      0      0     89      0      0      0    255      0      0      0     18      0 
  3944  11804   3973   4252  24235   3863   3453   4168   4294  10014   3776   3610   4181  16936   4071   3865   9040   8339   4252 
 17236  13361     51    154   3973   3863  11804  24235   3944   4252  10014   4294   4168   4181   9040  16936   8339   4071   4252   3865   3610   3776   3453  13296  26303      0      1  65535 
     0      0      0      0      0      0      0      0      0      0      0      0      0      0      0      0      0      0      0 
     0      0      0      0      0      0      0      0      0      0      0      0      0      0      0      0      0      0      0 
     0      0      0      0      0      0      0      0      0      0      0      0      0      0      0      0      0      0      0 
0 -1 -1
     0     74      0      1    255      1      0      0      0     79      0      0      0    255      0      0      0     14      0 
  3915  11520   3973   4250  22667   3861   3457   4172   4298   9770   3783   3612   4182  15908   4075   3868   9032   8134   4257 
 17236  13361     51    154   3973   3861  11520  22667   3915   4250   9770   4298   4172   4182   9032  15908   8134   4075   4257   3868   3612   3783   3457  13296  26303      0      1  65535 
     0      0      0      0      0      0      0      0      0      0      0      0      0      0      0      0      0      0      0 
     0      0      0      0      0      0      0      0      0      0      0      0      0      0      0      0      0      0      0 
     0      0      0      0      0      0      0      0      0      0      0      0      0      0      0      0      0      0      0 
0 -1 -1
     0     57      0      1    255      1      0      0      0     49      0      0      0    255      0      0      0      1      0 
  3912  10776   3971   4249  20669   3858   3460   4180   4302   9082   3795   3616   4186  14314   4081   3874   9043   7537   4259 
 17236  13361     51    154   3971   3858  10776  20669   3912   4249   9082   4302   4180   4186   9043  14314   7537   4081   4259   3874   3616   3795   3460  13297  26306      0      0  65535 
     0      0      0      0      0      0      0      0      0      0      0      0      0      0      0      0      0      0      0 
     0      0      0      0      0      0      0      0      0      0      0      0      0      0      0      0      0      0      0 
     0      0      0      0      0      0      0      0      0      0      0      0      0      0      0      0      0      0      0 
0 -1 -1
     0     47      1      0    255      1      0      0      0     25      0      0      0    211      0      0      0      0      0 
  3905  10351   3977   4238  14151   3857   3470   4199   4312   8508   3820   3623   4184   9600   4103   3886   9036   6997   4267 
 17236  13361     51    153   3977   3857  10351  14151   3905   4238   8508   4312   4199   4184   9036   9600   6997   4103   4267   3886   3623   3820   3470  13296  26305      0      0  65535 
     0      0      0      0      0      0      0      0      0      0      0      0      0      0      0      0      0      0      0 
     0      0      0      0      0      0      0      0      0      0      0      0      0      0      0      0      0      0      0 
     0      0      0      0      0      0      0      0      0      0      0      0      0      0      0      0      0      0      0 
0 -1 -1
     0      8      1      0    137      0      0      0      0      0      0      0      0     43      0      0      0      0      0 
  3899   8659   3975   4232   7608   3853   3482   4219   4328   6919   3845   3634   4190   5591   4117   3901   9036   5645   4274 
 17236  13361     51    154   3975   3853   8659   7608   3899   4232   6919   4328   4219   4190   9036   5591   5645   4117   4274   3901   3634   3845   3482  13298  26305      0      0  65535 
     0      0      0      0      0      0      0      0      0      0      0      0      0      0      0      0      0      0      0 
     0      0      0      0      0      0      0      0      0      0      0      0      0      0      0      0      0      0      0 
     0      0      0      0      0      0      0      0      0      0      0      0      0      0      0      0      0      0      0 
0 -1 -1
     0      0      0      0     13      0      0      0      0      0      0      0      0      1      0      0      0      0      0 
  3894   5717   3958   4227   4492   3848   3487   4229   4338   4899   3849   3639   4191   4590   4129   3907   9031   4776   4275 
 17236  13361     51    154   3958   3848   5717   4492   3894   4227   4899   4338   4229   4191   9031   4590   4776   4129   4275   3907   3639   3849   3487  13296  26305      1      0  65535 
     0      0      0      0      0      0      0      0      0      0      0      0      0      0      0      0      0      0      0 
     0      0      0      0      0      0      0      0      0      0      0      0      0      0      0      0      0      0      0 
     0      0      0      0      0      0      0      0      0      0      0      0      0      0      0      0      0      0      0 
0 -1 -1
     0      0      0      0      1      0      0      0      0      0      0      0      0      1      0      0      0      0      0 
  3895   4098   3945   4226   4167   3844   3489   4229   4339   4290   3852   3641   4194   4582   4128   3908   9038   4729   4276 
 17236  13361     51    154   3945   3844   4098   4167   3895   4226   4290   4339   4229   4194   9038   4582   4729   4128   4276   3908   3641   3852   3489  13296  26305      0      0  65535 
     0      0      0      0      0      0      0      0      0      0      0      0      0      0      0      0      0      0      0 
     0      0      0      0      0      0      0      0      0      0      0      0      0      0      0      0      0      0      0 
     0      0      0      0      0      0      0      0      0      0      0      0      0      0      0      0      0      0      0 
0 -1 -1
     0      0      0      0      0      0      0      0      0      0      0      0      0      1      0      0      0      0      0 
  3894   4028   3945   4226   4162   3844   3490   4229   4338   4287   3851   3639   4194   4578   4129   3907   9039   4726   4275 
 17236  13361     51    154   3945   3844   4028   4162   3894   4226   4287   4338   4229   4194   9039   4578   4726   4129   4275   3907   3639   3851   3490  13296  26304      0      0  65535 
     0      0      0      0      0      0      0      0      0      0      0      0      0      0      0      0      0      0      0 
     0      0      0      0      0      0      0      0      0      0      0      0      0      0      0      0      0      0      0 
     0      0      0      0      0      0      0      0      0      0      0      0      0      0      0      0      0      0      0 
0 -1 -1
     0      0      0      0      0      0      0      0      0      0      0      0      0      1      0      0      0      0      0 
  3896   4027   3945   4226   4160   3843   3489   4228   4339   4283   3851   3641   4193   4576   4129   3907   9034   4726   4275 
 17236  13361     51    154   3945   3843   4027   4160   3896   4226   4283   4339   4228   4193   9034   4576   4726   4129   4275   3907   3641   3851   3489  13296  26304      0      0  65535 
     0      0      0      0      0      0      0      0      0      0      0      0      0      0      0      0      0      0      0 
     0      0      0      0      0      0      0      0      0      0      0      0      0      0      0      0      0      0      0 
     0      0      0      0      0      0      0      0      0      0      0      0      0      0      0      0      0      0      0 
0 -1 -1
     0      0      0      0      0      0      0      0      0      0      0      0      0      1      0      0      0      0      0 
  3894   4023   3945   4227   4158   3844   3490   4229   4339   4282   3851   3640   4192   4574   4129   3908   9042   4723   4276 
 17236  13361     51    154   3945   3844   4023   4158   3894   4227   4282   4339   4229   4192   9042   4574   4723   4129   4276   3908   3640   3851   3490  13290  26304      0      1  65535 
     0      0      0      0      0      0      0      0      0      0      0      0      0      0      0      0      0      0      0 
     0      0      0      0      0      0      0      0      0      0      0      0      0      0      0      0      0      0      0 
     0      0      0      0      0      0      0      0      0      0      0      0      0      0      0      0      0      0      0 
0 -1 -1
     0      0      0      0      0      0      0      0      0      0      0      0      0      1      0      0      0      0      0 
  3895   4023   3944   4226   4158   3843   3490   4229   4337   4281   3852   3640   4193   4573   4129   3908   9034   4724   4275 
 17236  13361     51    154   3944   3843   4023   4158   3895   4226   4281   4337   4229   4193   9034   4573   4724   4129   4275   3908   3640   3852   3490  13288  26304      0      0  65535 
     0      0      0      0      0      0      0      0      0      0      0      0      0      0      0      0      0      0      0 
     0      0      0      0      0      0      0      0      0      0      0      0      0      0      0      0      0      0      0 
     0      0      0      0      0      0      0      0      0      0      0      0      0      0      0      0      0      0      0 
0 -1 -1
     0      0      0      0      0      0      0      0      0      0      0      0      0      1      0      0      0      0      0 
  3894   4021   3943   4227   4158   3842   3490   4229   4338   4281   3851   3640   4191   4572   4129   3908   9039   4722   4277 
 17236  13361     51    154   3943   3842   4021   4158   3894   4227   4281   4338   4229   4191   9039   4572   4722   4129   4277   3908   3640   3851   3490  13287  26306      0      0  65535 
     0      0      0      0      0      0      0      0      0      0      0      0      0      0      0      0      0      0      0 
     0      0      0      0      0      0      0      0      0      0      0      0      0      0      0      0      0      0      0 
     0      0      0      0      0      0      0      0      0      0      0      0      0      0      0      0      0      0      0 
0 -1 -1
     0      0      0      0      0      0      0      0      0      0      0      0      0      1      0      0      0      0      0 
  3894   4021   3944   4225   4160   3843   3488   4229   4339   4279   3853   3639   4192   4571   4130   3907   9043   4724   4278 
 17236  13361     51    154   3944   3843   4021   4160   3894   4225   4279   4339   4229   4192   9043   4571   4724   4130   4278   3907   3639   3853   3488  13285  26304      0      0  65535 
     0      0      0      0      0      0      0      0      0      0      0      0      0      0      0      0      0      0      0 
     0      0      0      0      0      0      0      0      0      0      0      0      0      0      0      0      0      0      0 
     0      0      0      0      0      0      0      0      0      0      0      0      0      0      0      0      0      0      0 
0 -1 -1
     0      0      0      0      0      0      0      0      0      0      0      0      0      1      0      0      0      0      0 
  3893   4021   3944   4226   4158   3842   3489   4230   4338   4280   3852   3639   4193   4571   4128   3909   9037   4722   4277 
 17236  13361     51    154   3944   3842   4021   4158   3893   4226   4280   4338   4230   4193   9037   4571   4722   4128   4277   3909   3639   3852   3489  13289  26304      0      0  65535 
     0      0      0      0      0      0      0      0      0      0      0      0      0      0      0      0      0      0      0 
     0      0      0      0      0      0      0      0      0      0      0      0      0      0      0      0      0      0      0 
     0      0      0      0      0      0      0      0      0      0      0      0      0      0      0      0      0      0      0 
0 -1 -1
     0      0      0      0      0      0      0      0      0      0      0      0      0      1      0      0      0      0      0 
  3894   4020   3942   4224   4159   3842   3489   4229   4338   4280   3852   3641   4191   4569   4127   3907   9042   4722   4275 
 17236  13361     51    154   3942   3842   4020   4159   3894   4224   4280   4338   4229   4191   9042   4569   4722   4127   4275   3907   3641   3852   3489  13289  26305      0      0  65535 
     0      0      0      0      0      0      0      0      0      0      0      0      0      0      0      0      0      0      0 
     0      0      0      0      0      0      0      0      0      0      0      0      0      0      0      0      0      0      0 
     0      0      0      0      0      0      0      0      0      0      0      0      0      0      0      0      0      0      0 
0 -1 -1
     0      0      0      0      0      0      0      0      0      0      0      0      0      1      0      0      0      0      0 
  3894   4019   3943   4226   4158   3842   3490   4229   4338   4279   3850   3640   4193   4570   4128   3907   9039   4723   4276 
 17236  13361     51    154   3943   3842   4019   4158   3894   4226   4279   4338   4229   4193   9039   4570   4723   4128   4276   3907   3640   3850   3490  13288  26305      1      0  65535 
     0      0      0      0      0      0      0      0      0      0      0      0      0      0      0      0      0      0      0 
     0      0      0      0      0      0      0      0      0      0      0      0      0      0      0      0      0      0      0 
     0      0      0      0      0      0      0      0      0      0      0      0      0      0      0      0      0      0      0 
0 -1 -1
     0      0      0      0      0      0      0      0      0      0      0      0      0      1      0      0      0      0      0 
  3895   4020   3944   4226   4160   3844   3490   4228   4340   4279   3850   3641   4192   4570   4128   3907   9038   4722   4276 
 17236  13361     51    154   3944   3844   4020   4160   3895   4226   4279   4340   4228   4192   9038   4570   4722   4128   4276   3907   3641   3850   3490  13288  26304      0      0  65535 
     0      0      0      0      0      0      0      0      0      0      0      0      0      0      0      0      0      0      0 
     0      0      0      0      0      0      0      0      0      0      0      0      0      0      0      0      0      0      0 
     0      0      0      0      0      0      0      0      0      0      0      0      0      0      0      0      0      0      0 
0 -1 -1
     0      0      0      0      0      0      0      0      0      0      0      0      0      1      0      0      0      0      0 
  3894   4020   3944   4225   4160   3843   3490   4229   4339   4279   3851   3640   4192   4570   4128   3908   9031   4721   4275 
 17236  13361     51    154   3944   3843   4020   4160   3894   4225   4279   4339   4229   4192   9031   4570   4721   4128   4275   3908   3640   3851   3490  13288  26304      0      0  65535 
     0      0      0      0      0      0      0      0      0      0      0      0      0      0      0      0      0      0      0 
     0      0      0      0      0      0      0      0      0      0      0      0      0      0      0      0      0      0      0 
     0      0      0      0      0      0      0      0      0      0      0      0      0      0      0      0      0      0      0 
0 -1 -1
     0      0      0      0      0      0      0      0      0      0      0      0      0      1      0      0      0      0      0 
  3894   4020   3943   4226   4159   3842   3489   4231   4338   4278   3850   3639   4193   4570   4128   3907   9037   4722   4277 
 17236  13361     51    154   3943   3842   4020   4159   3894   4226   4278   4338   4231   4193   9037   4570   4722   4128   4277   3907   3639   3850   3489  13289  26304      0      0  65535 
     0      0      0      0      0      0      0      0      0      0      0      0      0      0      0      0      0      0      0 
     0      0      0      0      0      0      0      0      0      0      0      0      0      0      0      0      0      0      0 
     0      0      0      0      0      0      0      0      0      0      0      0      0      0      0      0      0      0      0 
0 -1 -1
     0      0      0      0      0      0      0      0      0      0      0      0      0      1      0      0      0      0      0 
  3897   4020   3945   4225   4162   3842   3489   4231   4337   4278   3850   3638   4194   4569   4127   3909   9037   4723   4275 
 17236  13361     51    154   3945   3842   4020   4162   3897   4225   4278   4337   4231   4194   9037   4569   4723   4127   4275   3909   3638   3850   3489  13290  26304      1      1  65535 
     0      0      0      0      0      0      0      0      0      0      0      0      0      0      0      0      0      0      0 
     0      0      0      0      0      0      0      0      0      0      0      0      0      0      0      0      0      0      0 
     0      0      0      0      0      0      0      0      0      0      0      0      0      0      0      0      0      0      0 
0 -1 -1
     0      0      0      0      0      0      0      0      0      0      0      0      0      1      0      0      0      0      0 
  3894   4020   3944   4226   4160   3842   3490   4229   4338   4277   3851   3641   4193   4571   4128   3908   9040   4721   4275 
 17236  13361     51    154   3944   3842   4020   4160   3894   4226   4277   4338   4229   4193   9040   4571   4721   4128   4275   3908   3641   3851   3490  13298  26304      0      0  65535 
     0      0      0      0      0      0      0      0      0      0      0      0      0      0      0      0      0      0      0 
     0      0      0      0      0      0      0      0      0      0      0      0      0      0      0      0      0      0      0 
     0      0      0      0      0      0      0      0      0      0      0      0      0      0      0      0      0      0      0 
0 -1 -1
     0      0      0      0      0      0      0      0      0      0      0      0      0      1      0      0      0      0      0 
  3895   4019   3944   4226   4159   3841   3488   4228   4337   4278   3851   3639   4192   4569   4128   3909   9036   4721   4277 
 17236  13361     51    154   3944   3841   4019   4159   3895   4226   4278   4337   4228   4192   9036   4569   4721   4128   4277   3909   3639   3851   3488  13326  26305      0      0  65535 
     0      0      0      0      0      0      0      0      0      0      0      0      0      0      0      0      0      0      0 
     0      0      0      0      0      0      0      0      0      0      0      0      0      0      0      0      0      0      0 
     0      0      0      0      0      0      0      0      0      0      0      0      0      0      0      0      0      0      0 
0 -1 -1
     0      0      0      0      0      0      0      0      0      0      0      0      0      1      0      0      0      0      0 
  3895   4020   3943   4226   4160   3842   3489   4230   4337   4279   3851   3641   4191   4570   4127   3908   9039   4721   4276 
 17236  13361     51    154   3943   3842   4020   4160   3895   4226   4279   4337   4230   4191   9039   4570   4721   4127   4276   3908   3641   3851   3489  13294  26305      0      0  65535 
     0      0      0      0      0      0      0      0      0      0      0      0      0      0      0      0      0      0      0 
     0      0      0      0      0      0      0      0      0      0      0      0      0      0      0      0      0      0      0 
     0      0      0      0      0      0      0      0      0      0      0      0      0      0      0      0      0      0      0 
0 -1 -1
     0      0      0      0      0      0      0      0      0      0      0      0      0      1      0      0      0      0      0 
  3895   4019   3943   4227   4161   3843   3489   4228   4337   4278   3851   3639   4192   4569   4128   3907   9037   4721   4277 
 17236  13361     51    154   3943   3843   4019   4161   3895   4227   4278   4337   4228   4192   9037   4569   4721   4128   4277   3907   3639   3851   3489  13292  26305      0      0  65535 
     0      0      0      0      0      0      0      0      0      0      0      0      0      0      0      0      0      0      0 
     0      0      0      0      0      0      0      0      0      0      0      0      0      0      0      0      0      0      0 
     0      0      0      0      0      0      0      0      0      0      0      0      0      0      0      0      0      0      0 
0 -1 -1
     0      0      0      0      0      0      0      0      0      0      0      0      0      1      0      0      0      0      0 
  3895   4020   3943   4224   4161   3842   3489   4229   4338   4278   3851   3639   4191   4569   4128   3909   9039   4721   4277 
 17236  13361     51    154   3943   3842   4020   4161   3895   4224   4278   4338   4229   4191   9039   4569   4721   4128   4277   3909   3639   3851   3489  13292  26306      0      0  65535 
     0      0      0      0      0      0      0      0      0      0      0      0      0      0      0      0      0      0      0 
     0      0      0      0      0      0      0      0      0      0      0      0      0      0      0      0      0      0      0 
     0      0      0      0      0      0      0      0      0      0      0      0      0      0      0      0      0      0      0 
0 -1 -1
