   110      1      0     90    125      0      0      0    112     22      0      0      0      8      0      0      0      0      0 
  9988   3080   3044   8219   6265   2861   2605   3214   6271   3752   2850   2730   3129   3696   3090   2929   9940   3648   3283 
 17236  13361     51    147   3044   2861   3080   6265   9988   8219   3752   6271   3214   3129   9940   3696   3648   3090   3283   2929   2730   2850   2605  13381  26304      0      0  65535 
     0      0      0      0      0      0      0      0      0      0      0      0      0      0      0      0      0      0      0 
     0      0      0      0      0      0      0      0      0      0      0      0      0      0      0      0      0      0      0 
     0      0      0      0      0      0      0      0      0      0      0      0      0      0      0      0      0      0      0 
0 -1 -1
   123      1      0    102    145      0      0      0    126     27      0      0      0     16      0      0      0      0      0 
 10847   3084   3043   8868   6773   2859   2604   3214   6634   3871   2846   2731   3130   3902   3086   2926  10005   3647   3281 
 17236  13361     51    147   3043   2859   3084   6773  10847   8868   3871   6634   3214   3130  10005   3902   3647   3086   3281   2926   2731   2846   2604  13380  26304      0      0  65535 
     0      0      0      0      0      0      0      0      0      0      0      0      0      0      0      0      0      0      0 
     0      0      0      0      0      0      0      0      0      0      0      0      0      0      0      0      0      0      0 
     0      0      0      0      0      0      0      0      0      0      0      0      0      0      0      0      0      0      0 
0 -1 -1
   146      1      0    122    176      0      0      0    150     34      0      0      0     36      0      0      0      0      0 
 12275   3088   3040   9989   7569   2853   2602   3213   7269   4045   2842   2728   3127   4381   3078   2924   9822   3662   3278 
 17236  13361     51    147   3040   2853   3088   7569  12275   9989   4045   7269   3213   3127   9822   4381   3662   3078   3278   2924   2728   2842   2602  13382  26304      0      0  65535 
     0      0      0      0      0      0      0      0      0      0      0      0      0      0      0      0      0      0      0 
     0      0      0      0      0      0      0      0      0      0      0      0      0      0      0      0      0      0      0 
     0      0      0      0      0      0      0      0      0      0      0      0      0      0      0      0      0      0      0 
0 -1 -1
   173      1      0    145    212      0      0      0    179     44      0      0      0     59      0      0      0      3      0 
 14015   3092   3038  11267   8486   2847   2600   3214   8053   4278   2836   2726   3126   4936   3072   2921   9781   3774   3277 
 17236  13361     51    147   3038   2847   3092   8486  14015  11267   4278   8053   3214   3126   9781   4936   3774   3072   3277   2921   2726   2836   2600  13381  26304      0      0  65535 
     0      0      0      0      0      0      0      0      0      0      0      0      0      0      0      0      0      0      0 
     0      0      0      0      0      0      0      0      0      0      0      0      0      0      0      0      0      0      0 
     0      0      0      0      0      0      0      0      0      0      0      0      0      0      0      0      0      0      0 
0 -1 -1
   194      1      0    164    241      0      0      0    208     54      0      0      0     80      0      0      0      7      0 
 15353   3094   3036  12320   9214   2841   2596   3216   8809   4514   2829   2725   3124   5428   3065   2918   9785   3965   3274 
 17236  13361     51    147   3036   2841   3094   9214  15353  12320   4514   8809   3216   3124   9785   5428   3965   3065   3274   2918   2725   2829   2596  13380  26303      0      0  65535 
     0      0      0      0      0      0      0      0      0      0      0      0      0      0      0      0      0      0      0 
     0      0      0      0      0      0      0      0      0      0      0      0      0      0      0      0      0      0      0 
     0      0      0      0      0      0      0      0      0      0      0      0      0      0      0      0      0      0      0 
0 -1 -1
   208      1      0    178    255      0      0      0    232     63      0      0      0     97      0      0      0     12      0 
 16257   3096   3033  13103   9747   2836   2594   3215   9431   4718   2826   2722   3123   5839   3060   2916   9845   4202   3271 
 17236  13361     51    147   3033   2836   3096   9747  16257  13103   4718   9431   3215   3123   9845   5839   4202   3060   3271   2916   2722   2826   2594  13380  26303      0      0  65535 
     0      0      0      0      0      0      0      0      0      0      0      0      0      0      0      0      0      0      0 
     0      0      0      0      0      0      0      0      0      0      0      0      0      0      0      0      0      0      0 
     0      0      0      0      0      0      0      0      0      0      0      0      0      0      0      0      0      0      0 
0 -1 -1
   229      1      0    198    255      0      0      0    255     73      0      0      0    117      0      0      0     18      0 
 17635   3101   3032  14246  10449   2830   2593   3218  10229   4945   2820   2722   3123   6307   3055   2914   9735   4475   3270 
 17236  13361     51    147   3032   2830   3101  10449  17635  14246   4945  10229   3218   3123   9735   6307   4475   3055   3270   2914   2722   2820   2593  13380  26304      0      0  65535 
     0      0      0      0      0      0      0      0      0      0      0      0      0      0      0      0      0      0      0 
     0      0      0      0      0      0      0      0      0      0      0      0      0      0      0      0      0      0      0 
     0      0      0      0      0      0      0      0      0      0      0      0      0      0      0      0      0      0      0 
0 -1 -1
   252      1      0    221    255      0      0      0    255     83      0      0      0    138      0      0      0     24      0 
 19108   3105   3028  15523  11194   2823   2591   3219  11100   5187   2813   2720   3123   6823   3047   2909   9781   4779   3268 
 17236  13361     51    147   3028   2823   3105  11194  19108  15523   5187  11100   3219   3123   9781   6823   4779   3047   3268   2909   2720   2813   2591  13380  26304      0      1  65535 
     0      0      0      0      0      0      0      0      0      0      0      0      0      0      0      0      0      0      0 
     0      0      0      0      0      0      0      0      0      0      0      0      0      0      0      0      0      0      0 
     0      0      0      0      0      0      0      0      0      0      0      0      0      0      0      0      0      0      0 
0 -1 -1
   255      1      0    242    255      0      0      0    255     93      0      0      0    161      0      0      0     32      0 
 20336   3108   3026  16676  11871   2815   2589   3223  11944   5420   2807   2719   3122   7361   3040   2908   9811   5113   3266 
 17236  13361     51    147   3026   2815   3108  11871  20336  16676   5420  11944   3223   3122   9811   7361   5113   3040   3266   2908   2719   2807   2589  13382  26304      0      0  65535 
     0      0      0      0      0      0      0      0      0      0      0      0      0      0      0      0      0      0      0 
     0      0      0      0      0      0      0      0      0      0      0      0      0      0      0      0      0      0      0 
     0      0      0      0      0      0      0      0      0      0      0      0      0      0      0      0      0      0      0 
0 -1 -1
   255      1      0    255    255      0      0      0    255    102      0      0      0    179      0      0      0     37      0 
 21533   3112   3024  17692  12516   2810   2586   3224  12660   5625   2802   2715   3121   7805   3033   2905   9824   5375   3264 
 17236  13361     51    147   3024   2810   3112  12516  21533  17692   5625  12660   3224   3121   9824   7805   5375   3033   3264   2905   2715   2802   2586  13383  26304      0      0  65535 
     0      0      0      0      0      0      0      0      0      0      0      0      0      0      0      0      0      0      0 
     0      0      0      0      0      0      0      0      0      0      0      0      0      0      0      0      0      0      0 
     0      0      0      0      0      0      0      0      0      0      0      0      0      0      0      0      0      0      0 
0 -1 -1
   255      1      0    255    255      0      0      0    255    109      0      0      0    194      0      0      0     41      0 
 23293   3117   3021  19021  13276   2803   2584   3228  13388   5789   2797   2714   3121   8158   3026   2904   9515   5539   3260 
 17236  13361     51    147   3021   2803   3117  13276  23293  19021   5789  13388   3228   3121   9515   8158   5539   3026   3260   2904   2714   2797   2584  13382  26305      0      0  65535 
     0      0      0      0      0      0      0      0      0      0      0      0      0      0      0      0      0      0      0 
     0      0      0      0      0      0      0      0      0      0      0      0      0      0      0      0      0      0      0 
     0      0      0      0      0      0      0      0      0      0      0      0      0      0      0      0      0      0      0 
0 -1 -1
   255      2      0    255    255      0      0      0    255    114      0      0      0    204      0      0      0     43      0 
 24907   3123   3021  20083  13938   2798   2583   3232  13923   5909   2793   2713   3123   8408   3020   2899   9475   5653   3258 
 17236  13361     51    147   3021   2798   3123  13938  24907  20083   5909  13923   3232   3123   9475   8408   5653   3020   3258   2899   2713   2793   2583  13384  26305      0      0  65535 
     0      0      0      0      0      0      0      0      0      0      0      0      0      0      0      0      0      0      0 
     0      0      0      0      0      0      0      0      0      0      0      0      0      0      0      0      0      0      0 
     0      0      0      0      0      0      0      0      0      0      0      0      0      0      0      0      0      0      0 
0 -1 -1
   255      2      0    255    255      0      0      0    255    119      0      0      0    215      0      0      0     46      0 
 26266   3126   3017  20967  14531   2791   2578   3235  14412   6018   2788   2712   3126   8657   3013   2898   9244   5789   3256 
 17236  13361     51    147   3017   2791   3126  14531  26266  20967   6018  14412   3235   3126   9244   8657   5789   3013   3256   2898   2712   2788   2578  13385  26304      0      0  65535 
     0      0      0      0      0      0      0      0      0      0      0      0      0      0      0      0      0      0      0 
     0      0      0      0      0      0      0      0      0      0      0      0      0      0      0      0      0      0      0 
     0      0      0      0      0      0      0      0      0      0      0      0      0      0      0      0      0      0      0 
0 -1 -1
   255      2      0    255    255      0      0      0    255    124      0      0      0    229      0      0      0     51      0 
 27165   3130   3017  21724  15007   2789   2579   3240  14947   6130   2784   2708   3130   9002   3009   2896   9167   6012   3255 
 17236  13361     51    147   3017   2789   3130  15007  27165  21724   6130  14947   3240   3130   9167   9002   6012   3009   3255   2896   2708   2784   2579  13385  26304      0      1  65535 
     0      0      0      0      0      0      0      0      0      0      0      0      0      0      0      0      0      0      0 
     0      0      0      0      0      0      0      0      0      0      0      0      0      0      0      0      0      0      0 
     0      0      0      0      0      0      0      0      0      0      0      0      0      0      0      0      0      0      0 
0 -1 -1
   255      2      0    255    255      0      0      0    255    129      0      0      0    247      0      0      0     57      0 
 28028   3130   3015  22621  15486   2783   2576   3243  15606   6254   2777   2706   3139   9437   3003   2895   9082   6291   3252 
 17236  13361     51    147   3015   2783   3130  15486  28028  22621   6254  15606   3243   3139   9082   9437   6291   3003   3252   2895   2706   2777   2576  13386  26304      0      0  65535 
     0      0      0      0      0      0      0      0      0      0      0      0      0      0      0      0      0      0      0 
     0      0      0      0      0      0      0      0      0      0      0      0      0      0      0      0      0      0      0 
     0      0      0      0      0      0      0      0      0      0      0      0      0      0      0      0      0      0      0 
0 -1 -1
   255      2      0    255    255      0      0      0    255    130      0      0      0    246      0      0      0     55      0 
 29813   3138   3013  23557  16091   2778   2576   3246  15880   6284   2775   2707   3139   9409   2999   2892   8941   6200   3250 
 17236  13361     51    147   3013   2778   3138  16091  29813  23557   6284  15880   3246   3139   8941   9409   6200   2999   3250   2892   2707   2775   2576  13387  26305      0      0  65535 
     0      0      0      0      0      0      0      0      0      0      0      0      0      0      0      0      0      0      0 
     0      0      0      0      0      0      0      0      0      0      0      0      0      0      0      0      0      0      0 
     0      0      0      0      0      0      0      0      0      0      0      0      0      0      0      0      0      0      0 
0 -1 -1
   255      2      0    255    255      0      0      0    255    131      0      0      0    245      0      0      0     54      0 
 31605   3147   3011  24288  16673   2772   2572   3249  16052   6308   2772   2704   3142   9375   2994   2892   9016   6130   3249 
 17236  13361     51    147   3011   2772   3147  16673  31605  24288   6308  16052   3249   3142   9016   9375   6130   2994   3249   2892   2704   2772   2572  13387  26304      0      1  65535 
     0      0      0      0      0      0      0      0      0      0      0      0      0      0      0      0      0      0      0 
     0      0      0      0      0      0      0      0      0      0      0      0      0      0      0      0      0      0      0 
     0      0      0      0      0      0      0      0      0      0      0      0      0      0      0      0      0      0      0 
0 -1 -1
   255      2      0    255    255      0      0      0    255    133      0      0      0    255      0      0      0     57      0 
 32534   3151   3010  24990  17096   2769   2572   3252  16475   6355   2767   2706   3155   9641   2987   2889   8990   6303   3248 
 17236  13361     51    147   3010   2769   3151  17096  32534  24990   6355  16475   3252   3155   8990   9641   6303   2987   3248   2889   2706   2767   2572  13387  26304      0      1  65535 
     0      0      0      0      0      0      0      0      0      0      0      0      0      0      0      0      0      0      0 
     0      0      0      0      0      0      0      0      0      0      0      0      0      0      0      0      0      0      0 
     0      0      0      0      0      0      0      0      0      0      0      0      0      0      0      0      0      0      0 
0 -1 -1
   255      2      0    255    255      0      0      1    255    138      0      0      1    255      0      0      0     65      0 
 32766   3148   3007  26615  17707   2760   2569   3262  17503   6459   2760   2701   3180  10228   2978   2886   8875   6660   3245 
 17236  13361     51    147   3007   2760   3148  17707  32766  26615   6459  17503   3262   3180   8875  10228   6660   2978   3245   2886   2701   2760   2569  13387  26303      1      0  65535 
     0      0      0      0      0      0      0      0      0      0      0      0      0      0      0      0      0      0      0 
     0      0      0      0      0      0      0      0      0      0      0      0      0      0      0      0      0      0      0 
     0      0      0      0      0      0      0      0      0      0      0      0      0      0      0      0      0      0      0 
0 -1 -1
   255      2      0    255    255      0      0      1    255    139      0      0      2    255      0      0      0     70      0 
 32766   3151   3004  28196  18172   2753   2568   3273  18362   6487   2755   2699   3205  10650   2969   2884   8844   6891   3241 
 17236  13361     51    147   3004   2753   3151  18172  32766  28196   6487  18362   3273   3205   8844  10650   6891   2969   3241   2884   2699   2755   2568  13387  26303      0      0  65535 
     0      0      0      0      0      0      0      0      0      0      0      0      0      0      0      0      0      0      0 
     0      0      0      0      0      0      0      0      0      0      0      0      0      0      0      0      0      0      0 
     0      0      0      0      0      0      0      0      0      0      0      0      0      0      0      0      0      0      0 
0 -1 -1
   255      2      0    255    255      0      0      1    255    145      0      0      2    255      0      0      0     77      0 
 32766   3153   3002  29340  18745   2744   2564   3277  19151   6622   2749   2697   3226  11123   2964   2881   8861   7218   3239 
 17236  13361     51    147   3002   2744   3153  18745  32766  29340   6622  19151   3277   3226   8861  11123   7218   2964   3239   2881   2697   2749   2564  13388  26303      0      0  65535 
     0      0      0      0      0      0      0      0      0      0      0      0      0      0      0      0      0      0      0 
     0      0      0      0      0      0      0      0      0      0      0      0      0      0      0      0      0      0      0 
     0      0      0      0      0      0      0      0      0      0      0      0      0      0      0      0      0      0      0 
0 -1 -1
   255      2      0    255    255      0      0      1    255    151      0      0      3    255      0      0      0     83      0 
 32766   3159   2999  30194  19416   2741   2564   3285  19754   6767   2743   2696   3249  11496   2957   2877   8888   7494   3237 
 17236  13361     51    147   2999   2741   3159  19416  32766  30194   6767  19754   3285   3249   8888  11496   7494   2957   3237   2877   2696   2743   2564  13389  26303      0      0  65535 
     0      0      0      0      0      0      0      0      0      0      0      0      0      0      0      0      0      0      0 
     0      0      0      0      0      0      0      0      0      0      0      0      0      0      0      0      0      0      0 
     0      0      0      0      0      0      0      0      0      0      0      0      0      0      0      0      0      0      0 
0 -1 -1
   255      3      0    255    255      0      0      1    255    155      0      0      4    255      0      0      0     89      0 
 32766   3163   2997  31239  19933   2734   2561   3292  20422   6864   2737   2693   3288  11869   2950   2876   8902   7744   3236 
 17236  13361     51    147   2997   2734   3163  19933  32766  31239   6864  20422   3292   3288   8902  11869   7744   2950   3236   2876   2693   2737   2561  13388  26304      0      0  65535 
     0      0      0      0      0      0      0      0      0      0      0      0      0      0      0      0      0      0      0 
     0      0      0      0      0      0      0      0      0      0      0      0      0      0      0      0      0      0      0 
     0      0      0      0      0      0      0      0      0      0      0      0      0      0      0      0      0      0      0 
0 -1 -1
   255      2      0    255    255      0      0      1    255    158      0      0      6    255      0      0      0     98      0 
 32766   3160   2994  32668  20405   2724   2557   3312  21714   6942   2729   2691   3388  12554   2939   2871   8909   8158   3232 
 17236  13361     51    147   2994   2724   3160  20405  32766  32668   6942  21714   3312   3388   8909  12554   8158   2939   3232   2871   2691   2729   2557  13388  26305      0      0  65535 
     0      0      0      0      0      0      0      0      0      0      0      0      0      0      0      0      0      0      0 
     0      0      0      0      0      0      0      0      0      0      0      0      0      0      0      0      0      0      0 
     0      0      0      0      0      0      0      0      0      0      0      0      0      0      0      0      0      0      0 
0 -1 -1
   255      3      0    255    255      0      0      2    255    157      0      0      8    255      0      0      0    100      0 
 32766   3162   2992  32766  20739   2716   2556   3327  22726   6911   2723   2689   3485  12907   2931   2869   8930   8272   3231 
 17236  13361     51    147   2992   2716   3162  20739  32766  32766   6911  22726   3327   3485   8930  12907   8272   2931   3231   2869   2689   2723   2556  13389  26305      0      0  65535 
     0      0      0      0      0      0      0      0      0      0      0      0      0      0      0      0      0      0      0 
     0      0      0      0      0      0      0      0      0      0      0      0      0      0      0      0      0      0      0 
     0      0      0      0      0      0      0      0      0      0      0      0      0      0      0      0      0      0      0 
0 -1 -1
   255      3      0    255    255      0      0      2    255    154      0      0      9    255      0      0      0     98      0 
 32766   3170   2990  32766  20980   2714   2555   3335  23114   6845   2721   2689   3527  12903   2927   2867   8942   8162   3228 
 17236  13361     51    147   2990   2714   3170  20980  32766  32766   6845  23114   3335   3527   8942  12903   8162   2927   3228   2867   2689   2721   2555  13389  26304      0      0  65535 
     0      0      0      0      0      0      0      0      0      0      0      0      0      0      0      0      0      0      0 
     0      0      0      0      0      0      0      0      0      0      0      0      0      0      0      0      0      0      0 
     0      0      0      0      0      0      0      0      0      0      0      0      0      0      0      0      0      0      0 
0 -1 -1
   255      3      0    255    255      0      0      2    255    153      0      0     10    255      0      0      0     97      0 
 32766   3176   2989  32766  21340   2709   2552   3344  23619   6822   2716   2686   3576  12993   2920   2865   8955   8137   3227 
 17236  13361     51    147   2989   2709   3176  21340  32766  32766   6822  23619   3344   3576   8955  12993   8137   2920   3227   2865   2686   2716   2552  13384  26304      0      0  65535 
     0      0      0      0      0      0      0      0      0      0      0      0      0      0      0      0      0      0      0 
     0      0      0      0      0      0      0      0      0      0      0      0      0      0      0      0      0      0      0 
     0      0      0      0      0      0      0      0      0      0      0      0      0      0      0      0      0      0      0 
0 -1 -1
   255      3      0    255    255      0      0      2    255    157      0      0     13    255      0      0      0    106      0 
 32766   3184   2987  32766  21829   2702   2549   3356  24629   6912   2709   2683   3698  13611   2911   2862   8985   8539   3223 
 17236  13361     51    147   2987   2702   3184  21829  32766  32766   6912  24629   3356   3698   8985  13611   8539   2911   3223   2862   2683   2709   2549  13381  26304      0      0  65535 
     0      0      0      0      0      0      0      0      0      0      0      0      0      0      0      0      0      0      0 
     0      0      0      0      0      0      0      0      0      0      0      0      0      0      0      0      0      0      0 
     0      0      0      0      0      0      0      0      0      0      0      0      0      0      0      0      0      0      0 
0 -1 -1
   255      3      0    255    255      0      0      2    255    167      0      0     17    255      0      0      0    122      0 
 32766   3188   2983  32766  22325   2697   2546   3363  25878   7130   2704   2681   3850  14604   2905   2858   9020   9278   3221 
 17236  13361     51    147   2983   2697   3188  22325  32766  32766   7130  25878   3363   3850   9020  14604   9278   2905   3221   2858   2681   2704   2546  13381  26304      0      0  65535 
     0      0      0      0      0      0      0      0      0      0      0      0      0      0      0      0      0      0      0 
     0      0      0      0      0      0      0      0      0      0      0      0      0      0      0      0      0      0      0 
     0      0      0      0      0      0      0      0      0      0      0      0      0      0      0      0      0      0      0 
0 -1 -1
   255      3      0    255    255      0      0      2    255    171      0      0     20    255      0      0      0    134      0 
 32766   3186   2982  32766  22594   2692   2544   3374  26780   7246   2696   2680   3987  15332   2898   2855   9044   9828   3219 
 17236  13361     51    147   2982   2692   3186  22594  32766  32766   7246  26780   3374   3987   9044  15332   9828   2898   3219   2855   2680   2696   2544  13383  26305      0      0  65535 
     0      0      0      0      0      0      0      0      0      0      0      0      0      0      0      0      0      0      0 
     0      0      0      0      0      0      0      0      0      0      0      0      0      0      0      0      0      0      0 
     0      0      0      0      0      0      0      0      0      0      0      0      0      0      0      0      0      0      0 
0 -1 -1
   255      3      0    255    255      0      0      2    255    171      0      0     22    255      0      0      0    134      0 
 32766   3191   2980  32766  22886   2687   2543   3387  27149   7225   2692   2679   4046  15429   2893   2854   9044   9844   3216 
 17236  13361     51    148   2980   2687   3191  22886  32766  32766   7225  27149   3387   4046   9044  15429   9844   2893   3216   2854   2679   2692   2543  13382  26305      0      0  65535 
     0      0      0      0      0      0      0      0      0      0      0      0      0      0      0      0      0      0      0 
     0      0      0      0      0      0      0      0      0      0      0      0      0      0      0      0      0      0      0 
     0      0      0      0      0      0      0      0      0      0      0      0      0      0      0      0      0      0      0 
0 -1 -1
   255      3      0    255    255      0      0      3    255    165      0      0     22    255      0      0      0    128      0 
 32766   3197   2979  32766  23076   2684   2543   3399  27123   7103   2691   2678   4049  15149   2887   2852   9033   9564   3215 
 17236  13361     51    147   2979   2684   3197  23076  32766  32766   7103  27123   3399   4049   9033  15149   9564   2887   3215   2852   2678   2691   2543  13380  26304      0      0  65535 
     0      0      0      0      0      0      0      0      0      0      0      0      0      0      0      0      0      0      0 
     0      0      0      0      0      0      0      0      0      0      0      0      0      0      0      0      0      0      0 
     0      0      0      0      0      0      0      0      0      0      0      0      0      0      0      0      0      0      0 
0 -1 -1
   255      3      0    255    255      0      0      3    255    161      0      0     24    255      0      0      0    131      0 
 32766   3194   2978  32766  23003   2680   2542   3419  27651   7001   2690   2677   4158  15391   2883   2852   9081   9674   3213 
 17236  13361     51    147   2978   2680   3194  23003  32766  32766   7001  27651   3419   4158   9081  15391   9674   2883   3213   2852   2677   2690   2542  13380  26304      0      0  65535 
     0      0      0      0      0      0      0      0      0      0      0      0      0      0      0      0      0      0      0 
     0      0      0      0      0      0      0      0      0      0      0      0      0      0      0      0      0      0      0 
     0      0      0      0      0      0      0      0      0      0      0      0      0      0      0      0      0      0      0 
0 -1 -1
   255      3      0    255    255      0      0      3    255    161      0      0     30    255      0      0      0    144      0 
 32766   3186   2976  32766  22837   2675   2540   3450  28996   7007   2682   2676   4400  16326   2876   2849   9168  10310   3211 
 17236  13361     51    147   2976   2675   3186  22837  32766  32766   7007  28996   3450   4400   9168  16326  10310   2876   3211   2849   2676   2682   2540  13381  26304      0      0  65535 
     0      0      0      0      0      0      0      0      0      0      0      0      0      0      0      0      0      0      0 
     0      0      0      0      0      0      0      0      0      0      0      0      0      0      0      0      0      0      0 
     0      0      0      0      0      0      0      0      0      0      0      0      0      0      0      0      0      0      0 
0 -1 -1
   255      3      0    255    255      0      0      4    255    163      0      0     36    255      0      0      0    161      0 
 32766   3180   2975  32766  22630   2674   2538   3475  30268   7056   2678   2676   4636  17350   2873   2847   9215  11073   3211 
 17236  13361     51    147   2975   2674   3180  22630  32766  32766   7056  30268   3475   4636   9215  17350  11073   2873   3211   2847   2676   2678   2538  13381  26304      0      0  65535 
     0      0      0      0      0      0      0      0      0      0      0      0      0      0      0      0      0      0      0 
     0      0      0      0      0      0      0      0      0      0      0      0      0      0      0      0      0      0      0 
     0      0      0      0      0      0      0      0      0      0      0      0      0      0      0      0      0      0      0 
0 -1 -1
   255      3      0    255    255      0      0      4    255    169      0      0     40    255      0      0      0    176      0 
 32766   3180   2972  32766  22783   2668   2536   3495  31291   7183   2673   2673   4799  18235   2866   2844   9225  11779   3208 
 17236  13361     51    147   2972   2668   3180  22783  32766  32766   7183  31291   3495   4799   9225  18235  11779   2866   3208   2844   2673   2673   2536  13381  26304      0      0  65535 
     0      0      0      0      0      0      0      0      0      0      0      0      0      0      0      0      0      0      0 
     0      0      0      0      0      0      0      0      0      0      0      0      0      0      0      0      0      0      0 
     0      0      0      0      0      0      0      0      0      0      0      0      0      0      0      0      0      0      0 
0 -1 -1
   255      3      0    255    255      0      0      4    255    174      0      0     40    255      0      0      0    184      0 
 32766   3186   2973  32766  23136   2667   2536   3493  31584   7316   2671   2671   4815  18636   2864   2841   9216  12151   3205 
 17236  13361     51    147   2973   2667   3186  23136  32766  32766   7316  31584   3493   4815   9216  18636  12151   2864   3205   2841   2671   2671   2536  13381  26304      0      0  65535 
     0      0      0      0      0      0      0      0      0      0      0      0      0      0      0      0      0      0      0 
     0      0      0      0      0      0      0      0      0      0      0      0      0      0      0      0      0      0      0 
     0      0      0      0      0      0      0      0      0      0      0      0      0      0      0      0      0      0      0 
0 -1 -1
   255      3      0    255    255      0      0      4    255    181      0      0     40    255      0      0      0    194      0 
 32766   3192   2971  32766  23537   2666   2535   3485  31771   7474   2668   2670   4816  19071   2861   2839   9219  12605   3206 
 17236  13361     51    147   2971   2666   3192  23537  32766  32766   7474  31771   3485   4816   9219  19071  12605   2861   3206   2839   2670   2668   2535  13382  26304      0      0  65535 
     0      0      0      0      0      0      0      0      0      0      0      0      0      0      0      0      0      0      0 
     0      0      0      0      0      0      0      0      0      0      0      0      0      0      0      0      0      0      0 
     0      0      0      0      0      0      0      0      0      0      0      0      0      0      0      0      0      0      0 
0 -1 -1
   255      3      0    255    255      0      0      4    255    191      0      0     41    255      0      0      0    212      0 
 32766   3193   2969  32766  23931   2665   2534   3486  32199   7698   2664   2669   4870  19868   2857   2837   9215  13411   3204 
 17236  13361     51    147   2969   2665   3193  23931  32766  32766   7698  32199   3486   4870   9215  19868  13411   2857   3204   2837   2669   2664   2534  13384  26305      0      0  65535 
     0      0      0      0      0      0      0      0      0      0      0      0      0      0      0      0      0      0      0 
     0      0      0      0      0      0      0      0      0      0      0      0      0      0      0      0      0      0      0 
     0      0      0      0      0      0      0      0      0      0      0      0      0      0      0      0      0      0      0 
0 -1 -1
   255      3      0    255    255      0      0      4    255    198      0      0     42    255      0      0      0    225      0 
 32766   3192   2968  32766  24203   2662   2531   3487  32427   7856   2661   2668   4895  20444   2853   2836   9203  14029   3204 
 17236  13361     51    147   2968   2662   3192  24203  32766  32766   7856  32427   3487   4895   9203  20444  14029   2853   3204   2836   2668   2661   2531  13383  26304      0      0  65535 
     0      0      0      0      0      0      0      0      0      0      0      0      0      0      0      0      0      0      0 
     0      0      0      0      0      0      0      0      0      0      0      0      0      0      0      0      0      0      0 
     0      0      0      0      0      0      0      0      0      0      0      0      0      0      0      0      0      0      0 
0 -1 -1
   255      3      0    255    255      0      0      4    255    198      0      0     42    255      0      0      0    228      0 
 32766   3190   2970  32766  24122   2663   2533   3492  32473   7854   2661   2668   4903  20558   2855   2835   9200  14151   3203 
 17236  13361     51    147   2970   2663   3190  24122  32766  32766   7854  32473   3492   4903   9200  20558  14151   2855   3203   2835   2668   2661   2533  13383  26304      0      1  65535 
     0      0      0      0      0      0      0      0      0      0      0      0      0      0      0      0      0      0      0 
     0      0      0      0      0      0      0      0      0      0      0      0      0      0      0      0      0      0      0 
     0      0      0      0      0      0      0      0      0      0      0      0      0      0      0      0      0      0      0 
0 -1 -1
   255      3      0    255    255      0      0      4    255    194      0      0     42    255      0      0      0    223      0 
 32766   3190   2970  32766  23923   2665   2532   3497  32411   7776   2665   2668   4888  20368   2858   2836   9164  13935   3206 
 17236  13361     51    147   2970   2665   3190  23923  32766  32766   7776  32411   3497   4888   9164  20368  13935   2858   3206   2836   2668   2665   2532  13384  26304      0      0  65535 
     0      0      0      0      0      0      0      0      0      0      0      0      0      0      0      0      0      0      0 
     0      0      0      0      0      0      0      0      0      0      0      0      0      0      0      0      0      0      0 
     0      0      0      0      0      0      0      0      0      0      0      0      0      0      0      0      0      0      0 
0 -1 -1
   255      3      0    255    255      0      0      4    255    193      0      0     41    255      0      0      0    221      0 
 32766   3188   2969  32766  23810   2667   2532   3500  32384   7741   2664   2667   4873  20276   2860   2837   9178  13830   3206 
 17236  13361     51    147   2969   2667   3188  23810  32766  32766   7741  32384   3500   4873   9178  20276  13830   2860   3206   2837   2667   2664   2532  13385  26304      0      0  65535 
     0      0      0      0      0      0      0      0      0      0      0      0      0      0      0      0      0      0      0 
     0      0      0      0      0      0      0      0      0      0      0      0      0      0      0      0      0      0      0 
     0      0      0      0      0      0      0      0      0      0      0      0      0      0      0      0      0      0      0 
0 -1 -1
   255      3      0    255    255      0      0      4    255    194      0      0     42    255      0      0      0    225      0 
 32766   3190   2970  32766  23794   2666   2532   3501  32514   7773   2663   2668   4891  20480   2859   2835   9182  14024   3206 
 17236  13361     51    147   2970   2666   3190  23794  32766  32766   7773  32514   3501   4891   9182  20480  14024   2859   3206   2835   2668   2663   2532  13384  26303      0      0  65535 
     0      0      0      0      0      0      0      0      0      0      0      0      0      0      0      0      0      0      0 
     0      0      0      0      0      0      0      0      0      0      0      0      0      0      0      0      0      0      0 
     0      0      0      0      0      0      0      0      0      0      0      0      0      0      0      0      0      0      0 
0 -1 -1
   255      3      0    255    255      0      0      4    255    199      0      0     44    255      0      0      0    240      0 
 32766   3185   2969  32766  23749   2665   2532   3507  32766   7881   2659   2667   4983  21186   2860   2834   9207  14710   3203 
 17236  13361     51    147   2969   2665   3185  23749  32766  32766   7881  32766   3507   4983   9207  21186  14710   2860   3203   2834   2667   2659   2532  13386  26303      0      0  65535 
     0      0      0      0      0      0      0      0      0      0      0      0      0      0      0      0      0      0      0 
     0      0      0      0      0      0      0      0      0      0      0      0      0      0      0      0      0      0      0 
     0      0      0      0      0      0      0      0      0      0      0      0      0      0      0      0      0      0      0 
0 -1 -1
   255      3      0    255    255      0      0      4    255    203      0      0     46    255      0      0      0    253      0 
 32766   3181   2968  32766  23755   2665   2531   3511  32766   7980   2658   2666   5064  21776   2855   2832   9211  15310   3202 
 17236  13361     51    147   2968   2665   3181  23755  32766  32766   7980  32766   3511   5064   9211  21776  15310   2855   3202   2832   2666   2658   2531  13386  26304      0      0  65535 
     0      0      0      0      0      0      0      0      0      0      0      0      0      0      0      0      0      0      0 
     0      0      0      0      0      0      0      0      0      0      0      0      0      0      0      0      0      0      0 
     0      0      0      0      0      0      0      0      0      0      0      0      0      0      0      0      0      0      0 
0 -1 -1
   255      3      0    255    255      0      0      4    255    203      0      0     47    255      0      0      0    255      0 
 32766   3182   2970  32766  23708   2664   2531   3513  32766   7984   2658   2666   5093  21954   2855   2833   9209  15525   3203 
 17236  13361     51    147   2970   2664   3182  23708  32766  32766   7984  32766   3513   5093   9209  21954  15525   2855   3203   2833   2666   2658   2531  13386  26305      0      0  65535 
     0      0      0      0      0      0      0      0      0      0      0      0      0      0      0      0      0      0      0 
     0      0      0      0      0      0      0      0      0      0      0      0      0      0      0      0      0      0      0 
     0      0      0      0      0      0      0      0      0      0      0      0      0      0      0      0      0      0      0 
0 -1 -1
   255      3      0    255    255      0      0      5    255    202      0      0     47    255      0      0      0    255      0 
 32766   3181   2968  32766  23628   2664   2530   3523  32766   7947   2658   2667   5128  21975   2855   2832   9217  15534   3202 
 17236  13361     51    147   2968   2664   3181  23628  32766  32766   7947  32766   3523   5128   9217  21975  15534   2855   3202   2832   2667   2658   2530  13388  26305      0      0  65535 
     0      0      0      0      0      0      0      0      0      0      0      0      0      0      0      0      0      0      0 
     0      0      0      0      0      0      0      0      0      0      0      0      0      0      0      0      0      0      0 
     0      0      0      0      0      0      0      0      0      0      0      0      0      0      0      0      0      0      0 
0 -1 -1
   255      3      0    255    255      0      0      5    255    198      0      0     47    255      0      0      0    253      0 
 32766   3181   2970  32766  23503   2664   2531   3528  32766   7862   2658   2667   5123  21751   2856   2832   9208  15289   3204 
 17236  13361     51    147   2970   2664   3181  23503  32766  32766   7862  32766   3528   5123   9208  21751  15289   2856   3204   2832   2667   2658   2531  13388  26304      0      0  65535 
     0      0      0      0      0      0      0      0      0      0      0      0      0      0      0      0      0      0      0 
     0      0      0      0      0      0      0      0      0      0      0      0      0      0      0      0      0      0      0 
     0      0      0      0      0      0      0      0      0      0      0      0      0      0      0      0      0      0      0 
0 -1 -1
   255      3      0    255    255      0      0      5    255    196      0      0     46    255      0      0      0    250      0 
 32766   3178   2970  32766  23375   2666   2532   3527  32766   7829   2662   2666   5087  21594   2859   2833   9202  15166   3206 
 17236  13361     51    147   2970   2666   3178  23375  32766  32766   7829  32766   3527   5087   9202  21594  15166   2859   3206   2833   2666   2662   2532  13387  26304      0      0  65535 
     0      0      0      0      0      0      0      0      0      0      0      0      0      0      0      0      0      0      0 
     0      0      0      0      0      0      0      0      0      0      0      0      0      0      0      0      0      0      0 
     0      0      0      0      0      0      0      0      0      0      0      0      0      0      0      0      0      0      0 
0 -1 -1
   255      3      0    255    255      0      0      5    255    195      0      0     46    255      0      0      0    247      0 
 32766   3176   2970  32766  23259   2668   2533   3526  32766   7803   2661   2667   5051  21435   2863   2834   9186  15036   3204 
 17236  13361     51    147   2970   2668   3176  23259  32766  32766   7803  32766   3526   5051   9186  21435  15036   2863   3204   2834   2667   2661   2533  13387  26304      0      0  65535 
     0      0      0      0      0      0      0      0      0      0      0      0      0      0      0      0      0      0      0 
     0      0      0      0      0      0      0      0      0      0      0      0      0      0      0      0      0      0      0 
     0      0      0      0      0      0      0      0      0      0      0      0      0      0      0      0      0      0      0 
0 -1 -1
   255      3      0    255    255      0      0      4    255    192      0      0     44    255      0      0      0    237      0 
 32766   3178   2971  32766  23181   2669   2533   3519  32549   7714   2666   2667   4988  20960   2863   2836   9165  14594   3207 
 17236  13361     51    147   2971   2669   3178  23181  32766  32766   7714  32549   3519   4988   9165  20960  14594   2863   3207   2836   2667   2666   2533  13386  26304      0      0  65535 
     0      0      0      0      0      0      0      0      0      0      0      0      0      0      0      0      0      0      0 
     0      0      0      0      0      0      0      0      0      0      0      0      0      0      0      0      0      0      0 
     0      0      0      0      0      0      0      0      0      0      0      0      0      0      0      0      0      0      0 
0 -1 -1
   255      3      0    255    255      0      0      4    255    189      0      0     43    255      0      0      0    230      0 
 32766   3180   2972  32766  23127   2671   2534   3520  32203   7646   2667   2669   4931  20566   2864   2836   9167  14229   3207 
 17236  13361     51    147   2972   2671   3180  23127  32766  32766   7646  32203   3520   4931   9167  20566  14229   2864   3207   2836   2669   2667   2534  13382  26304      0      0  65535 
     0      0      0      0      0      0      0      0      0      0      0      0      0      0      0      0      0      0      0 
     0      0      0      0      0      0      0      0      0      0      0      0      0      0      0      0      0      0      0 
     0      0      0      0      0      0      0      0      0      0      0      0      0      0      0      0      0      0      0 
0 -1 -1
   255      3      0    255    255      0      0      4    255    187      0      0     41    255      0      0      0    224      0 
 32766   3182   2970  32766  23104   2674   2534   3514  31888   7611   2669   2668   4868  20269   2865   2838   9140  13979   3208 
 17236  13361     51    147   2970   2674   3182  23104  32766  32766   7611  31888   3514   4868   9140  20269  13979   2865   3208   2838   2668   2669   2534  13381  26303      0      0  65535 
     0      0      0      0      0      0      0      0      0      0      0      0      0      0      0      0      0      0      0 
     0      0      0      0      0      0      0      0      0      0      0      0      0      0      0      0      0      0      0 
     0      0      0      0      0      0      0      0      0      0      0      0      0      0      0      0      0      0      0 
0 -1 -1
   255      3      0    255    255      0      0      4    255    185      0      0     41    255      0      0      0    220      0 
 32766   3180   2972  32766  23038   2673   2532   3519  31766   7569   2669   2670   4845  20066   2866   2840   9143  13774   3208 
 17236  13361     51    147   2972   2673   3180  23038  32766  32766   7569  31766   3519   4845   9143  20066  13774   2866   3208   2840   2670   2669   2532  13383  26303      0      0  65535 
     0      0      0      0      0      0      0      0      0      0      0      0      0      0      0      0      0      0      0 
     0      0      0      0      0      0      0      0      0      0      0      0      0      0      0      0      0      0      0 
     0      0      0      0      0      0      0      0      0      0      0      0      0      0      0      0      0      0      0 
0 -1 -1
   255      3      0    255    255      0      0      5    255    182      0      0     41    255      0      0      0    215      0 
 32766   3180   2973  32766  22914   2672   2535   3529  31760   7494   2670   2668   4843  19866   2867   2838   9147  13538   3206 
 17236  13361     51    147   2973   2672   3180  22914  32766  32766   7494  31760   3529   4843   9147  19866  13538   2867   3206   2838   2668   2670   2535  13384  26304      0      0  65535 
     0      0      0      0      0      0      0      0      0      0      0      0      0      0      0      0      0      0      0 
     0      0      0      0      0      0      0      0      0      0      0      0      0      0      0      0      0      0      0 
     0      0      0      0      0      0      0      0      0      0      0      0      0      0      0      0      0      0      0 
0 -1 -1
   255      3      0    255    255      0      0      5    255    180      0      0     41    255      0      0      0    211      0 
 32766   3177   2972  32766  22786   2674   2534   3547  31913   7443   2670   2669   4857  19758   2868   2838   9143  13358   3207 
 17236  13361     51    147   2972   2674   3177  22786  32766  32766   7443  31913   3547   4857   9143  19758  13358   2868   3207   2838   2669   2670   2534  13383  26304      0      0  65535 
     0      0      0      0      0      0      0      0      0      0      0      0      0      0      0      0      0      0      0 
     0      0      0      0      0      0      0      0      0      0      0      0      0      0      0      0      0      0      0 
     0      0      0      0      0      0      0      0      0      0      0      0      0      0      0      0      0      0      0 
0 -1 -1
   255      3      0    255    255      0      0      5    255    178      0      0     41    255      0      0      0    205      0 
 32766   3177   2972  32766  22764   2671   2534   3566  31989   7387   2668   2667   4857  19556   2867   2838   9143  13105   3209 
 17236  13361     51    147   2972   2671   3177  22764  32766  32766   7387  31989   3566   4857   9143  19556  13105   2867   3209   2838   2667   2668   2534  13383  26304      0      0  65535 
     0      0      0      0      0      0      0      0      0      0      0      0      0      0      0      0      0      0      0 
     0      0      0      0      0      0      0      0      0      0      0      0      0      0      0      0      0      0      0 
     0      0      0      0      0      0      0      0      0      0      0      0      0      0      0      0      0      0      0 
0 -1 -1
   255      3      0    255    255      0      0      5    255    175      0      0     41    255      0      0      0    201      0 
 32766   3175   2968  32766  22725   2669   2533   3587  32077   7335   2667   2668   4871  19416   2866   2839   9144  12927   3207 
 17236  13361     51    147   2968   2669   3175  22725  32766  32766   7335  32077   3587   4871   9144  19416  12927   2866   3207   2839   2668   2667   2533  13381  26304      0      0  65535 
     0      0      0      0      0      0      0      0      0      0      0      0      0      0      0      0      0      0      0 
     0      0      0      0      0      0      0      0      0      0      0      0      0      0      0      0      0      0      0 
     0      0      0      0      0      0      0      0      0      0      0      0      0      0      0      0      0      0      0 
0 -1 -1
   255      3      0    255    255      0      0      6    255    173      0      0     41    255      0      0      0    198      0 
 32766   3173   2970  32766  22659   2667   2534   3602  32070   7288   2669   2669   4876  19290   2866   2839   9152  12783   3207 
 17236  13361     51    147   2970   2667   3173  22659  32766  32766   7288  32070   3602   4876   9152  19290  12783   2866   3207   2839   2669   2669   2534  13381  26304      0      0  65535 
     0      0      0      0      0      0      0      0      0      0      0      0      0      0      0      0      0      0      0 
     0      0      0      0      0      0      0      0      0      0      0      0      0      0      0      0      0      0      0 
     0      0      0      0      0      0      0      0      0      0      0      0      0      0      0      0      0      0      0 
0 -1 -1
   255      3      0    255    255      0      0      6    255    173      0      0     41    255      0      0      0    197      0 
 32766   3175   2970  32766  22566   2668   2535   3607  32043   7270   2670   2668   4870  19241   2866   2838   9152  12734   3208 
 17236  13361     51    147   2970   2668   3175  22566  32766  32766   7270  32043   3607   4870   9152  19241  12734   2866   3208   2838   2668   2670   2535  13381  26304      0      0  65535 
     0      0      0      0      0      0      0      0      0      0      0      0      0      0      0      0      0      0      0 
     0      0      0      0      0      0      0      0      0      0      0      0      0      0      0      0      0      0      0 
     0      0      0      0      0      0      0      0      0      0      0      0      0      0      0      0      0      0      0 
0 -1 -1
   255      3      0    255    255      0      0      6    255    172      0      0     41    255      0      0      0    195      0 
 32766   3175   2971  32766  22514   2671   2534   3605  31897   7250   2670   2669   4844  19114   2868   2841   9153  12626   3209 
 17236  13361     51    147   2971   2671   3175  22514  32766  32766   7250  31897   3605   4844   9153  19114  12626   2868   3209   2841   2669   2670   2534  13379  26305      0      0  65535 
     0      0      0      0      0      0      0      0      0      0      0      0      0      0      0      0      0      0      0 
     0      0      0      0      0      0      0      0      0      0      0      0      0      0      0      0      0      0      0 
     0      0      0      0      0      0      0      0      0      0      0      0      0      0      0      0      0      0      0 
0 -1 -1
   255      3      0    255    255      0      0      6    255    170      0      0     40    255      0      0      0    193      0 
 32766   3178   2970  32766  22415   2672   2534   3602  31690   7220   2673   2668   4820  18978   2868   2840   9145  12527   3208 
 17236  13361     51    147   2970   2672   3178  22415  32766  32766   7220  31690   3602   4820   9145  18978  12527   2868   3208   2840   2668   2673   2534  13385  26304      0      0  65535 
     0      0      0      0      0      0      0      0      0      0      0      0      0      0      0      0      0      0      0 
     0      0      0      0      0      0      0      0      0      0      0      0      0      0      0      0      0      0      0 
     0      0      0      0      0      0      0      0      0      0      0      0      0      0      0      0      0      0      0 
0 -1 -1
   255      3      0    255    255      0      0      6    255    169      0      0     39    255      0      0      0    189      0 
 32766   3179   2972  32766  22371   2674   2534   3591  31400   7195   2673   2670   4778  18782   2871   2841   9131  12384   3208 
 17236  13361     51    147   2972   2674   3179  22371  32766  32766   7195  31400   3591   4778   9131  18782  12384   2871   3208   2841   2670   2673   2534  13384  26304      0      0  65535 
     0      0      0      0      0      0      0      0      0      0      0      0      0      0      0      0      0      0      0 
     0      0      0      0      0      0      0      0      0      0      0      0      0      0      0      0      0      0      0 
     0      0      0      0      0      0      0      0      0      0      0      0      0      0      0      0      0      0      0 
0 -1 -1
   255      3      0    255    255      0      0      5    255    167      0      0     37    255      0      0      0    184      0 
 32766   3182   2973  32766  22197   2678   2536   3567  30747   7140   2677   2670   4693  18417   2874   2843   9122  12154   3210 
 17236  13361     51    147   2973   2678   3182  22197  32766  32766   7140  30747   3567   4693   9122  18417  12154   2874   3210   2843   2670   2677   2536  13408  26304      0      0  65535 
     0      0      0      0      0      0      0      0      0      0      0      0      0      0      0      0      0      0      0 
     0      0      0      0      0      0      0      0      0      0      0      0      0      0      0      0      0      0      0 
     0      0      0      0      0      0      0      0      0      0      0      0      0      0      0      0      0      0      0 
0 -1 -1
   255      3      0    255    255      0      0      4    255    159      0      0     33    255      0      0      0    171      0 
 32766   3183   2978  32766  21591   2689   2542   3520  29234   6963   2689   2673   4506  17497   2888   2848   9086  11535   3215 
 17236  13361     51    147   2978   2689   3183  21591  32766  32766   6963  29234   3520   4506   9086  17497  11535   2888   3215   2848   2673   2689   2542  13424  26304      0      0  65535 
     0      0      0      0      0      0      0      0      0      0      0      0      0      0      0      0      0      0      0 
     0      0      0      0      0      0      0      0      0      0      0      0      0      0      0      0      0      0      0 
     0      0      0      0      0      0      0      0      0      0      0      0      0      0      0      0      0      0      0 
0 -1 -1
   255      3      0    255    255      0      0      4    255    148      0      0     25    255      0      0      0    148      0 
 32766   3185   2984  32766  20736   2707   2547   3476  27013   6687   2705   2680   4202  16006   2906   2857   9046  10476   3220 
 17236  13361     51    147   2984   2707   3185  20736  32766  32766   6687  27013   3476   4202   9046  16006  10476   2906   3220   2857   2680   2705   2547  13384  26305      0      0  65535 
     0      0      0      0      0      0      0      0      0      0      0      0      0      0      0      0      0      0      0 
     0      0      0      0      0      0      0      0      0      0      0      0      0      0      0      0      0      0      0 
     0      0      0      0      0      0      0      0      0      0      0      0      0      0      0      0      0      0      0 
0 -1 -1
   255      3      0    255    255      0      0      3    255    136      0      0     17    255      0      0      0    124      0 
 32766   3187   2989  32766  19875   2723   2554   3439  24669   6408   2721   2685   3866  14414   2924   2865   8995   9349   3227 
 17236  13361     51    147   2989   2723   3187  19875  32766  32766   6408  24669   3439   3866   8995  14414   9349   2924   3227   2865   2685   2721   2554  13383  26304      0      0  65535 
     0      0      0      0      0      0      0      0      0      0      0      0      0      0      0      0      0      0      0 
     0      0      0      0      0      0      0      0      0      0      0      0      0      0      0      0      0      0      0 
     0      0      0      0      0      0      0      0      0      0      0      0      0      0      0      0      0      0      0 
0 -1 -1
   255      3      0    255    255      0      0      3    255    119      0      0      8    255      0      0      0     94      0 
 32766   3192   2996  31658  18715   2746   2561   3396  21367   6022   2743   2691   3480  12330   2949   2874   8930   7990   3232 
 17236  13361     51    147   2996   2746   3192  18715  32766  31658   6022  21367   3396   3480   8930  12330   7990   2949   3232   2874   2691   2743   2561  13383  26303      0      0  65535 
     0      0      0      0      0      0      0      0      0      0      0      0      0      0      0      0      0      0      0 
     0      0      0      0      0      0      0      0      0      0      0      0      0      0      0      0      0      0      0 
     0      0      0      0      0      0      0      0      0      0      0      0      0      0      0      0      0      0      0 
0 -1 -1
   255      3      0    255    255      0      0      2    255     98      0      0      2    255      0      0      0     69      0 
 31797   3184   3007  25602  16509   2778   2572   3344  17320   5530   2772   2697   3241  10284   2985   2888   8850   6824   3246 
 17236  13361     51    147   3007   2778   3184  16509  31797  25602   5530  17320   3344   3241   8850  10284   6824   2985   3246   2888   2697   2772   2572  13383  26303      0      0  65535 
     0      0      0      0      0      0      0      0      0      0      0      0      0      0      0      0      0      0      0 
     0      0      0      0      0      0      0      0      0      0      0      0      0      0      0      0      0      0      0 
     0      0      0      0      0      0      0      0      0      0      0      0      0      0      0      0      0      0      0 
0 -1 -1
   255      3      0    255    255      0      0      1    255     85      0      0      1    244      0      0      0     61      0 
 26839   3163   3016  20751  14486   2800   2578   3311  14892   5219   2789   2703   3197   9358   3008   2894   8916   6472   3252 
 17236  13361     51    147   3016   2800   3163  14486  26839  20751   5219  14892   3311   3197   8916   9358   6472   3008   3252   2894   2703   2789   2578  13383  26304      0      0  65535 
     0      0      0      0      0      0      0      0      0      0      0      0      0      0      0      0      0      0      0 
     0      0      0      0      0      0      0      0      0      0      0      0      0      0      0      0      0      0      0 
     0      0      0      0      0      0      0      0      0      0      0      0      0      0      0      0      0      0      0 
0 -1 -1
   255      2      0    247    255      0      0      1    255     65      0      0      1    200      0      0      0     50      0 
 21713   3137   3020  16945  12305   2818   2583   3288  12663   4756   2806   2709   3169   8294   3027   2901   9227   5938   3258 
 17236  13361     51    147   3020   2818   3137  12305  21713  16945   4756  12663   3288   3169   9227   8294   5938   3027   3258   2901   2709   2806   2583  13384  26304      0      0  65535 
     0      0      0      0      0      0      0      0      0      0      0      0      0      0      0      0      0      0      0 
     0      0      0      0      0      0      0      0      0      0      0      0      0      0      0      0      0      0      0 
     0      0      0      0      0      0      0      0      0      0      0      0      0      0      0      0      0      0      0 
0 -1 -1
   226      1      0    194    255      0      0      1    255     42      0      0      0    150      0      0      0     34      0 
 17450   3116   3028  13992  10244   2834   2590   3273  10695   4229   2820   2714   3159   7107   3044   2909   9450   5243   3263 
 17236  13361     51    147   3028   2834   3116  10244  17450  13992   4229  10695   3273   3159   9450   7107   5243   3044   3263   2909   2714   2820   2590  13384  26304      0      0  65535 
     0      0      0      0      0      0      0      0      0      0      0      0      0      0      0      0      0      0      0 
     0      0      0      0      0      0      0      0      0      0      0      0      0      0      0      0      0      0      0 
     0      0      0      0      0      0      0      0      0      0      0      0      0      0      0      0      0      0      0 
0 -1 -1
   141      1      0    125    166      0      0      1    174     11      0      0      0     68      0      0      0      9      0 
 11978   3090   3036  10164   7307   2851   2597   3255   7916   3510   2840   2719   3154   5132   3071   2920   9804   4095   3273 
 17236  13361     51    147   3036   2851   3090   7307  11978  10164   3510   7916   3255   3154   9804   5132   4095   3071   3273   2920   2719   2840   2597  13385  26304      0      0  65535 
     0      0      0      0      0      0      0      0      0      0      0      0      0      0      0      0      0      0      0 
     0      0      0      0      0      0      0      0      0      0      0      0      0      0      0      0      0      0      0 
     0      0      0      0      0      0      0      0      0      0      0      0      0      0      0      0      0      0      0 
0 -1 -1
    55      0      0     65     42      0      0      0     82      0      0      0      0      2      0      0      0      0      0 
  6458   3060   3042   6802   4178   2865   2604   3240   5466   3232   2854   2723   3146   3573   3097   2927   9811   3667   3280 
 17236  13361     51    147   3042   2865   3060   4178   6458   6802   3232   5466   3240   3146   9811   3573   3667   3097   3280   2927   2723   2854   2604  13385  26304      0      0  65535 
     0      0      0      0      0      0      0      0      0      0      0      0      0      0      0      0      0      0      0 
     0      0      0      0      0      0      0      0      0      0      0      0      0      0      0      0      0      0      0 
     0      0      0      0      0      0      0      0      0      0      0      0      0      0      0      0      0      0      0 
0 -1 -1
     6      0      0     24      0      0      0      0     19      0      0      0      0      0      0      0      0      0      0 
  3339   3048   3044   4535   3123   2870   2608   3230   3814   3243   2860   2727   3147   3522   3105   2929   9763   3667   3282 
 17236  13361     51    147   3044   2870   3048   3123   3339   4535   3243   3814   3230   3147   9763   3522   3667   3105   3282   2929   2727   2860   2608  13386  26305      0      0  65535 
     0      0      0      0      0      0      0      0      0      0      0      0      0      0      0      0      0      0      0 
     0      0      0      0      0      0      0      0      0      0      0      0      0      0      0      0      0      0      0 
     0      0      0      0      0      0      0      0      0      0      0      0      0      0      0      0      0      0      0 
0 -1 -1
     0      0      0      0      0      0      0      0      0      0      0      0      0      0      0      0      0      0      0 
  2884   3048   3043   3182   3113   2873   2605   3222   3317   3248   2859   2727   3143   3524   3106   2928   9669   3666   3281 
 17236  13361     51    147   3043   2873   3048   3113   2884   3182   3248   3317   3222   3143   9669   3524   3666   3106   3281   2928   2727   2859   2605  13387  26304      0      0  65535 
     0      0      0      0      0      0      0      0      0      0      0      0      0      0      0      0      0      0      0 
     0      0      0      0      0      0      0      0      0      0      0      0      0      0      0      0      0      0      0 
     0      0      0      0      0      0      0      0      0      0      0      0      0      0      0      0      0      0      0 
0 -1 -1
     0      0      0      0      0      0      0      0      0      0      0      0      0      0      0      0      0      0      0 
  2885   3047   3044   3179   3114   2873   2604   3220   3316   3247   2858   2725   3141   3520   3106   2928   9841   3664   3282 
 17236  13361     51    147   3044   2873   3047   3114   2885   3179   3247   3316   3220   3141   9841   3520   3664   3106   3282   2928   2725   2858   2604  13383  26304      0      1  65535 
     0      0      0      0      0      0      0      0      0      0      0      0      0      0      0      0      0      0      0 
     0      0      0      0      0      0      0      0      0      0      0      0      0      0      0      0      0      0      0 
     0      0      0      0      0      0      0      0      0      0      0      0      0      0      0      0      0      0      0 
0 -1 -1
     0      0      0      0      0      0      0      0      0      0      0      0      0      0      0      0      0      0      0 
  2888   3046   3045   3180   3113   2872   2605   3222   3314   3247   2859   2727   3141   3521   3106   2928   9656   3664   3281 
 17236  13361     51    147   3045   2872   3046   3113   2888   3180   3247   3314   3222   3141   9656   3521   3664   3106   3281   2928   2727   2859   2605  13380  26304      0      0  65535 
     0      0      0      0      0      0      0      0      0      0      0      0      0      0      0      0      0      0      0 
     0      0      0      0      0      0      0      0      0      0      0      0      0      0      0      0      0      0      0 
     0      0      0      0      0      0      0      0      0      0      0      0      0      0      0      0      0      0      0 
0 -1 -1
     0      0      0      0      0      0      0      0      0      0      0      0      0      0      0      0      0      0      0 
  2890   3047   3046   3180   3112   2872   2605   3221   3315   3247   2859   2725   3143   3521   3105   2927   9975   3663   3281 
 17236  13361     51    147   3046   2872   3047   3112   2890   3180   3247   3315   3221   3143   9975   3521   3663   3105   3281   2927   2725   2859   2605  13379  26304      0      0  65535 
     0      0      0      0      0      0      0      0      0      0      0      0      0      0      0      0      0      0      0 
     0      0      0      0      0      0      0      0      0      0      0      0      0      0      0      0      0      0      0 
     0      0      0      0      0      0      0      0      0      0      0      0      0      0      0      0      0      0      0 
0 -1 -1
     0      0      0      0      0      0      0      0      0      0      0      0      0      0      0      0      0      0      0 
  2891   3047   3044   3182   3112   2870   2605   3221   3314   3245   2858   2725   3140   3520   3103   2927   9920   3663   3281 
 17236  13361     51    147   3044   2870   3047   3112   2891   3182   3245   3314   3221   3140   9920   3520   3663   3103   3281   2927   2725   2858   2605  13384  26304      0      0  65535 
     0      0      0      0      0      0      0      0      0      0      0      0      0      0      0      0      0      0      0 
     0      0      0      0      0      0      0      0      0      0      0      0      0      0      0      0      0      0      0 
     0      0      0      0      0      0      0      0      0      0      0      0      0      0      0      0      0      0      0 
0 -1 -1
     0      0      0      0      0      0      0      0      0      0      0      0      0      0      0      0      0      0      0 
  2893   3047   3044   3184   3113   2870   2603   3221   3312   3244   2858   2724   3140   3519   3103   2926   9818   3662   3279 
 17236  13361     51    147   3044   2870   3047   3113   2893   3184   3244   3312   3221   3140   9818   3519   3662   3103   3279   2926   2724   2858   2603  13384  26304      0      0  65535 
     0      0      0      0      0      0      0      0      0      0      0      0      0      0      0      0      0      0      0 
     0      0      0      0      0      0      0      0      0      0      0      0      0      0      0      0      0      0      0 
     0      0      0      0      0      0      0      0      0      0      0      0      0      0      0      0      0      0      0 
0 -1 -1
     0      0      0      0      0      0      0      0      0      0      0      0      0      0      0      0      0      0      0 
  2895   3047   3043   3185   3112   2869   2604   3219   3314   3245   2858   2724   3139   3519   3105   2925   9799   3662   3278 
 17236  13361     51    147   3043   2869   3047   3112   2895   3185   3245   3314   3219   3139   9799   3519   3662   3105   3278   2925   2724   2858   2604  13384  26305      0      0  65535 
     0      0      0      0      0      0      0      0      0      0      0      0      0      0      0      0      0      0      0 
     0      0      0      0      0      0      0      0      0      0      0      0      0      0      0      0      0      0      0 
     0      0      0      0      0      0      0      0      0      0      0      0      0      0      0      0      0      0      0 
0 -1 -1
     0      0      0      0      0      0      0      0      0      0      0      0      0      0      0      0      0      0      0 
  2896   3044   3044   3186   3111   2870   2605   3220   3314   3242   2856   2725   3140   3518   3103   2925   9998   3661   3280 
 17236  13361     51    147   3044   2870   3044   3111   2896   3186   3242   3314   3220   3140   9998   3518   3661   3103   3280   2925   2725   2856   2605  13384  26305      0      0  65535 
     0      0      0      0      0      0      0      0      0      0      0      0      0      0      0      0      0      0      0 
     0      0      0      0      0      0      0      0      0      0      0      0      0      0      0      0      0      0      0 
     0      0      0      0      0      0      0      0      0      0      0      0      0      0      0      0      0      0      0 
0 -1 -1
     0      0      0      0      0      0      0      0      0      0      0      0      0      0      0      0      5      0      0 
  2898   3045   3043   3187   3112   2870   2603   3218   3313   3244   2857   2725   3139   3518   3103   2925  10325   3661   3279 
 17236  13361     51    147   3043   2870   3045   3112   2898   3187   3244   3313   3218   3139  10325   3518   3661   3103   3279   2925   2725   2857   2603  13384  26304      0      0  65535 
     0      0      0      0      0      0      0      0      0      0      0      0      0      0      0      0      0      0      0 
     0      0      0      0      0      0      0      0      0      0      0      0      0      0      0      0      0      0      0 
     0      0      0      0      0      0      0      0      0      0      0      0      0      0      0      0      0      0      0 
0 -1 -1
     0      0      0      0      0      0      0      0      0      0      0      0      0      0      0      0      3      0      0 
  2900   3045   3044   3188   3114   2869   2602   3219   3312   3242   2858   2723   3138   3518   3102   2926  10211   3660   3279 
 17236  13361     51    147   3044   2869   3045   3114   2900   3188   3242   3312   3219   3138  10211   3518   3660   3102   3279   2926   2723   2858   2602  13385  26303      0      0  65535 
     0      0      0      0      0      0      0      0      0      0      0      0      0      0      0      0      0      0      0 
     0      0      0      0      0      0      0      0      0      0      0      0      0      0      0      0      0      0      0 
     0      0      0      0      0      0      0      0      0      0      0      0      0      0      0      0      0      0      0 
0 -1 -1
     0      0      0      0      0      0      0      0      0      0      0      0      0      0      0      0     14      0      0 
  2901   3044   3042   3189   3111   2868   2604   3217   3312   3243   2857   2722   3139   3518   3101   2924  10730   3660   3280 
 17236  13361     51    147   3042   2868   3044   3111   2901   3189   3243   3312   3217   3139  10730   3518   3660   3101   3280   2924   2722   2857   2604  13383  26303      0      0  65535 
     0      0      0      0      0      0      0      0      0      0      0      0      0      0      0      0      0      0      0 
     0      0      0      0      0      0      0      0      0      0      0      0      0      0      0      0      0      0      0 
     0      0      0      0      0      0      0      0      0      0      0      0      0      0      0      0      0      0      0 
0 -1 -1
     0      0      0      0      0      0      0      0      0      0      0      0      0      0      0      0      1      0      0 
  2903   3043   3042   3189   3111   2870   2604   3219   3314   3242   2855   2722   3136   3518   3101   2924  10133   3659   3278 
 17236  13361     51    147   3042   2870   3043   3111   2903   3189   3242   3314   3219   3136  10133   3518   3659   3101   3278   2924   2722   2855   2604  13383  26304      1      0  65535 
     0      0      0      0      0      0      0      0      0      0      0      0      0      0      0      0      0      0      0 
     0      0      0      0      0      0      0      0      0      0      0      0      0      0      0      0      0      0      0 
     0      0      0      0      0      0      0      0      0      0      0      0      0      0      0      0      0      0      0 
0 -1 -1
     0      0      0      0      0      0      0      0      0      0      0      0      0      0      0      0      0      0      0 
  2904   3045   3041   3191   3113   2869   2603   3216   3313   3243   2856   2723   3137   3518   3101   2924  10098   3660   3279 
 17236  13361     51    147   3041   2869   3045   3113   2904   3191   3243   3313   3216   3137  10098   3518   3660   3101   3279   2924   2723   2856   2603  13387  26304      0      0  65535 
     0      0      0      0      0      0      0      0      0      0      0      0      0      0      0      0      0      0      0 
     0      0      0      0      0      0      0      0      0      0      0      0      0      0      0      0      0      0      0 
     0      0      0      0      0      0      0      0      0      0      0      0      0      0      0      0      0      0      0 
0 -1 -1
     0      0      0      0      0      0      0      0      0      0      0      0      0      0      0      0      7      0      0 
  2904   3043   3042   3192   3113   2868   2603   3216   3313   3240   2855   2722   3136   3516   3102   2924  10390   3658   3277 
 17236  13361     51    147   3042   2868   3043   3113   2904   3192   3240   3313   3216   3136  10390   3516   3658   3102   3277   2924   2722   2855   2603  13386  26303      0      1  65535 
     0      0      0      0      0      0      0      0      0      0      0      0      0      0      0      0      0      0      0 
     0      0      0      0      0      0      0      0      0      0      0      0      0      0      0      0      0      0      0 
     0      0      0      0      0      0      0      0      0      0      0      0      0      0      0      0      0      0      0 
0 -1 -1
     0      0      0      0      0      0      0      0      0      0      0      0      0      0      0      0      4      0      0 
  2905   3042   3042   3192   3111   2868   2603   3216   3313   3239   2855   2721   3136   3516   3101   2925  10290   3659   3278 
 17236  13361     51    147   3042   2868   3042   3111   2905   3192   3239   3313   3216   3136  10290   3516   3659   3101   3278   2925   2721   2855   2603  13385  26303      0      1  65535 
     0      0      0      0      0      0      0      0      0      0      0      0      0      0      0      0      0      0      0 
     0      0      0      0      0      0      0      0      0      0      0      0      0      0      0      0      0      0      0 
     0      0      0      0      0      0      0      0      0      0      0      0      0      0      0      0      0      0      0 
0 -1 -1
     0      0      0      0      0      0      0      0      0      0      0      0      0      0      0      0      5      0      0 
  2906   3044   3041   3191   3113   2867   2602   3215   3312   3240   2855   2722   3137   3515   3100   2924  10317   3658   3277 
 17236  13361     51    147   3041   2867   3044   3113   2906   3191   3240   3312   3215   3137  10317   3515   3658   3100   3277   2924   2722   2855   2602  13385  26303      0      0  65535 
     0      0      0      0      0      0      0      0      0      0      0      0      0      0      0      0      0      0      0 
     0      0      0      0      0      0      0      0      0      0      0      0      0      0      0      0      0      0      0 
     0      0      0      0      0      0      0      0      0      0      0      0      0      0      0      0      0      0      0 
0 -1 -1
     0      0      0      0      0      0      0      0      0      0      0      0      0      0      0      0      7      0      0 
  2908   3042   3040   3191   3111   2867   2602   3216   3312   3241   2855   2722   3135   3515   3099   2924  10391   3657   3276 
 17236  13361     51    147   3040   2867   3042   3111   2908   3191   3241   3312   3216   3135  10391   3515   3657   3099   3276   2924   2722   2855   2602  13385  26303      0      0  65535 
     0      0      0      0      0      0      0      0      0      0      0      0      0      0      0      0      0      0      0 
     0      0      0      0      0      0      0      0      0      0      0      0      0      0      0      0      0      0      0 
     0      0      0      0      0      0      0      0      0      0      0      0      0      0      0      0      0      0      0 
0 -1 -1
     0      0      0      0      0      0      0      0      0      0      0      0      0      0      0      0      4      0      0 
  2908   3041   3040   3192   3109   2867   2601   3214   3311   3238   2854   2720   3134   3515   3100   2924  10277   3656   3277 
 17236  13361     51    147   3040   2867   3041   3109   2908   3192   3238   3311   3214   3134  10277   3515   3656   3100   3277   2924   2720   2854   2601  13385  26303      0      0  65535 
     0      0      0      0      0      0      0      0      0      0      0      0      0      0      0      0      0      0      0 
     0      0      0      0      0      0      0      0      0      0      0      0      0      0      0      0      0      0      0 
     0      0      0      0      0      0      0      0      0      0      0      0      0      0      0      0      0      0      0 
0 -1 -1
     0      0      0      0      0      0      0      0      0      0      0      0      0      0      0      0      0      0      0 
  2906   3042   3041   3193   3110   2867   2600   3215   3313   3239   2854   2722   3135   3516   3100   2924   9937   3657   3277 
 17236  13361     51    147   3041   2867   3042   3110   2906   3193   3239   3313   3215   3135   9937   3516   3657   3100   3277   2924   2722   2854   2600  13385  26303      0      0  65535 
     0      0      0      0      0      0      0      0      0      0      0      0      0      0      0      0      0      0      0 
     0      0      0      0      0      0      0      0      0      0      0      0      0      0      0      0      0      0      0 
     0      0      0      0      0      0      0      0      0      0      0      0      0      0      0      0      0      0      0 
0 -1 -1
     0      0      0      0      0      0      0      0      0      0      0      0      0      0      0      0      0      0      0 
  2907   3042   3041   3193   3111   2867   2600   3215   3312   3238   2854   2720   3134   3514   3100   2923   9547   3656   3276 
 17236  13361     51    147   3041   2867   3042   3111   2907   3193   3238   3312   3215   3134   9547   3514   3656   3100   3276   2923   2720   2854   2600  13384  26303      0      0  65535 
     0      0      0      0      0      0      0      0      0      0      0      0      0      0      0      0      0      0      0 
     0      0      0      0      0      0      0      0      0      0      0      0      0      0      0      0      0      0      0 
     0      0      0      0      0      0      0      0      0      0      0      0      0      0      0      0      0      0      0 
0 -1 -1
