     0      0      0      0      0      0      0     56    191    255    226    175     80    186    183     89     16      0      0 
  3859   3976   3908   4215   4073   3766   3457   8110  10209  12009  12188   9946   8471   9830   9319   8960   9990   4687   4277 
 17236  13361     51    154   3908   3766   3976   4073   3859   4215  12009  10209   8110   8471   9990   9830   4687   9319   4277   8960   9946  12188   3457  13293  26304      0      0  65535 
     0      0      0      0      0      0      0      0      0      0      0      0      0      0      0      0      0      0      0 
     0      0      0      0      0      0      0      0      0      0      0      0      0      0      0      0      0      0      0 
     0      0      0      0      0      0      0      0      0      0      0      0      0      0      0      0      0      0      0 
0 -1 -1
     0      0      0      0      0      0      0     58    197    255    234    184     79    188    188     93     16      0      0 
  3858   3974   3908   4216   4072   3765   3456   8231  10361  12201  12398  10235   8446   9888   9452   9171   9983   4687   4277 
 17236  13361     51    154   3908   3765   3974   4072   3858   4216  12201  10361   8231   8446   9983   9888   4687   9452   4277   9171  10235  12398   3456  13293  26304      0      0  65535 
     0      0      0      0      0      0      0      0      0      0      0      0      0      0      0      0      0      0      0 
     0      0      0      0      0      0      0      0      0      0      0      0      0      0      0      0      0      0      0 
     0      0      0      0      0      0      0      0      0      0      0      0      0      0      0      0      0      0      0 
0 -1 -1
     0      0      0      0      0      0      0     61    207    255    245    194     79    190    192     96     16      0      0 
  3858   3973   3907   4218   4071   3763   3454   8459  10635  12508  12705  10572   8440   9943   9557   9327   9988   4686   4279 
 17236  13361     51    154   3907   3763   3973   4071   3858   4218  12508  10635   8459   8440   9988   9943   4686   9557   4279   9327  10572  12705   3454  13293  26305      0      0  65535 
     0      0      0      0      0      0      0      0      0      0      0      0      0      0      0      0      0      0      0 
     0      0      0      0      0      0      0      0      0      0      0      0      0      0      0      0      0      0      0 
     0      0      0      0      0      0      0      0      0      0      0      0      0      0      0      0      0      0      0 
0 -1 -1
     0      0      0      0      0      0      0     66    219    255    251    199     81    196    199    100     17      0      0 
  3858   3974   3905   4218   4069   3761   3454   8752  10960  12829  12866  10756   8535  10083   9720   9518  10006   4687   4281 
 17236  13361     51    154   3905   3761   3974   4069   3858   4218  12829  10960   8752   8535  10006  10083   4687   9720   4281   9518  10756  12866   3454  13292  26304      0      0  65535 
     0      0      0      0      0      0      0      0      0      0      0      0      0      0      0      0      0      0      0 
     0      0      0      0      0      0      0      0      0      0      0      0      0      0      0      0      0      0      0 
     0      0      0      0      0      0      0      0      0      0      0      0      0      0      0      0      0      0      0 
0 -1 -1
     0      0      0      0      0      0      0     68    226    255    254    203     84    202    203    101     17      0      0 
  3857   3970   3905   4219   4067   3761   3454   8933  11140  12989  12955  10875   8662  10212   9827   9603  10035   4688   4280 
 17236  13361     51    154   3905   3761   3970   4067   3857   4219  12989  11140   8933   8662  10035  10212   4688   9827   4280   9603  10875  12955   3454  13290  26304      0      0  65535 
     0      0      0      0      0      0      0      0      0      0      0      0      0      0      0      0      0      0      0 
     0      0      0      0      0      0      0      0      0      0      0      0      0      0      0      0      0      0      0 
     0      0      0      0      0      0      0      0      0      0      0      0      0      0      0      0      0      0      0 
0 -1 -1
     0      0      0      0      0      0      0     70    227    255    249    199     86    204    205    102     18      0      0 
  3858   3971   3905   4220   4067   3761   3455   9006  11164  12951  12806  10768   8748  10277   9864   9616  10053   4687   4283 
 17236  13361     51    154   3905   3761   3971   4067   3858   4220  12951  11164   9006   8748  10053  10277   4687   9864   4283   9616  10768  12806   3455  13287  26304      0      0  65535 
     0      0      0      0      0      0      0      0      0      0      0      0      0      0      0      0      0      0      0 
     0      0      0      0      0      0      0      0      0      0      0      0      0      0      0      0      0      0      0 
     0      0      0      0      0      0      0      0      0      0      0      0      0      0      0      0      0      0      0 
0 -1 -1
     0      0      0      0      0      0      0     70    227    255    244    197     86    205    206    103     18      0      0 
  3857   3972   3905   4219   4068   3763   3455   9052  11154  12877  12667  10670   8745  10291   9895   9665  10057   4689   4285 
 17236  13361     51    154   3905   3763   3972   4068   3857   4219  12877  11154   9052   8745  10057  10291   4689   9895   4285   9665  10670  12667   3455  13286  26305      0      0  65535 
     0      0      0      0      0      0      0      0      0      0      0      0      0      0      0      0      0      0      0 
     0      0      0      0      0      0      0      0      0      0      0      0      0      0      0      0      0      0      0 
     0      0      0      0      0      0      0      0      0      0      0      0      0      0      0      0      0      0      0 
0 -1 -1
     0      0      0      0      0      0      0     67    216    255    226    184     79    191    193     96     16      0      0 
  3860   3974   3907   4222   4073   3768   3457   8861  10870  12510  12191  10249   8456   9965   9569   9336   9984   4692   4284 
 17236  13361     51    154   3907   3768   3974   4073   3860   4222  12510  10870   8861   8456   9984   9965   4692   9569   4284   9336  10249  12191   3457  13284  26304      0      0  65535 
     0      0      0      0      0      0      0      0      0      0      0      0      0      0      0      0      0      0      0 
     0      0      0      0      0      0      0      0      0      0      0      0      0      0      0      0      0      0      0 
     0      0      0      0      0      0      0      0      0      0      0      0      0      0      0      0      0      0      0 
0 -1 -1
     0      0      0      0      0      0      0     59    190    253    196    163     68    168    171     86     14      0      0 
  3861   3976   3909   4221   4083   3775   3462   8305  10172  11728  11371   9540   7969   9419   9035   8807   9876   4696   4287 
 17236  13361     51    154   3909   3775   3976   4083   3861   4221  11728  10172   8305   7969   9876   9419   4696   9035   4287   8807   9540  11371   3462  13285  26304      0      0  65535 
     0      0      0      0      0      0      0      0      0      0      0      0      0      0      0      0      0      0      0 
     0      0      0      0      0      0      0      0      0      0      0      0      0      0      0      0      0      0      0 
     0      0      0      0      0      0      0      0      0      0      0      0      0      0      0      0      0      0      0 
0 -1 -1
     0      0      0      0      0      0      0     47    149    201    148    129     51    136    142     73     10      0      0 
  3864   3983   3914   4224   4096   3789   3466   7479   9105  10502  10075   8384   7257   8635   8300   8106   9717   4702   4289 
 17236  13361     51    154   3914   3789   3983   4096   3864   4224  10502   9105   7479   7257   9717   8635   4702   8300   4289   8106   8384  10075   3466  13285  26304      0      0  65535 
     0      0      0      0      0      0      0      0      0      0      0      0      0      0      0      0      0      0      0 
     0      0      0      0      0      0      0      0      0      0      0      0      0      0      0      0      0      0      0 
     0      0      0      0      0      0      0      0      0      0      0      0      0      0      0      0      0      0      0 
0 -1 -1
     0      0      0      0      0      0      0     33    105    143    100     94     31     93    101     53      6      0      0 
  3869   3990   3920   4223   4109   3805   3473   6563   7935   9142   8753   7193   6405   7606   7276   7064   9534   4705   4287 
 17236  13361     51    154   3920   3805   3990   4109   3869   4223   9142   7935   6563   6405   9534   7606   4705   7276   4287   7064   7193   8753   3473  13285  26305      0      0  65535 
     0      0      0      0      0      0      0      0      0      0      0      0      0      0      0      0      0      0      0 
     0      0      0      0      0      0      0      0      0      0      0      0      0      0      0      0      0      0      0 
     0      0      0      0      0      0      0      0      0      0      0      0      0      0      0      0      0      0      0 
0 -1 -1
     0      0      0      0      0      0      0     22     71     97     58     64     10     46     53     28      2      0      0 
  3874   3996   3923   4223   4122   3818   3482   5810   7029   8086   7629   6180   5554   6499   6087   5784   9325   4708   4284 
 17236  13361     51    154   3923   3818   3996   4122   3874   4223   8086   7029   5810   5554   9325   6499   4708   6087   4284   5784   6180   7629   3482  13284  26303      0      0  65535 
     0      0      0      0      0      0      0      0      0      0      0      0      0      0      0      0      0      0      0 
     0      0      0      0      0      0      0      0      0      0      0      0      0      0      0      0      0      0      0 
     0      0      0      0      0      0      0      0      0      0      0      0      0      0      0      0      0      0      0 
0 -1 -1
     0      0      0      0      0      0      0      5     13     18      0     20      0      0      7      7      0      0      0 
  3877   4006   3930   4222   4138   3836   3486   4712   5507   6238   5707   4690   4742   5361   4935   4671   9160   4713   4282 
 17236  13361     51    154   3930   3836   4006   4138   3877   4222   6238   5507   4712   4742   9160   5361   4713   4935   4282   4671   4690   5707   3486  13284  26303      0      0  65535 
     0      0      0      0      0      0      0      0      0      0      0      0      0      0      0      0      0      0      0 
     0      0      0      0      0      0      0      0      0      0      0      0      0      0      0      0      0      0      0 
     0      0      0      0      0      0      0      0      0      0      0      0      0      0      0      0      0      0      0 
0 -1 -1
     0      0      0      0      0      0      0      0      0      0      0      0      0      0      0      0      0      0      0 
  3880   4010   3937   4213   4143   3842   3486   4220   4427   4591   4085   3698   4277   4653   4225   3991   9064   4705   4271 
 17236  13361     51    154   3937   3842   4010   4143   3880   4213   4591   4427   4220   4277   9064   4653   4705   4225   4271   3991   3698   4085   3486  13285  26305      0      0  65535 
     0      0      0      0      0      0      0      0      0      0      0      0      0      0      0      0      0      0      0 
     0      0      0      0      0      0      0      0      0      0      0      0      0      0      0      0      0      0      0 
     0      0      0      0      0      0      0      0      0      0      0      0      0      0      0      0      0      0      0 
0 -1 -1
     0      0      0      0      0      0      0      0      0      0      0      0      0      0      0      0      0      0      0 
  3880   4012   3936   4213   4141   3839   3483   4216   4331   4274   3849   3632   4180   4557   4121   3903   9038   4702   4267 
 17236  13361     51    154   3936   3839   4012   4141   3880   4213   4274   4331   4216   4180   9038   4557   4702   4121   4267   3903   3632   3849   3483  13286  26304      0      0  65535 
     0      0      0      0      0      0      0      0      0      0      0      0      0      0      0      0      0      0      0 
     0      0      0      0      0      0      0      0      0      0      0      0      0      0      0      0      0      0      0 
     0      0      0      0      0      0      0      0      0      0      0      0      0      0      0      0      0      0      0 
0 -1 -1
     0      0      0      0      0      0      0      0      0      0      0      0      0      0      0      0      0      0      0 
  3880   4011   3937   4212   4142   3837   3481   4215   4330   4270   3848   3631   4179   4555   4120   3903   9035   4702   4267 
 17236  13361     51    154   3937   3837   4011   4142   3880   4212   4270   4330   4215   4179   9035   4555   4702   4120   4267   3903   3631   3848   3481  13287  26303      0      0  65535 
     0      0      0      0      0      0      0      0      0      0      0      0      0      0      0      0      0      0      0 
     0      0      0      0      0      0      0      0      0      0      0      0      0      0      0      0      0      0      0 
     0      0      0      0      0      0      0      0      0      0      0      0      0      0      0      0      0      0      0 
0 -1 -1
     0      0      0      0      0      0      0      0      0      0      0      0      0      0      0      0      0      0      0 
  3881   4011   3936   4213   4141   3839   3482   4215   4328   4270   3845   3630   4177   4554   4120   3901   9025   4700   4266 
 17236  13361     51    154   3936   3839   4011   4141   3881   4213   4270   4328   4215   4177   9025   4554   4700   4120   4266   3901   3630   3845   3482  13288  26303      0      0  65535 
     0      0      0      0      0      0      0      0      0      0      0      0      0      0      0      0      0      0      0 
     0      0      0      0      0      0      0      0      0      0      0      0      0      0      0      0      0      0      0 
     0      0      0      0      0      0      0      0      0      0      0      0      0      0      0      0      0      0      0 
0 -1 -1
     0      0      0      0      0      0      0      0      0      0      0      0      0      0      0      0      0      0      0 
  3881   4013   3937   4213   4141   3838   3482   4215   4326   4269   3846   3630   4177   4553   4118   3901   9040   4701   4266 
 17236  13361     51    154   3937   3838   4013   4141   3881   4213   4269   4326   4215   4177   9040   4553   4701   4118   4266   3901   3630   3846   3482  13288  26303      0      0  65535 
     0      0      0      0      0      0      0      0      0      0      0      0      0      0      0      0      0      0      0 
     0      0      0      0      0      0      0      0      0      0      0      0      0      0      0      0      0      0      0 
     0      0      0      0      0      0      0      0      0      0      0      0      0      0      0      0      0      0      0 
0 -1 -1
     0      0      0      0      0      0      0      0      0      0      0      0      0      0      0      0      0      0      0 
  3881   4011   3937   4213   4142   3837   3482   4214   4327   4266   3845   3630   4178   4555   4119   3901   9036   4701   4267 
 17236  13361     51    154   3937   3837   4011   4142   3881   4213   4266   4327   4214   4178   9036   4555   4701   4119   4267   3901   3630   3845   3482  13289  26305      0      0  65535 
     0      0      0      0      0      0      0      0      0      0      0      0      0      0      0      0      0      0      0 
     0      0      0      0      0      0      0      0      0      0      0      0      0      0      0      0      0      0      0 
     0      0      0      0      0      0      0      0      0      0      0      0      0      0      0      0      0      0      0 
0 -1 -1
     0      0      0      0      0      0      0      0      0      0      0      0      0      0      0      0      0      0      0 
  3881   4010   3938   4212   4143   3838   3482   4212   4325   4266   3844   3630   4177   4550   4117   3902   9039   4700   4266 
 17236  13361     51    154   3938   3838   4010   4143   3881   4212   4266   4325   4212   4177   9039   4550   4700   4117   4266   3902   3630   3844   3482  13289  26304      0      0  65535 
     0      0      0      0      0      0      0      0      0      0      0      0      0      0      0      0      0      0      0 
     0      0      0      0      0      0      0      0      0      0      0      0      0      0      0      0      0      0      0 
     0      0      0      0      0      0      0      0      0      0      0      0      0      0      0      0      0      0      0 
0 -1 -1
     0      0      0      0      0      0      0      0      0      0      0      0      0      0      0      0      0      0      0 
  3882   4011   3935   4213   4141   3839   3481   4213   4326   4266   3844   3631   4176   4552   4117   3901   9035   4701   4266 
 17236  13361     51    154   3935   3839   4011   4141   3882   4213   4266   4326   4213   4176   9035   4552   4701   4117   4266   3901   3631   3844   3481  13290  26304      0      0  65535 
     0      0      0      0      0      0      0      0      0      0      0      0      0      0      0      0      0      0      0 
     0      0      0      0      0      0      0      0      0      0      0      0      0      0      0      0      0      0      0 
     0      0      0      0      0      0      0      0      0      0      0      0      0      0      0      0      0      0      0 
0 -1 -1
     0      0      0      0      0      0      0      0      0      0      0      0      0      0      0      0      0      0      0 
  3881   4010   3934   4212   4140   3837   3481   4212   4325   4267   3842   3630   4176   4550   4116   3900   9034   4702   4266 
 17236  13361     51    154   3934   3837   4010   4140   3881   4212   4267   4325   4212   4176   9034   4550   4702   4116   4266   3900   3630   3842   3481  13290  26304      0      0  65535 
     0      0      0      0      0      0      0      0      0      0      0      0      0      0      0      0      0      0      0 
     0      0      0      0      0      0      0      0      0      0      0      0      0      0      0      0      0      0      0 
     0      0      0      0      0      0      0      0      0      0      0      0      0      0      0      0      0      0      0 
0 -1 -1
     0      0      0      0      0      0      0      0      0      0      0      0      0      0      0      0      0      0      0 
  3881   4011   3936   4211   4140   3838   3481   4213   4325   4266   3844   3630   4176   4550   4117   3899   9031   4700   4265 
 17236  13361     51    154   3936   3838   4011   4140   3881   4211   4266   4325   4213   4176   9031   4550   4700   4117   4265   3899   3630   3844   3481  13291  26303      0      0  65535 
     0      0      0      0      0      0      0      0      0      0      0      0      0      0      0      0      0      0      0 
     0      0      0      0      0      0      0      0      0      0      0      0      0      0      0      0      0      0      0 
     0      0      0      0      0      0      0      0      0      0      0      0      0      0      0      0      0      0      0 
0 -1 -1
     0      0      0      0      0      0      0      0      0      0      0      0      0      0      0      0      0      0      0 
  3880   4010   3936   4213   4140   3837   3479   4211   4326   4266   3844   3630   4173   4551   4115   3900   9036   4701   4265 
 17236  13361     51    154   3936   3837   4010   4140   3880   4213   4266   4326   4211   4173   9036   4551   4701   4115   4265   3900   3630   3844   3479  13292  26305      1      0  65535 
     0      0      0      0      0      0      0      0      0      0      0      0      0      0      0      0      0      0      0 
     0      0      0      0      0      0      0      0      0      0      0      0      0      0      0      0      0      0      0 
     0      0      0      0      0      0      0      0      0      0      0      0      0      0      0      0      0      0      0 
0 -1 -1
     0      0      0      0      0      0      0      0      0      0      0      0      0      0      0      0      0      0      0 
  3881   4010   3935   4209   4141   3836   3480   4212   4324   4266   3842   3630   4176   4551   4115   3901   9041   4701   4265 
 17236  13361     51    154   3935   3836   4010   4141   3881   4209   4266   4324   4212   4176   9041   4551   4701   4115   4265   3901   3630   3842   3480  13292  26305      0      0  65535 
     0      0      0      0      0      0      0      0      0      0      0      0      0      0      0      0      0      0      0 
     0      0      0      0      0      0      0      0      0      0      0      0      0      0      0      0      0      0      0 
     0      0      0      0      0      0      0      0      0      0      0      0      0      0      0      0      0      0      0 
0 -1 -1
     0      0      0      0      0      0      0      0      0      0      0      0      0      0      0      0      0      0      0 
  3879   4010   3935   4213   4142   3836   3481   4212   4324   4266   3843   3631   4175   4550   4115   3900   9038   4699   4266 
 17236  13361     51    154   3935   3836   4010   4142   3879   4213   4266   4324   4212   4175   9038   4550   4699   4115   4266   3900   3631   3843   3481  13293  26304      0      0  65535 
     0      0      0      0      0      0      0      0      0      0      0      0      0      0      0      0      0      0      0 
     0      0      0      0      0      0      0      0      0      0      0      0      0      0      0      0      0      0      0 
     0      0      0      0      0      0      0      0      0      0      0      0      0      0      0      0      0      0      0 
0 -1 -1
     0      0      0      0      0      0      0      0      0      0      0      0      0      0      0      0      0      0      0 
  3881   4011   3934   4213   4141   3836   3482   4212   4324   4266   3842   3631   4175   4550   4116   3899   9037   4700   4265 
 17236  13361     51    154   3934   3836   4011   4141   3881   4213   4266   4324   4212   4175   9037   4550   4700   4116   4265   3899   3631   3842   3482  13294  26304      0      0  65535 
     0      0      0      0      0      0      0      0      0      0      0      0      0      0      0      0      0      0      0 
     0      0      0      0      0      0      0      0      0      0      0      0      0      0      0      0      0      0      0 
     0      0      0      0      0      0      0      0      0      0      0      0      0      0      0      0      0      0      0 
0 -1 -1
     0      0      0      0      0      0      0      0      0      0      0      0      0      0      0      0      0      0      0 
  3881   4011   3936   4211   4142   3837   3481   4212   4324   4265   3843   3630   4175   4550   4116   3900   9036   4701   4267 
 17236  13361     51    154   3936   3837   4011   4142   3881   4211   4265   4324   4212   4175   9036   4550   4701   4116   4267   3900   3630   3843   3481  13294  26305      0      0  65535 
     0      0      0      0      0      0      0      0      0      0      0      0      0      0      0      0      0      0      0 
     0      0      0      0      0      0      0      0      0      0      0      0      0      0      0      0      0      0      0 
     0      0      0      0      0      0      0      0      0      0      0      0      0      0      0      0      0      0      0 
0 -1 -1
     0      0      0      0      0      0      0      0      0      0      0      0      0      0      0      0      0      0      0 
  3880   4010   3935   4212   4139   3837   3482   4211   4323   4266   3844   3631   4174   4551   4117   3899   9036   4700   4265 
 17236  13361     51    154   3935   3837   4010   4139   3880   4212   4266   4323   4211   4174   9036   4551   4700   4117   4265   3899   3631   3844   3482  13294  26304      0      0  65535 
     0      0      0      0      0      0      0      0      0      0      0      0      0      0      0      0      0      0      0 
     0      0      0      0      0      0      0      0      0      0      0      0      0      0      0      0      0      0      0 
     0      0      0      0      0      0      0      0      0      0      0      0      0      0      0      0      0      0      0 
0 -1 -1
     0      0      0      0      0      0      0      0      0      0      0      0      0      0      0      0      0      0      0 
  3879   4011   3936   4212   4140   3837   3481   4211   4324   4265   3844   3631   4174   4550   4114   3899   9041   4700   4266 
 17236  13361     51    154   3936   3837   4011   4140   3879   4212   4265   4324   4211   4174   9041   4550   4700   4114   4266   3899   3631   3844   3481  13294  26305      0      0  65535 
     0      0      0      0      0      0      0      0      0      0      0      0      0      0      0      0      0      0      0 
     0      0      0      0      0      0      0      0      0      0      0      0      0      0      0      0      0      0      0 
     0      0      0      0      0      0      0      0      0      0      0      0      0      0      0      0      0      0      0 
0 -1 -1
     0      0      0      0      0      0      0      0      0      0      0      0      0      0      0      0      0      0      0 
  3880   4011   3935   4211   4139   3837   3482   4210   4324   4265   3845   3630   4173   4550   4114   3898   9037   4700   4264 
 17236  13361     51    154   3935   3837   4011   4139   3880   4211   4265   4324   4210   4173   9037   4550   4700   4114   4264   3898   3630   3845   3482  13294  26304      0      0  65535 
     0      0      0      0      0      0      0      0      0      0      0      0      0      0      0      0      0      0      0 
     0      0      0      0      0      0      0      0      0      0      0      0      0      0      0      0      0      0      0 
     0      0      0      0      0      0      0      0      0      0      0      0      0      0      0      0      0      0      0 
0 -1 -1
