     0      0      0      0      0      0      0      0      0      0    255    138     94    255    255      0     20      0      0 
  3846   3954   3890   4160   4014   3741   3439   4156   4316   4246  16345   8313   9288  32766  10757   3858  10192   4663   4190 
 17236  13361     51    153   3890   3741   3954   4014   3846   4160   4246   4316   4156   9288  10192  32766   4663  10757   4190   3858   8313  16345   3439  13294  26304      0      0  65535 
     0      0      0      0      0      0      0      0      0      0      0      0      0      0      0      0      0      0      0 
     0      0      0      0      0      0      0      0      0      0      0      0      0      0      0      0      0      0      0 
     0      0      0      0      0      0      0      0      0      0      0      0      0      0      0      0      0      0      0 
0 -1 -1
     0      0      0      0      0      0      0      0      1      1    255    147    100    255    255      0     22      0      0 
  3842   3952   3890   4157   4007   3734   3437   4154   4321   4256  16706   8613   9555  32766  11224   3860  10255   4665   4191 
 17236  13361     51    153   3890   3734   3952   4007   3842   4157   4256   4321   4154   9555  10255  32766   4665  11224   4191   3860   8613  16706   3437  13293  26304      0      0  65535 
     0      0      0      0      0      0      0      0      0      0      0      0      0      0      0      0      0      0      0 
     0      0      0      0      0      0      0      0      0      0      0      0      0      0      0      0      0      0      0 
     0      0      0      0      0      0      0      0      0      0      0      0      0      0      0      0      0      0      0 
0 -1 -1
     0      0      0      0      0      0      0      0      1      2    255    153    102    255    255      0     22      0      0 
  3842   3952   3888   4157   4003   3733   3438   4153   4327   4278  16966   8799   9637  32766  11299   3860  10246   4667   4191 
 17236  13361     51    153   3888   3733   3952   4003   3842   4157   4278   4327   4153   9637  10246  32766   4667  11299   4191   3860   8799  16966   3438  13292  26304      0      0  65535 
     0      0      0      0      0      0      0      0      0      0      0      0      0      0      0      0      0      0      0 
     0      0      0      0      0      0      0      0      0      0      0      0      0      0      0      0      0      0      0 
     0      0      0      0      0      0      0      0      0      0      0      0      0      0      0      0      0      0      0 
0 -1 -1
     0      0      0      0      0      0      0      0      1      2    255    159    101    255    255      0     22      0      0 
  3843   3953   3889   4156   4003   3731   3437   4151   4327   4284  17202   9033   9575  32766  11475   3860  10244   4670   4191 
 17236  13361     51    153   3889   3731   3953   4003   3843   4156   4284   4327   4151   9575  10244  32766   4670  11475   4191   3860   9033  17202   3437  13292  26304      0      0  65535 
     0      0      0      0      0      0      0      0      0      0      0      0      0      0      0      0      0      0      0 
     0      0      0      0      0      0      0      0      0      0      0      0      0      0      0      0      0      0      0 
     0      0      0      0      0      0      0      0      0      0      0      0      0      0      0      0      0      0      0 
0 -1 -1
     0      0      0      0      0      0      0      0      1      1    255    163     99    255    255      0     21      0      0 
  3842   3952   3887   4156   4002   3731   3438   4153   4328   4271  17180   9153   9484  32766  11580   3861  10224   4670   4191 
 17236  13361     51    153   3887   3731   3952   4002   3842   4156   4271   4328   4153   9484  10224  32766   4670  11580   4191   3861   9153  17180   3438  13292  26304      0      0  65535 
     0      0      0      0      0      0      0      0      0      0      0      0      0      0      0      0      0      0      0 
     0      0      0      0      0      0      0      0      0      0      0      0      0      0      0      0      0      0      0 
     0      0      0      0      0      0      0      0      0      0      0      0      0      0      0      0      0      0      0 
0 -1 -1
     0      0      0      0      0      0      0      0      1      0    255    162     94    255    255      0     20      0      0 
  3842   3952   3889   4157   4004   3734   3439   4154   4329   4252  16942   9112   9285  32766  11488   3863  10158   4673   4193 
 17236  13361     51    153   3889   3734   3952   4004   3842   4157   4252   4329   4154   9285  10158  32766   4673  11488   4193   3863   9112  16942   3439  13293  26304      0      0  65535 
     0      0      0      0      0      0      0      0      0      0      0      0      0      0      0      0      0      0      0 
     0      0      0      0      0      0      0      0      0      0      0      0      0      0      0      0      0      0      0 
     0      0      0      0      0      0      0      0      0      0      0      0      0      0      0      0      0      0      0 
0 -1 -1
     0      0      0      0      0      0      0      0      1      0    255    160     91    255    255      0     19      0      0 
  3843   3953   3888   4159   4008   3736   3439   4155   4330   4232  16660   9045   9154  32766  11398   3863  10119   4674   4194 
 17236  13361     51    153   3888   3736   3953   4008   3843   4159   4232   4330   4155   9154  10119  32766   4674  11398   4194   3863   9045  16660   3439  13293  26304      0      0  65535 
     0      0      0      0      0      0      0      0      0      0      0      0      0      0      0      0      0      0      0 
     0      0      0      0      0      0      0      0      0      0      0      0      0      0      0      0      0      0      0 
     0      0      0      0      0      0      0      0      0      0      0      0      0      0      0      0      0      0      0 
0 -1 -1
     0      0      0      0      0      0      0      0      1      0    255    162     89    255    255      0     19      0      0 
  3844   3953   3889   4158   4008   3736   3438   4156   4328   4221  16576   9112   9074  32766  11472   3864  10110   4677   4195 
 17236  13361     51    153   3889   3736   3953   4008   3844   4158   4221   4328   4156   9074  10110  32766   4677  11472   4195   3864   9112  16576   3438  13293  26304      0      0  65535 
     0      0      0      0      0      0      0      0      0      0      0      0      0      0      0      0      0      0      0 
     0      0      0      0      0      0      0      0      0      0      0      0      0      0      0      0      0      0      0 
     0      0      0      0      0      0      0      0      0      0      0      0      0      0      0      0      0      0      0 
0 -1 -1
     0      0      0      0      0      0      0      0      1      0    255    166     85    255    255      0     18      0      0 
  3844   3953   3888   4158   4007   3735   3438   4155   4328   4214  16665   9269   8915  32766  11583   3864  10084   4677   4197 
 17236  13361     51    153   3888   3735   3953   4007   3844   4158   4214   4328   4155   8915  10084  32766   4677  11583   4197   3864   9269  16665   3438  13294  26304      0      0  65535 
     0      0      0      0      0      0      0      0      0      0      0      0      0      0      0      0      0      0      0 
     0      0      0      0      0      0      0      0      0      0      0      0      0      0      0      0      0      0      0 
     0      0      0      0      0      0      0      0      0      0      0      0      0      0      0      0      0      0      0 
0 -1 -1
     0      0      0      0      0      0      0      0      1      0    255    167     77    255    255      0     16      0      0 
  3844   3954   3889   4160   4009   3736   3440   4154   4325   4193  16297   9271   8583  32766  11725   3866  10009   4681   4199 
 17236  13361     51    153   3889   3736   3954   4009   3844   4160   4193   4325   4154   8583  10009  32766   4681  11725   4199   3866   9271  16297   3440  13297  26305      0      0  65535 
     0      0      0      0      0      0      0      0      0      0      0      0      0      0      0      0      0      0      0 
     0      0      0      0      0      0      0      0      0      0      0      0      0      0      0      0      0      0      0 
     0      0      0      0      0      0      0      0      0      0      0      0      0      0      0      0      0      0      0 
0 -1 -1
     0      0      0      0      0      0      0      0      1      0    255    143     70    255    255      0     14      0      0 
  3846   3957   3892   4164   4019   3744   3443   4160   4331   4195  14944   8477   8267  32419  10947   3867   9889   4680   4203 
 17236  13361     51    153   3892   3744   3957   4019   3846   4164   4195   4331   4160   8267   9889  32419   4680  10947   4203   3867   8477  14944   3443  13297  26305      0      0  65535 
     0      0      0      0      0      0      0      0      0      0      0      0      0      0      0      0      0      0      0 
     0      0      0      0      0      0      0      0      0      0      0      0      0      0      0      0      0      0      0 
     0      0      0      0      0      0      0      0      0      0      0      0      0      0      0      0      0      0      0 
0 -1 -1
     0      0      0      0      0      0      0      0      1      0    242    107     52    255    226      0     10      0      0 
  3852   3965   3898   4172   4039   3760   3446   4170   4332   4206  12815   7260   7534  28755   9741   3864   9714   4681   4210 
 17236  13361     51    153   3898   3760   3965   4039   3852   4172   4206   4332   4170   7534   9714  28755   4681   9741   4210   3864   7260  12815   3446  13295  26304      0      0  65535 
     0      0      0      0      0      0      0      0      0      0      0      0      0      0      0      0      0      0      0 
     0      0      0      0      0      0      0      0      0      0      0      0      0      0      0      0      0      0      0 
     0      0      0      0      0      0      0      0      0      0      0      0      0      0      0      0      0      0      0 
0 -1 -1
     0      0      0      0      0      0      0      0      1      0    181     76     38    255    171      0      7      0      0 
  3853   3971   3902   4179   4058   3776   3453   4179   4333   4214  11163   6200   6947  24693   8371   3862   9593   4676   4219 
 17236  13361     51    153   3902   3776   3971   4058   3853   4179   4214   4333   4179   6947   9593  24693   4676   8371   4219   3862   6200  11163   3453  13295  26304      0      0  65535 
     0      0      0      0      0      0      0      0      0      0      0      0      0      0      0      0      0      0      0 
     0      0      0      0      0      0      0      0      0      0      0      0      0      0      0      0      0      0      0 
     0      0      0      0      0      0      0      0      0      0      0      0      0      0      0      0      0      0      0 
0 -1 -1
     0      0      0      0      0      0      0      0      1      0    138     51     29    255    112      0      6      0      0 
  3858   3976   3907   4186   4072   3790   3455   4186   4329   4222   9979   5343   6567  20886   6897   3861   9533   4672   4221 
 17236  13361     51    153   3907   3790   3976   4072   3858   4186   4222   4329   4186   6567   9533  20886   4672   6897   4221   3861   5343   9979   3455  13297  26304      0      0  65535 
     0      0      0      0      0      0      0      0      0      0      0      0      0      0      0      0      0      0      0 
     0      0      0      0      0      0      0      0      0      0      0      0      0      0      0      0      0      0      0 
     0      0      0      0      0      0      0      0      0      0      0      0      0      0      0      0      0      0      0 
0 -1 -1
     0      0      0      0      0      0      0      0      0      0     68     18      9    255     42      0      2      0      0 
  3862   3984   3912   4193   4094   3805   3462   4193   4319   4230   8067   4230   5712  15315   5147   3861   9377   4673   4228 
 17236  13361     51    153   3912   3805   3984   4094   3862   4193   4230   4319   4193   5712   9377  15315   4673   5147   4228   3861   4230   8067   3462  13297  26304      0      0  65535 
     0      0      0      0      0      0      0      0      0      0      0      0      0      0      0      0      0      0      0 
     0      0      0      0      0      0      0      0      0      0      0      0      0      0      0      0      0      0      0 
     0      0      0      0      0      0      0      0      0      0      0      0      0      0      0      0      0      0      0 
0 -1 -1
     0      0      0      0      0      0      0      0      0      0      0      0      0      0      0      0      0      0      0 
  3869   3992   3921   4205   4122   3824   3468   4201   4311   4244   4732   3620   4908   5971   4107   3872   9191   4671   4236 
 17236  13361     51    153   3921   3824   3992   4122   3869   4205   4244   4311   4201   4908   9191   5971   4671   4107   4236   3872   3620   4732   3468  13297  26304      0      1  65535 
     0      0      0      0      0      0      0      0      0      0      0      0      0      0      0      0      0      0      0 
     0      0      0      0      0      0      0      0      0      0      0      0      0      0      0      0      0      0      0 
     0      0      0      0      0      0      0      0      0      0      0      0      0      0      0      0      0      0      0 
0 -1 -1
     0      0      0      0      0      0      0      0      0      0      0      0      0      0      0      0      0      0      0 
  3870   3996   3924   4205   4129   3829   3468   4198   4310   4245   3841   3617   4169   4537   4106   3873   9034   4672   4238 
 17236  13361     51    153   3924   3829   3996   4129   3870   4205   4245   4310   4198   4169   9034   4537   4672   4106   4238   3873   3617   3841   3468  13298  26304      0      0  65535 
     0      0      0      0      0      0      0      0      0      0      0      0      0      0      0      0      0      0      0 
     0      0      0      0      0      0      0      0      0      0      0      0      0      0      0      0      0      0      0 
     0      0      0      0      0      0      0      0      0      0      0      0      0      0      0      0      0      0      0 
0 -1 -1
     0      0      0      0      0      0      0      0      0      0      0      0      0      0      0      0      0      0      0 
  3869   3997   3921   4206   4129   3829   3467   4200   4310   4247   3835   3617   4166   4530   4104   3874   9028   4670   4238 
 17236  13361     51    153   3921   3829   3997   4129   3869   4206   4247   4310   4200   4166   9028   4530   4670   4104   4238   3874   3617   3835   3467  13298  26304      0      0  65535 
     0      0      0      0      0      0      0      0      0      0      0      0      0      0      0      0      0      0      0 
     0      0      0      0      0      0      0      0      0      0      0      0      0      0      0      0      0      0      0 
     0      0      0      0      0      0      0      0      0      0      0      0      0      0      0      0      0      0      0 
0 -1 -1
     0      0      0      0      0      0      0      0      0      0      0      0      0      0      0      0      0      0      0 
  3868   3996   3921   4206   4129   3828   3467   4197   4308   4245   3833   3616   4164   4527   4103   3874   9032   4670   4237 
 17236  13361     51    153   3921   3828   3996   4129   3868   4206   4245   4308   4197   4164   9032   4527   4670   4103   4237   3874   3616   3833   3467  13299  26305      0      0  65535 
     0      0      0      0      0      0      0      0      0      0      0      0      0      0      0      0      0      0      0 
     0      0      0      0      0      0      0      0      0      0      0      0      0      0      0      0      0      0      0 
     0      0      0      0      0      0      0      0      0      0      0      0      0      0      0      0      0      0      0 
0 -1 -1
     0      0      0      0      0      0      0      0      0      0      0      0      0      0      0      0      0      0      0 
  3869   3996   3922   4206   4130   3829   3467   4197   4308   4245   3832   3616   4164   4526   4101   3874   9042   4671   4238 
 17236  13361     51    153   3922   3829   3996   4130   3869   4206   4245   4308   4197   4164   9042   4526   4671   4101   4238   3874   3616   3832   3467  13299  26305      0      0  65535 
     0      0      0      0      0      0      0      0      0      0      0      0      0      0      0      0      0      0      0 
     0      0      0      0      0      0      0      0      0      0      0      0      0      0      0      0      0      0      0 
     0      0      0      0      0      0      0      0      0      0      0      0      0      0      0      0      0      0      0 
0 -1 -1
     0      0      0      0      0      0      0      0      0      0      0      0      0      0      0      0      0      0      0 
  3871   3996   3922   4206   4131   3829   3466   4198   4311   4247   3831   3615   4163   4523   4101   3873   9032   4671   4237 
 17236  13361     51    153   3922   3829   3996   4131   3871   4206   4247   4311   4198   4163   9032   4523   4671   4101   4237   3873   3615   3831   3466  13299  26305      0      0  65535 
     0      0      0      0      0      0      0      0      0      0      0      0      0      0      0      0      0      0      0 
     0      0      0      0      0      0      0      0      0      0      0      0      0      0      0      0      0      0      0 
     0      0      0      0      0      0      0      0      0      0      0      0      0      0      0      0      0      0      0 
0 -1 -1
     0      0      0      0      0      0      0      0      0      0      0      0      0      0      0      0      0      0      0 
  3869   3997   3920   4208   4130   3828   3467   4196   4309   4244   3831   3614   4163   4524   4101   3874   9030   4670   4238 
 17236  13361     51    153   3920   3828   3997   4130   3869   4208   4244   4309   4196   4163   9030   4524   4670   4101   4238   3874   3614   3831   3467  13299  26305      0      0  65535 
     0      0      0      0      0      0      0      0      0      0      0      0      0      0      0      0      0      0      0 
     0      0      0      0      0      0      0      0      0      0      0      0      0      0      0      0      0      0      0 
     0      0      0      0      0      0      0      0      0      0      0      0      0      0      0      0      0      0      0 
0 -1 -1
     0      0      0      0      0      0      0      0      0      0      0      0      0      0      0      0      0      0      0 
  3870   3996   3922   4206   4131   3828   3466   4197   4308   4248   3830   3613   4163   4524   4101   3873   9023   4671   4238 
 17236  13361     51    153   3922   3828   3996   4131   3870   4206   4248   4308   4197   4163   9023   4524   4671   4101   4238   3873   3613   3830   3466  13299  26304      0      0  65535 
     0      0      0      0      0      0      0      0      0      0      0      0      0      0      0      0      0      0      0 
     0      0      0      0      0      0      0      0      0      0      0      0      0      0      0      0      0      0      0 
     0      0      0      0      0      0      0      0      0      0      0      0      0      0      0      0      0      0      0 
0 -1 -1
     0      0      0      0      0      0      0      0      0      0      0      0      0      0      0      0      0      0      0 
  3868   3995   3921   4204   4129   3828   3466   4198   4310   4247   3829   3615   4163   4525   4102   3872   9032   4669   4237 
 17236  13361     51    153   3921   3828   3995   4129   3868   4204   4247   4310   4198   4163   9032   4525   4669   4102   4237   3872   3615   3829   3466  13300  26304      0      1  65535 
     0      0      0      0      0      0      0      0      0      0      0      0      0      0      0      0      0      0      0 
     0      0      0      0      0      0      0      0      0      0      0      0      0      0      0      0      0      0      0 
     0      0      0      0      0      0      0      0      0      0      0      0      0      0      0      0      0      0      0 
0 -1 -1
     0      0      0      0      0      0      0      0      0      0      0      0      0      0      0      0      0      0      0 
  3869   3995   3922   4206   4129   3828   3467   4197   4309   4245   3829   3615   4164   4525   4102   3872   9030   4670   4237 
 17236  13361     51    153   3922   3828   3995   4129   3869   4206   4245   4309   4197   4164   9030   4525   4670   4102   4237   3872   3615   3829   3467  13294  26304      0      1  65535 
     0      0      0      0      0      0      0      0      0      0      0      0      0      0      0      0      0      0      0 
     0      0      0      0      0      0      0      0      0      0      0      0      0      0      0      0      0      0      0 
     0      0      0      0      0      0      0      0      0      0      0      0      0      0      0      0      0      0      0 
0 -1 -1
     0      0      0      0      0      0      0      0      0      0      0      0      0      0      0      0      0      0      0 
  3869   3996   3922   4206   4130   3830   3466   4197   4309   4245   3827   3615   4163   4526   4102   3873   9035   4671   4237 
 17236  13361     51    153   3922   3830   3996   4130   3869   4206   4245   4309   4197   4163   9035   4526   4671   4102   4237   3873   3615   3827   3466  13292  26304      0      0  65535 
     0      0      0      0      0      0      0      0      0      0      0      0      0      0      0      0      0      0      0 
     0      0      0      0      0      0      0      0      0      0      0      0      0      0      0      0      0      0      0 
     0      0      0      0      0      0      0      0      0      0      0      0      0      0      0      0      0      0      0 
0 -1 -1
     0      0      0      0      0      0      0      0      0      0      0      0      0      0      0      0      0      0      0 
  3868   3997   3922   4206   4130   3828   3467   4198   4308   4245   3828   3613   4163   4527   4100   3872   9030   4669   4237 
 17236  13361     51    153   3922   3828   3997   4130   3868   4206   4245   4308   4198   4163   9030   4527   4669   4100   4237   3872   3613   3828   3467  13291  26304      0      0  65535 
     0      0      0      0      0      0      0      0      0      0      0      0      0      0      0      0      0      0      0 
     0      0      0      0      0      0      0      0      0      0      0      0      0      0      0      0      0      0      0 
     0      0      0      0      0      0      0      0      0      0      0      0      0      0      0      0      0      0      0 
0 -1 -1
     0      0      0      0      0      0      0      0      0      0      0      0      0      0      0      0      0      0      0 
  3869   3995   3922   4206   4129   3830   3467   4198   4309   4245   3827   3615   4162   4526   4104   3873   9023   4669   4237 
 17236  13361     51    153   3922   3830   3995   4129   3869   4206   4245   4309   4198   4162   9023   4526   4669   4104   4237   3873   3615   3827   3467  13291  26305      0      1  65535 
     0      0      0      0      0      0      0      0      0      0      0      0      0      0      0      0      0      0      0 
     0      0      0      0      0      0      0      0      0      0      0      0      0      0      0      0      0      0      0 
     0      0      0      0      0      0      0      0      0      0      0      0      0      0      0      0      0      0      0 
0 -1 -1
     0      0      0      0      0      0      0      0      0      0      0      0      0      0      0      0      0      0      0 
  3868   3996   3921   4206   4128   3829   3466   4196   4309   4245   3827   3614   4162   4528   4100   3873   9032   4670   4237 
 17236  13361     51    153   3921   3829   3996   4128   3868   4206   4245   4309   4196   4162   9032   4528   4670   4100   4237   3873   3614   3827   3466  13295  26305      0      1  65535 
     0      0      0      0      0      0      0      0      0      0      0      0      0      0      0      0      0      0      0 
     0      0      0      0      0      0      0      0      0      0      0      0      0      0      0      0      0      0      0 
     0      0      0      0      0      0      0      0      0      0      0      0      0      0      0      0      0      0      0 
0 -1 -1
     0      0      0      0      0      0      0      0      0      0      0      0      0      0      0      0      0      0      0 
  3869   3995   3921   4206   4130   3828   3466   4198   4308   4244   3826   3615   4162   4529   4101   3874   9041   4670   4237 
 17236  13361     51    153   3921   3828   3995   4130   3869   4206   4244   4308   4198   4162   9041   4529   4670   4101   4237   3874   3615   3826   3466  13295  26305      0      0  65535 
     0      0      0      0      0      0      0      0      0      0      0      0      0      0      0      0      0      0      0 
     0      0      0      0      0      0      0      0      0      0      0      0      0      0      0      0      0      0      0 
     0      0      0      0      0      0      0      0      0      0      0      0      0      0      0      0      0      0      0 
0 -1 -1
     0      0      0      0      0      0      0      0      0      0      0      0      0      0      0      0      0      0      0 
  3869   3995   3921   4207   4130   3829   3466   4198   4309   4246   3827   3614   4163   4528   4100   3873   9032   4670   4238 
 17236  13361     51    153   3921   3829   3995   4130   3869   4207   4246   4309   4198   4163   9032   4528   4670   4100   4238   3873   3614   3827   3466  13295  26305      0      0  65535 
     0      0      0      0      0      0      0      0      0      0      0      0      0      0      0      0      0      0      0 
     0      0      0      0      0      0      0      0      0      0      0      0      0      0      0      0      0      0      0 
     0      0      0      0      0      0      0      0      0      0      0      0      0      0      0      0      0      0      0 
0 -1 -1
     0      0      0      0      0      0      0      0      0      0      0      0      0      0      0      0      0      0      0 
  3868   3995   3921   4206   4129   3828   3466   4198   4309   4245   3827   3614   4163   4528   4101   3872   9029   4669   4237 
 17236  13361     51    153   3921   3828   3995   4129   3868   4206   4245   4309   4198   4163   9029   4528   4669   4101   4237   3872   3614   3827   3466  13295  26305      0      0  65535 
     0      0      0      0      0      0      0      0      0      0      0      0      0      0      0      0      0      0      0 
     0      0      0      0      0      0      0      0      0      0      0      0      0      0      0      0      0      0      0 
     0      0      0      0      0      0      0      0      0      0      0      0      0      0      0      0      0      0      0 
0 -1 -1
     0      0      0      0      0      0      0      0      0      0      0      0      0      0      0      0      0      0      0 
  3869   3996   3921   4205   4132   3828   3466   4197   4308   4245   3827   3613   4161   4528   4101   3874   9034   4669   4237 
 17236  13361     51    153   3921   3828   3996   4132   3869   4205   4245   4308   4197   4161   9034   4528   4669   4101   4237   3874   3613   3827   3466  13296  26304      0      0  65535 
     0      0      0      0      0      0      0      0      0      0      0      0      0      0      0      0      0      0      0 
     0      0      0      0      0      0      0      0      0      0      0      0      0      0      0      0      0      0      0 
     0      0      0      0      0      0      0      0      0      0      0      0      0      0      0      0      0      0      0 
0 -1 -1
     0      0      0      0      0      0      0      0      0      0      0      0      0      0      0      0      0      0      0 
  3868   3995   3921   4205   4131   3827   3465   4196   4309   4244   3826   3615   4161   4528   4099   3872   9033   4669   4237 
 17236  13361     51    153   3921   3827   3995   4131   3868   4205   4244   4309   4196   4161   9033   4528   4669   4099   4237   3872   3615   3826   3465  13294  26303      0      0  65535 
     0      0      0      0      0      0      0      0      0      0      0      0      0      0      0      0      0      0      0 
     0      0      0      0      0      0      0      0      0      0      0      0      0      0      0      0      0      0      0 
     0      0      0      0      0      0      0      0      0      0      0      0      0      0      0      0      0      0      0 
0 -1 -1
