     0      0      0      0      0    196    147      0      0    255      0      0      0    255      0      0      7      0      0 
  3867   3994   3921   4192   4121   9091   9813   4190   4338  17569   3818   3635   4181  15850   4061   3861   9346   4695   4239 
 17236  13361     51    143   3921   9091   3994   4121   3867   4192  17569   4338   4190   4181   9346  15850   4695   4061   4239   3861   3635   3818   9813  13292  26304      0      0  65535 
     0      0      0      0      0      0      0      0      0      0      0      0      0      0      0      0      0      0      0 
     0      0      0      0      0      0      0      0      0      0      0      0      0      0      0      0      0      0      0 
     0      0      0      0      0      0      0      0      0      0      0      0      0      0      0      0      0      0      0 
0 -1 -1
     0      0      0      0      0    215    157      0      0    255      0      0      0    255      0      0      5      0      0 
  3865   3992   3921   4189   4117   9609  10265   4184   4342  19086   3814   3634   4202  17226   4054   3858   9264   4692   4235 
 17236  13361     51    142   3921   9609   3992   4117   3865   4189  19086   4342   4184   4202   9264  17226   4692   4054   4235   3858   3634   3814  10265  13292  26304      0      0  65535 
     0      0      0      0      0      0      0      0      0      0      0      0      0      0      0      0      0      0      0 
     0      0      0      0      0      0      0      0      0      0      0      0      0      0      0      0      0      0      0 
     0      0      0      0      0      0      0      0      0      0      0      0      0      0      0      0      0      0      0 
0 -1 -1
     0      0      0      0      0    232    161      0      1    255      0      0      3    255      0      0      4      0      0 
  3864   3990   3924   4186   4116  10059  10432   4182   4348  20547   3817   3634   4327  18512   4049   3853   9219   4690   4231 
 17236  13361     51    141   3924  10059   3990   4116   3864   4186  20547   4348   4182   4327   9219  18512   4690   4049   4231   3853   3634   3817  10432  13293  26304      0      0  65535 
     0      0      0      0      0      0      0      0      0      0      0      0      0      0      0      0      0      0      0 
     0      0      0      0      0      0      0      0      0      0      0      0      0      0      0      0      0      0      0 
     0      0      0      0      0      0      0      0      0      0      0      0      0      0      0      0      0      0      0 
0 -1 -1
     0      0      0      0      0    246    169      0      1    255      0      0      8    255      0      0      5      0      0 
  3861   3987   3924   4180   4114  10452  10761   4179   4351  21998   3845   3634   4510  19804   4045   3849   9269   4688   4228 
 17236  13361     51    141   3924  10452   3987   4114   3861   4180  21998   4351   4179   4510   9269  19804   4688   4045   4228   3849   3634   3845  10761  13363  26304      0      0  65535 
     0      0      0      0      0      0      0      0      0      0      0      0      0      0      0      0      0      0      0 
     0      0      0      0      0      0      0      0      0      0      0      0      0      0      0      0      0      0      0 
     0      0      0      0      0      0      0      0      0      0      0      0      0      0      0      0      0      0      0 
0 -1 -1
     0      0      0      0      0    255    178      0      1    255      1      0     11    255      0      0      6      0      0 
  3859   3985   3933   4178   4114  10859  11138   4174   4353  23260   3880   3633   4671  20776   4038   3845   9304   4685   4223 
 17236  13361     51    140   3933  10859   3985   4114   3859   4178  23260   4353   4174   4671   9304  20776   4685   4038   4223   3845   3633   3880  11138  13317  26304      0      0  65535 
     0      0      0      0      0      0      0      0      0      0      0      0      0      0      0      0      0      0      0 
     0      0      0      0      0      0      0      0      0      0      0      0      0      0      0      0      0      0      0 
     0      0      0      0      0      0      0      0      0      0      0      0      0      0      0      0      0      0      0 
0 -1 -1
     0      0      0      0      0    255    178      0      1    255      1      0     17    255      0      0      6      0      0 
  3856   3985   3943   4175   4114  11219  11171   4175   4359  24372   3879   3631   4896  21498   4034   3842   9303   4683   4221 
 17236  13361     51    140   3943  11219   3985   4114   3856   4175  24372   4359   4175   4896   9303  21498   4683   4034   4221   3842   3631   3879  11171  13294  26304      0      0  65535 
     0      0      0      0      0      0      0      0      0      0      0      0      0      0      0      0      0      0      0 
     0      0      0      0      0      0      0      0      0      0      0      0      0      0      0      0      0      0      0 
     0      0      0      0      0      0      0      0      0      0      0      0      0      0      0      0      0      0      0 
0 -1 -1
     0      0      0      0      0    255    174      0      1    255      0      0     23    255      0      0      6      0      0 
  3856   3986   3948   4173   4116  11387  11001   4177   4364  25045   3862   3632   5140  21934   4032   3840   9290   4680   4221 
 17236  13361     51    140   3948  11387   3986   4116   3856   4173  25045   4364   4177   5140   9290  21934   4680   4032   4221   3840   3632   3862  11001  13294  26304      0      0  65535 
     0      0      0      0      0      0      0      0      0      0      0      0      0      0      0      0      0      0      0 
     0      0      0      0      0      0      0      0      0      0      0      0      0      0      0      0      0      0      0 
     0      0      0      0      0      0      0      0      0      0      0      0      0      0      0      0      0      0      0 
0 -1 -1
     0      0      0      0      0    255    176      0      1    255      1      0     27    255      0      0      6      0      0 
  3855   3985   3939   4173   4117  11448  11087   4175   4365  25667   3875   3631   5321  22413   4031   3838   9320   4682   4219 
 17236  13361     51    141   3939  11448   3985   4117   3855   4173  25667   4365   4175   5321   9320  22413   4682   4031   4219   3838   3631   3875  11087  13296  26304      0      0  65535 
     0      0      0      0      0      0      0      0      0      0      0      0      0      0      0      0      0      0      0 
     0      0      0      0      0      0      0      0      0      0      0      0      0      0      0      0      0      0      0 
     0      0      0      0      0      0      0      0      0      0      0      0      0      0      0      0      0      0      0 
0 -1 -1
     0      0      0      0      0    255    183      0      1    255      2      0     32    255      0      0      8      0      0 
  3853   3983   3945   4169   4116  11748  11359   4173   4367  26767   3900   3632   5524  23155   4026   3834   9384   4679   4216 
 17236  13361     51    140   3945  11748   3983   4116   3853   4169  26767   4367   4173   5524   9384  23155   4679   4026   4216   3834   3632   3900  11359  13296  26304      0      0  65535 
     0      0      0      0      0      0      0      0      0      0      0      0      0      0      0      0      0      0      0 
     0      0      0      0      0      0      0      0      0      0      0      0      0      0      0      0      0      0      0 
     0      0      0      0      0      0      0      0      0      0      0      0      0      0      0      0      0      0      0 
0 -1 -1
     0      0      0      0      0    255    183      0      1    255      2      0     37    255      0      0      8      0      0 
  3851   3982   3954   4167   4117  11986  11355   4173   4369  27497   3896   3630   5757  23507   4026   3831   9393   4677   4214 
 17236  13361     51    140   3954  11986   3982   4117   3851   4167  27497   4369   4173   5757   9393  23507   4677   4026   4214   3831   3630   3896  11355  13296  26304      0      1  65535 
     0      0      0      0      0      0      0      0      0      0      0      0      0      0      0      0      0      0      0 
     0      0      0      0      0      0      0      0      0      0      0      0      0      0      0      0      0      0      0 
     0      0      0      0      0      0      0      0      0      0      0      0      0      0      0      0      0      0      0 
0 -1 -1
     0      0      0      0      0    255    184      0      1    255      2      0     40    255      0      0     10      0      0 
  3851   3983   3942   4165   4116  11960  11434   4172   4371  28031   3916   3632   5886  24045   4024   3832   9472   4678   4212 
 17236  13361     51    140   3942  11960   3983   4116   3851   4165  28031   4371   4172   5886   9472  24045   4678   4024   4212   3832   3632   3916  11434  13296  26306      0      0  65535 
     0      0      0      0      0      0      0      0      0      0      0      0      0      0      0      0      0      0      0 
     0      0      0      0      0      0      0      0      0      0      0      0      0      0      0      0      0      0      0 
     0      0      0      0      0      0      0      0      0      0      0      0      0      0      0      0      0      0      0 
0 -1 -1
     0      0      0      0      0    255    185      0      1    255      3      0     45    255      0      0     10      0      0 
  3850   3981   3940   4165   4117  12043  11451   4172   4373  28688   3919   3632   6093  24476   4023   3831   9513   4678   4210 
 17236  13361     51    140   3940  12043   3981   4117   3850   4165  28688   4373   4172   6093   9513  24476   4678   4023   4210   3831   3632   3919  11451  13296  26305      0      0  65535 
     0      0      0      0      0      0      0      0      0      0      0      0      0      0      0      0      0      0      0 
     0      0      0      0      0      0      0      0      0      0      0      0      0      0      0      0      0      0      0 
     0      0      0      0      0      0      0      0      0      0      0      0      0      0      0      0      0      0      0 
0 -1 -1
     0      0      0      0      0    255    188      0      2    255      2      0     51    255      0      0     10      0      0 
  3849   3982   3961   4163   4121  12392  11605   4172   4375  29505   3914   3631   6309  24623   4018   3828   9489   4674   4210 
 17236  13361     51    140   3961  12392   3982   4121   3849   4163  29505   4375   4172   6309   9489  24623   4674   4018   4210   3828   3631   3914  11605  13289  26304      0      1  65535 
     0      0      0      0      0      0      0      0      0      0      0      0      0      0      0      0      0      0      0 
     0      0      0      0      0      0      0      0      0      0      0      0      0      0      0      0      0      0      0 
     0      0      0      0      0      0      0      0      0      0      0      0      0      0      0      0      0      0      0 
0 -1 -1
     0      0      1      0      0    255    202      0      2    255      5      0     51    255      0      0     10      0      0 
  3848   3981   3974   4161   4118  12716  12178   4172   4375  30402   3973   3631   6346  25052   4018   3827   9501   4673   4208 
 17236  13361     51    138   3974  12716   3981   4118   3848   4161  30402   4375   4172   6346   9501  25052   4673   4018   4208   3827   3631   3973  12178  13288  26303      0      1  65535 
     0      0      0      0      0      0      0      0      0      0      0      0      0      0      0      0      0      0      0 
     0      0      0      0      0      0      0      0      0      0      0      0      0      0      0      0      0      0      0 
     0      0      0      0      0      0      0      0      0      0      0      0      0      0      0      0      0      0      0 
0 -1 -1
     0      0      0      0      0    255    202      0      2    255      5      0     53    255      0      0     10      0      0 
  3848   3980   3962   4160   4118  12688  12208   4171   4375  30654   3982   3633   6393  25125   4019   3826   9500   4673   4210 
 17236  13361     51    138   3962  12688   3980   4118   3848   4160  30654   4375   4171   6393   9500  25125   4673   4019   4210   3826   3633   3982  12208  13289  26303      0      0  65535 
     0      0      0      0      0      0      0      0      0      0      0      0      0      0      0      0      0      0      0 
     0      0      0      0      0      0      0      0      0      0      0      0      0      0      0      0      0      0      0 
     0      0      0      0      0      0      0      0      0      0      0      0      0      0      0      0      0      0      0 
0 -1 -1
     0      0      0      0      0    255    200      0      2    255      5      0     55    255      0      0     11      0      0 
  3848   3979   3953   4161   4119  12591  12115   4172   4375  30749   3981   3633   6500  25197   4018   3824   9534   4673   4206 
 17236  13361     51    139   3953  12591   3979   4119   3848   4161  30749   4375   4172   6500   9534  25197   4673   4018   4206   3824   3633   3981  12115  13291  26305      0      0  65535 
     0      0      0      0      0      0      0      0      0      0      0      0      0      0      0      0      0      0      0 
     0      0      0      0      0      0      0      0      0      0      0      0      0      0      0      0      0      0      0 
     0      0      0      0      0      0      0      0      0      0      0      0      0      0      0      0      0      0      0 
0 -1 -1
     0      0      0      0      0    255    206      0      2    255      6      0     55    255      0      0     11      0      0 
  3847   3978   3951   4160   4119  12554  12360   4171   4375  30968   4018   3634   6487  25402   4018   3824   9534   4676   4205 
 17236  13361     51    139   3951  12554   3978   4119   3847   4160  30968   4375   4171   6487   9534  25402   4676   4018   4205   3824   3634   4018  12360  13291  26305      0      0  65535 
     0      0      0      0      0      0      0      0      0      0      0      0      0      0      0      0      0      0      0 
     0      0      0      0      0      0      0      0      0      0      0      0      0      0      0      0      0      0      0 
     0      0      0      0      0      0      0      0      0      0      0      0      0      0      0      0      0      0      0 
0 -1 -1
     0      0      0      0      0    255    215      0      1    255      8      0     53    255      0      0     11      0      0 
  3847   3978   3958   4157   4119  12647  12733   4169   4373  31458   4074   3635   6401  25780   4019   3822   9530   4676   4205 
 17236  13361     51    137   3958  12647   3978   4119   3847   4157  31458   4373   4169   6401   9530  25780   4676   4019   4205   3822   3635   4074  12733  13291  26305      0      0  65535 
     0      0      0      0      0      0      0      0      0      0      0      0      0      0      0      0      0      0      0 
     0      0      0      0      0      0      0      0      0      0      0      0      0      0      0      0      0      0      0 
     0      0      0      0      0      0      0      0      0      0      0      0      0      0      0      0      0      0      0 
0 -1 -1
     0      0      1      0      0    255    220      0      1    255     10      0     53    255      0      0     12      0      0 
  3845   3979   3965   4156   4118  12752  12986   4167   4371  31965   4113   3636   6420  26125   4018   3821   9576   4677   4202 
 17236  13361     51    137   3965  12752   3979   4118   3845   4156  31965   4371   4167   6420   9576  26125   4677   4018   4202   3821   3636   4113  12986  13290  26304      0      0  65535 
     0      0      0      0      0      0      0      0      0      0      0      0      0      0      0      0      0      0      0 
     0      0      0      0      0      0      0      0      0      0      0      0      0      0      0      0      0      0      0 
     0      0      0      0      0      0      0      0      0      0      0      0      0      0      0      0      0      0      0 
0 -1 -1
     0      0      1      0      0    255    224      0      1    255     11      0     55    255      0      0     14      0      0 
  3843   3979   3976   4156   4117  12877  13147   4165   4372  32612   4144   3637   6495  26659   4017   3818   9677   4677   4202 
 17236  13361     51    137   3976  12877   3979   4117   3843   4156  32612   4372   4165   6495   9677  26659   4677   4017   4202   3818   3637   4144  13147  13290  26304      0      0  65535 
     0      0      0      0      0      0      0      0      0      0      0      0      0      0      0      0      0      0      0 
     0      0      0      0      0      0      0      0      0      0      0      0      0      0      0      0      0      0      0 
     0      0      0      0      0      0      0      0      0      0      0      0      0      0      0      0      0      0      0 
0 -1 -1
     0      0      1      0      0    255    224      0      1    255     11      0     57    255      0      0     16      0      0 
  3844   3976   3975   4153   4119  12867  13152   4165   4373  32766   4160   3635   6566  27015   4016   3820   9753   4678   4200 
 17236  13361     51    137   3975  12867   3976   4119   3844   4153  32766   4373   4165   6566   9753  27015   4678   4016   4200   3820   3635   4160  13152  13290  26305      0      0  65535 
     0      0      0      0      0      0      0      0      0      0      0      0      0      0      0      0      0      0      0 
     0      0      0      0      0      0      0      0      0      0      0      0      0      0      0      0      0      0      0 
     0      0      0      0      0      0      0      0      0      0      0      0      0      0      0      0      0      0      0 
0 -1 -1
     0      0      0      0      0    255    220      0      2    255     12      0     60    255      0      0     16      0      0 
  3844   3976   3958   4153   4118  12764  12988   4163   4376  32766   4162   3635   6727  27498   4016   3817   9760   4677   4201 
 17236  13361     51    137   3958  12764   3976   4118   3844   4153  32766   4376   4163   6727   9760  27498   4677   4016   4201   3817   3635   4162  12988  13289  26305      0      0  65535 
     0      0      0      0      0      0      0      0      0      0      0      0      0      0      0      0      0      0      0 
     0      0      0      0      0      0      0      0      0      0      0      0      0      0      0      0      0      0      0 
     0      0      0      0      0      0      0      0      0      0      0      0      0      0      0      0      0      0      0 
0 -1 -1
     0      0      0      0      0    255    216      0      2    255     11      0     64    255      0      0     16      0      0 
  3843   3976   3938   4153   4119  12545  12784   4165   4377  32766   4158   3637   6864  27788   4018   3819   9768   4679   4200 
 17236  13361     51    137   3938  12545   3976   4119   3843   4153  32766   4377   4165   6864   9768  27788   4679   4018   4200   3819   3637   4158  12784  13288  26304      0      0  65535 
     0      0      0      0      0      0      0      0      0      0      0      0      0      0      0      0      0      0      0 
     0      0      0      0      0      0      0      0      0      0      0      0      0      0      0      0      0      0      0 
     0      0      0      0      0      0      0      0      0      0      0      0      0      0      0      0      0      0      0 
0 -1 -1
     0      0      0      0      0    255    216      0      2    255     12      0     64    255      0      0     16      0      0 
  3844   3976   3933   4152   4118  12479  12816   4165   4377  32766   4171   3636   6872  27958   4018   3819   9752   4681   4200 
 17236  13361     51    137   3933  12479   3976   4118   3844   4152  32766   4377   4165   6872   9752  27958   4681   4018   4200   3819   3636   4171  12816  13289  26304      0      0  65535 
     0      0      0      0      0      0      0      0      0      0      0      0      0      0      0      0      0      0      0 
     0      0      0      0      0      0      0      0      0      0      0      0      0      0      0      0      0      0      0 
     0      0      0      0      0      0      0      0      0      0      0      0      0      0      0      0      0      0      0 
0 -1 -1
     0      0      0      0      0    255    217      0      2    255     12      0     63    255      0      0     15      0      0 
  3845   3977   3935   4153   4120  12462  12820   4163   4377  32766   4176   3635   6843  27968   4018   3818   9703   4682   4200 
 17236  13361     51    137   3935  12462   3977   4120   3845   4153  32766   4377   4163   6843   9703  27968   4682   4018   4200   3818   3635   4176  12820  13293  26304      0      0  65535 
     0      0      0      0      0      0      0      0      0      0      0      0      0      0      0      0      0      0      0 
     0      0      0      0      0      0      0      0      0      0      0      0      0      0      0      0      0      0      0 
     0      0      0      0      0      0      0      0      0      0      0      0      0      0      0      0      0      0      0 
0 -1 -1
     0      0      0      0      0    255    214      0      2    255     12      0     64    255      0      0     15      0      0 
  3843   3977   3930   4152   4119  12367  12731   4165   4376  32766   4176   3636   6862  28095   4020   3819   9734   4682   4198 
 17236  13361     51    137   3930  12367   3977   4119   3843   4152  32766   4376   4165   6862   9734  28095   4682   4020   4198   3819   3636   4176  12731  13293  26304      0      0  65535 
     0      0      0      0      0      0      0      0      0      0      0      0      0      0      0      0      0      0      0 
     0      0      0      0      0      0      0      0      0      0      0      0      0      0      0      0      0      0      0 
     0      0      0      0      0      0      0      0      0      0      0      0      0      0      0      0      0      0      0 
0 -1 -1
     0      0      0      0      0    255    211      0      2    255     12      0     65    255      0      0     15      0      0 
  3844   3977   3919   4153   4121  12211  12569   4164   4377  32766   4169   3637   6899  28141   4020   3820   9708   4683   4200 
 17236  13361     51    138   3919  12211   3977   4121   3844   4153  32766   4377   4164   6899   9708  28141   4683   4020   4200   3820   3637   4169  12569  13291  26305      0      0  65535 
     0      0      0      0      0      0      0      0      0      0      0      0      0      0      0      0      0      0      0 
     0      0      0      0      0      0      0      0      0      0      0      0      0      0      0      0      0      0      0 
     0      0      0      0      0      0      0      0      0      0      0      0      0      0      0      0      0      0      0 
0 -1 -1
     0      0      0      0      0    255    205      0      2    255     11      0     65    255      0      0     14      0      0 
  3844   3979   3913   4155   4123  12011  12319   4166   4377  32697   4144   3636   6916  27989   4022   3820   9697   4684   4202 
 17236  13361     51    138   3913  12011   3979   4123   3844   4155  32697   4377   4166   6916   9697  27989   4684   4022   4202   3820   3636   4144  12319  13291  26304      0      1  65535 
     0      0      0      0      0      0      0      0      0      0      0      0      0      0      0      0      0      0      0 
     0      0      0      0      0      0      0      0      0      0      0      0      0      0      0      0      0      0      0 
     0      0      0      0      0      0      0      0      0      0      0      0      0      0      0      0      0      0      0 
0 -1 -1
     0      0      0      0      0    255    200      0      2    255     10      0     67    255      0      0     15      0      0 
  3844   3979   3910   4154   4122  11899  12116   4168   4379  32596   4121   3635   7006  27994   4023   3822   9699   4686   4200 
 17236  13361     51    138   3910  11899   3979   4122   3844   4154  32596   4379   4168   7006   9699  27994   4686   4023   4200   3822   3635   4121  12116  13292  26304      0      0  65535 
     0      0      0      0      0      0      0      0      0      0      0      0      0      0      0      0      0      0      0 
     0      0      0      0      0      0      0      0      0      0      0      0      0      0      0      0      0      0      0 
     0      0      0      0      0      0      0      0      0      0      0      0      0      0      0      0      0      0      0 
0 -1 -1
     0      0      0      0      0    255    200      0      2    255     10      0     68    255      0      0     16      0      0 
  3845   3979   3906   4155   4124  11848  12090   4167   4378  32705   4126   3635   7055  28215   4023   3821   9763   4687   4201 
 17236  13361     51    139   3906  11848   3979   4124   3845   4155  32705   4378   4167   7055   9763  28215   4687   4023   4201   3821   3635   4126  12090  13292  26305      0      0  65535 
     0      0      0      0      0      0      0      0      0      0      0      0      0      0      0      0      0      0      0 
     0      0      0      0      0      0      0      0      0      0      0      0      0      0      0      0      0      0      0 
     0      0      0      0      0      0      0      0      0      0      0      0      0      0      0      0      0      0      0 
0 -1 -1
     0      0      0      0      0    255    196      0      2    255      9      0     64    255      0      0     14      0      0 
  3846   3979   3908   4155   4124  11741  11941   4167   4375  32195   4106   3636   6891  27751   4027   3823   9671   4688   4203 
 17236  13361     51    139   3908  11741   3979   4124   3846   4155  32195   4375   4167   6891   9671  27751   4688   4027   4203   3823   3636   4106  11941  13291  26304      0      1  65535 
     0      0      0      0      0      0      0      0      0      0      0      0      0      0      0      0      0      0      0 
     0      0      0      0      0      0      0      0      0      0      0      0      0      0      0      0      0      0      0 
     0      0      0      0      0      0      0      0      0      0      0      0      0      0      0      0      0      0      0 
0 -1 -1
     0      0      0      0      0    255    185      0      2    255      7      0     59    255      0      0     12      0      0 
  3849   3983   3907   4160   4127  11406  11459   4171   4375  30902   4038   3637   6685  26791   4033   3828   9569   4692   4208 
 17236  13361     51    139   3907  11406   3983   4127   3849   4160  30902   4375   4171   6685   9569  26791   4692   4033   4208   3828   3637   4038  11459  13291  26304      0      0  65535 
     0      0      0      0      0      0      0      0      0      0      0      0      0      0      0      0      0      0      0 
     0      0      0      0      0      0      0      0      0      0      0      0      0      0      0      0      0      0      0 
     0      0      0      0      0      0      0      0      0      0      0      0      0      0      0      0      0      0      0 
0 -1 -1
     0      0      0      0      0    255    163      0      2    255      3      0     57    255      0      0     10      0      0 
  3852   3986   3906   4166   4134  10724  10500   4177   4377  28839   3925   3636   6594  25427   4039   3834   9510   4695   4213 
 17236  13361     51    141   3906  10724   3986   4134   3852   4166  28839   4377   4177   6594   9510  25427   4695   4039   4213   3834   3636   3925  10500  13290  26304      0      0  65535 
     0      0      0      0      0      0      0      0      0      0      0      0      0      0      0      0      0      0      0 
     0      0      0      0      0      0      0      0      0      0      0      0      0      0      0      0      0      0      0 
     0      0      0      0      0      0      0      0      0      0      0      0      0      0      0      0      0      0      0 
0 -1 -1
     0      0      0      0      0    218    136      0      2    255      0      0     51    255      0      0      9      0      0 
  3858   3993   3907   4174   4138   9702   9370   4184   4374  25825   3837   3640   6331  23219   4049   3846   9449   4697   4221 
 17236  13361     51    143   3907   9702   3993   4138   3858   4174  25825   4374   4184   6331   9449  23219   4697   4049   4221   3846   3640   3837   9370  13290  26305      0      0  65535 
     0      0      0      0      0      0      0      0      0      0      0      0      0      0      0      0      0      0      0 
     0      0      0      0      0      0      0      0      0      0      0      0      0      0      0      0      0      0      0 
     0      0      0      0      0      0      0      0      0      0      0      0      0      0      0      0      0      0      0 
0 -1 -1
     0      0      0      0      0    173     99      0      1    255      0      0     40    255      0      0      7      0      0 
  3865   3999   3912   4184   4143   8476   7739   4197   4369  21678   3811   3641   5872  19475   4063   3859   9356   4702   4234 
 17236  13361     51    145   3912   8476   3999   4143   3865   4184  21678   4369   4197   5872   9356  19475   4702   4063   4234   3859   3641   3811   7739  13292  26305      0      0  65535 
     0      0      0      0      0      0      0      0      0      0      0      0      0      0      0      0      0      0      0 
     0      0      0      0      0      0      0      0      0      0      0      0      0      0      0      0      0      0      0 
     0      0      0      0      0      0      0      0      0      0      0      0      0      0      0      0      0      0      0 
0 -1 -1
     0      0      0      0      0    147     43      0      1    255      0      0     36    255      0      0      7      0      0 
  3874   4008   3920   4198   4152   7800   5330   4210   4354  17021   3823   3643   5712  13794   4087   3876   9356   4707   4250 
 17236  13361     51    149   3920   7800   4008   4152   3874   4198  17021   4354   4210   5712   9356  13794   4707   4087   4250   3876   3643   3823   5330  13293  26305      0      0  65535 
     0      0      0      0      0      0      0      0      0      0      0      0      0      0      0      0      0      0      0 
     0      0      0      0      0      0      0      0      0      0      0      0      0      0      0      0      0      0      0 
     0      0      0      0      0      0      0      0      0      0      0      0      0      0      0      0      0      0      0 
0 -1 -1
     0      0      0      0      0     53      4      0      0    211      0      0      4     94      0      0      1      0      0 
  3885   4016   3935   4216   4156   5253   3665   4221   4340   9187   3846   3641   4355   6821   4121   3901   9069   4718   4268 
 17236  13361     51    153   3935   5253   4016   4156   3885   4216   9187   4340   4221   4355   9069   6821   4718   4121   4268   3901   3641   3846   3665  13292  26304      0      1  65535 
     0      0      0      0      0      0      0      0      0      0      0      0      0      0      0      0      0      0      0 
     0      0      0      0      0      0      0      0      0      0      0      0      0      0      0      0      0      0      0 
     0      0      0      0      0      0      0      0      0      0      0      0      0      0      0      0      0      0      0 
0 -1 -1
     0      0      0      0      0      4      0      0      0     11      0      0      0      0      0      0      0      0      0 
  3890   4016   3941   4226   4158   3957   3492   4225   4339   4535   3855   3640   4199   4572   4131   3908   9039   4720   4275 
 17236  13361     51    154   3941   3957   4016   4158   3890   4226   4535   4339   4225   4199   9039   4572   4720   4131   4275   3908   3640   3855   3492  13292  26304      1      0  65535 
     0      0      0      0      0      0      0      0      0      0      0      0      0      0      0      0      0      0      0 
     0      0      0      0      0      0      0      0      0      0      0      0      0      0      0      0      0      0      0 
     0      0      0      0      0      0      0      0      0      0      0      0      0      0      0      0      0      0      0 
0 -1 -1
     0      0      0      0      0      0      0      0      0      0      0      0      0      0      0      0      0      0      0 
  3891   4016   3940   4225   4157   3850   3490   4225   4339   4279   3856   3642   4197   4565   4130   3908   9036   4719   4276 
 17236  13361     51    154   3940   3850   4016   4157   3891   4225   4279   4339   4225   4197   9036   4565   4719   4130   4276   3908   3642   3856   3490  13292  26303      0      0  65535 
     0      0      0      0      0      0      0      0      0      0      0      0      0      0      0      0      0      0      0 
     0      0      0      0      0      0      0      0      0      0      0      0      0      0      0      0      0      0      0 
     0      0      0      0      0      0      0      0      0      0      0      0      0      0      0      0      0      0      0 
0 -1 -1
     0      0      0      0      0      0      0      0      0      0      0      0      0      0      0      0      0      0      0 
  3890   4015   3942   4226   4157   3849   3490   4224   4338   4273   3857   3640   4195   4560   4129   3909   9042   4718   4278 
 17236  13361     51    154   3942   3849   4015   4157   3890   4226   4273   4338   4224   4195   9042   4560   4718   4129   4278   3909   3640   3857   3490  13287  26303      0      0  65535 
     0      0      0      0      0      0      0      0      0      0      0      0      0      0      0      0      0      0      0 
     0      0      0      0      0      0      0      0      0      0      0      0      0      0      0      0      0      0      0 
     0      0      0      0      0      0      0      0      0      0      0      0      0      0      0      0      0      0      0 
0 -1 -1
     0      0      0      0      0      0      0      0      0      0      0      0      0      0      0      0      0      0      0 
  3889   4014   3942   4226   4157   3848   3490   4226   4338   4271   3858   3639   4196   4561   4130   3909   9046   4720   4276 
 17236  13361     51    154   3942   3848   4014   4157   3889   4226   4271   4338   4226   4196   9046   4561   4720   4130   4276   3909   3639   3858   3490  13286  26304      0      0  65535 
     0      0      0      0      0      0      0      0      0      0      0      0      0      0      0      0      0      0      0 
     0      0      0      0      0      0      0      0      0      0      0      0      0      0      0      0      0      0      0 
     0      0      0      0      0      0      0      0      0      0      0      0      0      0      0      0      0      0      0 
0 -1 -1
     0      0      0      0      0      0      0      0      0      0      0      0      0      0      0      0      0      0      0 
  3889   4016   3942   4225   4156   3847   3488   4226   4339   4272   3855   3640   4195   4560   4130   3908   9042   4718   4275 
 17236  13361     51    154   3942   3847   4016   4156   3889   4225   4272   4339   4226   4195   9042   4560   4718   4130   4275   3908   3640   3855   3488  13288  26304      0      0  65535 
     0      0      0      0      0      0      0      0      0      0      0      0      0      0      0      0      0      0      0 
     0      0      0      0      0      0      0      0      0      0      0      0      0      0      0      0      0      0      0 
     0      0      0      0      0      0      0      0      0      0      0      0      0      0      0      0      0      0      0 
0 -1 -1
     0      0      0      0      0      0      0      0      0      0      0      0      0      0      0      0      0      0      0 
  3892   4015   3940   4225   4157   3846   3488   4225   4339   4271   3855   3640   4194   4560   4130   3908   9042   4718   4275 
 17236  13361     51    154   3940   3846   4015   4157   3892   4225   4271   4339   4225   4194   9042   4560   4718   4130   4275   3908   3640   3855   3488  13289  26304      1      0  65535 
     0      0      0      0      0      0      0      0      0      0      0      0      0      0      0      0      0      0      0 
     0      0      0      0      0      0      0      0      0      0      0      0      0      0      0      0      0      0      0 
     0      0      0      0      0      0      0      0      0      0      0      0      0      0      0      0      0      0      0 
0 -1 -1
     0      0      0      0      0      0      0      0      0      0      0      0      0      0      0      0      0      0      0 
  3890   4015   3941   4225   4157   3845   3488   4223   4338   4273   3854   3641   4194   4561   4130   3909   9047   4718   4274 
 17236  13361     51    154   3941   3845   4015   4157   3890   4225   4273   4338   4223   4194   9047   4561   4718   4130   4274   3909   3641   3854   3488  13289  26305      1      0  65535 
     0      0      0      0      0      0      0      0      0      0      0      0      0      0      0      0      0      0      0 
     0      0      0      0      0      0      0      0      0      0      0      0      0      0      0      0      0      0      0 
     0      0      0      0      0      0      0      0      0      0      0      0      0      0      0      0      0      0      0 
0 -1 -1
     0      0      0      0      0      0      0      0      0      0      0      0      0      0      0      0      0      0      0 
  3891   4015   3941   4225   4158   3845   3490   4225   4336   4272   3856   3640   4191   4561   4128   3909   9045   4717   4276 
 17236  13361     51    154   3941   3845   4015   4158   3891   4225   4272   4336   4225   4191   9045   4561   4717   4128   4276   3909   3640   3856   3490  13290  26305      0      0  65535 
     0      0      0      0      0      0      0      0      0      0      0      0      0      0      0      0      0      0      0 
     0      0      0      0      0      0      0      0      0      0      0      0      0      0      0      0      0      0      0 
     0      0      0      0      0      0      0      0      0      0      0      0      0      0      0      0      0      0      0 
0 -1 -1
     0      0      0      0      0      0      0      0      0      0      0      0      0      0      0      0      0      0      0 
  3891   4015   3940   4226   4155   3845   3488   4223   4336   4274   3856   3641   4192   4560   4130   3907   9044   4719   4275 
 17236  13361     51    154   3940   3845   4015   4155   3891   4226   4274   4336   4223   4192   9044   4560   4719   4130   4275   3907   3641   3856   3488  13290  26304      0      0  65535 
     0      0      0      0      0      0      0      0      0      0      0      0      0      0      0      0      0      0      0 
     0      0      0      0      0      0      0      0      0      0      0      0      0      0      0      0      0      0      0 
     0      0      0      0      0      0      0      0      0      0      0      0      0      0      0      0      0      0      0 
0 -1 -1
     0      0      0      0      0      0      0      0      0      0      0      0      0      0      0      0      0      0      0 
  3890   4014   3942   4225   4156   3846   3488   4224   4336   4272   3855   3640   4193   4562   4130   3910   9041   4717   4276 
 17236  13361     51    154   3942   3846   4014   4156   3890   4225   4272   4336   4224   4193   9041   4562   4717   4130   4276   3910   3640   3855   3488  13289  26304      0      0  65535 
     0      0      0      0      0      0      0      0      0      0      0      0      0      0      0      0      0      0      0 
     0      0      0      0      0      0      0      0      0      0      0      0      0      0      0      0      0      0      0 
     0      0      0      0      0      0      0      0      0      0      0      0      0      0      0      0      0      0      0 
0 -1 -1
     0      0      0      0      0      0      0      0      0      0      0      0      0      0      0      0      0      0      0 
  3889   4015   3941   4224   4155   3845   3488   4225   4338   4274   3853   3640   4193   4561   4129   3908   9048   4719   4275 
 17236  13361     51    154   3941   3845   4015   4155   3889   4224   4274   4338   4225   4193   9048   4561   4719   4129   4275   3908   3640   3853   3488  13287  26304      0      0  65535 
     0      0      0      0      0      0      0      0      0      0      0      0      0      0      0      0      0      0      0 
     0      0      0      0      0      0      0      0      0      0      0      0      0      0      0      0      0      0      0 
     0      0      0      0      0      0      0      0      0      0      0      0      0      0      0      0      0      0      0 
0 -1 -1
     0      0      0      0      0      0      0      0      0      0      0      0      0      0      0      0      0      0      0 
  3890   4015   3940   4226   4155   3845   3488   4224   4337   4275   3854   3640   4193   4562   4129   3909   9038   4717   4275 
 17236  13361     51    154   3940   3845   4015   4155   3890   4226   4275   4337   4224   4193   9038   4562   4717   4129   4275   3909   3640   3854   3488  13290  26303      0      0  65535 
     0      0      0      0      0      0      0      0      0      0      0      0      0      0      0      0      0      0      0 
     0      0      0      0      0      0      0      0      0      0      0      0      0      0      0      0      0      0      0 
     0      0      0      0      0      0      0      0      0      0      0      0      0      0      0      0      0      0      0 
0 -1 -1
     0      0      0      0      0      0      0      0      0      0      0      0      0      0      0      0      0      0      0 
  3890   4015   3941   4225   4156   3844   3488   4224   4337   4274   3855   3640   4192   4562   4128   3908   9042   4717   4275 
 17236  13361     51    154   3941   3844   4015   4156   3890   4225   4274   4337   4224   4192   9042   4562   4717   4128   4275   3908   3640   3855   3488  13293  26303      0      0  65535 
     0      0      0      0      0      0      0      0      0      0      0      0      0      0      0      0      0      0      0 
     0      0      0      0      0      0      0      0      0      0      0      0      0      0      0      0      0      0      0 
     0      0      0      0      0      0      0      0      0      0      0      0      0      0      0      0      0      0      0 
0 -1 -1
     0      0      0      0      0      0      0      0      0      0      0      0      0      0      0      0      0      0      0 
  3889   4014   3941   4227   4155   3845   3487   4224   4337   4275   3854   3640   4194   4562   4129   3907   9045   4717   4276 
 17236  13361     51    154   3941   3845   4014   4155   3889   4227   4275   4337   4224   4194   9045   4562   4717   4129   4276   3907   3640   3854   3487  13295  26304      0      0  65535 
     0      0      0      0      0      0      0      0      0      0      0      0      0      0      0      0      0      0      0 
     0      0      0      0      0      0      0      0      0      0      0      0      0      0      0      0      0      0      0 
     0      0      0      0      0      0      0      0      0      0      0      0      0      0      0      0      0      0      0 
0 -1 -1
     0      0      0      0      0      0      0      0      0      0      0      0      0      0      0      0      0      0      0 
  3889   4013   3940   4223   4155   3844   3488   4223   4337   4276   3853   3641   4192   4563   4128   3909   9047   4718   4275 
 17236  13361     51    154   3940   3844   4013   4155   3889   4223   4276   4337   4223   4192   9047   4563   4718   4128   4275   3909   3641   3853   3488  13295  26305      0      0  65535 
     0      0      0      0      0      0      0      0      0      0      0      0      0      0      0      0      0      0      0 
     0      0      0      0      0      0      0      0      0      0      0      0      0      0      0      0      0      0      0 
     0      0      0      0      0      0      0      0      0      0      0      0      0      0      0      0      0      0      0 
0 -1 -1
     0      0      0      0      0      0      0      0      0      0      0      0      0      0      0      0      0      0      0 
  3888   4014   3941   4224   4155   3845   3488   4223   4337   4275   3855   3640   4192   4563   4129   3907   9042   4717   4275 
 17236  13361     51    154   3941   3845   4014   4155   3888   4224   4275   4337   4223   4192   9042   4563   4717   4129   4275   3907   3640   3855   3488  13296  26304      0      0  65535 
     0      0      0      0      0      0      0      0      0      0      0      0      0      0      0      0      0      0      0 
     0      0      0      0      0      0      0      0      0      0      0      0      0      0      0      0      0      0      0 
     0      0      0      0      0      0      0      0      0      0      0      0      0      0      0      0      0      0      0 
0 -1 -1
     0      0      0      0      0      0      0      0      0      0      0      0      0      0      0      0      0      0      0 
  3889   4014   3941   4224   4153   3845   3488   4224   4336   4277   3854   3640   4191   4563   4129   3907   9043   4717   4275 
 17236  13361     51    154   3941   3845   4014   4153   3889   4224   4277   4336   4224   4191   9043   4563   4717   4129   4275   3907   3640   3854   3488  13295  26304      0      0  65535 
     0      0      0      0      0      0      0      0      0      0      0      0      0      0      0      0      0      0      0 
     0      0      0      0      0      0      0      0      0      0      0      0      0      0      0      0      0      0      0 
     0      0      0      0      0      0      0      0      0      0      0      0      0      0      0      0      0      0      0 
0 -1 -1
     0      0      0      0      0      0      0      0      0      0      0      0      0      0      0      0      0      0      0 
  3890   4012   3941   4224   4154   3844   3487   4224   4336   4274   3855   3640   4191   4564   4126   3909   9047   4716   4274 
 17236  13361     51    154   3941   3844   4012   4154   3890   4224   4274   4336   4224   4191   9047   4564   4716   4126   4274   3909   3640   3855   3487  13295  26304      0      1  65535 
     0      0      0      0      0      0      0      0      0      0      0      0      0      0      0      0      0      0      0 
     0      0      0      0      0      0      0      0      0      0      0      0      0      0      0      0      0      0      0 
     0      0      0      0      0      0      0      0      0      0      0      0      0      0      0      0      0      0      0 
0 -1 -1
     0      0      0      0      0      0      0      0      0      0      0      0      0      0      0      0      0      0      0 
  3890   4013   3941   4223   4154   3844   3487   4224   4335   4276   3853   3640   4190   4564   4128   3908   9046   4717   4276 
 17236  13361     51    154   3941   3844   4013   4154   3890   4223   4276   4335   4224   4190   9046   4564   4717   4128   4276   3908   3640   3853   3487  13295  26304      0      0  65535 
     0      0      0      0      0      0      0      0      0      0      0      0      0      0      0      0      0      0      0 
     0      0      0      0      0      0      0      0      0      0      0      0      0      0      0      0      0      0      0 
     0      0      0      0      0      0      0      0      0      0      0      0      0      0      0      0      0      0      0 
0 -1 -1
     0      0      0      0      0      0      0      0      0      0      0      0      0      0      0      0      0      0      0 
  3891   4012   3941   4223   4152   3844   3487   4223   4335   4276   3854   3640   4192   4564   4128   3908   9049   4717   4274 
 17236  13361     51    154   3941   3844   4012   4152   3891   4223   4276   4335   4223   4192   9049   4564   4717   4128   4274   3908   3640   3854   3487  13295  26305      0      0  65535 
     0      0      0      0      0      0      0      0      0      0      0      0      0      0      0      0      0      0      0 
     0      0      0      0      0      0      0      0      0      0      0      0      0      0      0      0      0      0      0 
     0      0      0      0      0      0      0      0      0      0      0      0      0      0      0      0      0      0      0 
0 -1 -1
