     1      1      0     82    255    249     10      0      0      0    145    204      0      0      0      0      0      0      0 
  3947   4078   3932  10978  26051  15509   3922   4195   4272   4198   8818  13838   4145   4468   4044   3925   9010   4685   4246 
 17236  13361     51    153   3932  15509   4078  26051   3947  10978   4198   4272   4195   4145   9010   4468   4685   4044   4246   3925  13838   8818   3922  13289  26305      0      0  65535 
     0      0      0      0      0      0      0      0      0      0      0      0      0      0      0      0      0      0      0 
     0      0      0      0      0      0      0      0      0      0      0      0      0      0      0      0      0      0      0 
     0      0      0      0      0      0      0      0      0      0      0      0      0      0      0      0      0      0      0 
0 -1 -1
     0      1      0    111    255    165      1      0      0      0    201    198      0      0      0      0      0      0      0 
  3934   4070   3929  12611  25625  13252   3538   4199   4280   4200  10341  13629   4145   4468   4051   3932   9034   4685   4247 
 17236  13361     51    153   3929  13252   4070  25625   3934  12611   4200   4280   4199   4145   9034   4468   4685   4051   4247   3932  13629  10341   3538  13289  26305      0      0  65535 
     0      0      0      0      0      0      0      0      0      0      0      0      0      0      0      0      0      0      0 
     0      0      0      0      0      0      0      0      0      0      0      0      0      0      0      0      0      0      0 
     0      0      0      0      0      0      0      0      0      0      0      0      0      0      0      0      0      0      0 
0 -1 -1
     1      1      0    117    255    141      0      0      0      0    215    207      0      0      0      1      0      0      0 
  3937   4071   3925  12934  25424  12606   3495   4200   4282   4199  10725  13933   4144   4468   4052   3935   9036   4682   4246 
 17236  13361     51    154   3925  12606   4071  25424   3937  12934   4199   4282   4200   4144   9036   4468   4682   4052   4246   3935  13933  10725   3495  13289  26305      0      1  65535 
     0      0      0      0      0      0      0      0      0      0      0      0      0      0      0      0      0      0      0 
     0      0      0      0      0      0      0      0      0      0      0      0      0      0      0      0      0      0      0 
     0      0      0      0      0      0      0      0      0      0      0      0      0      0      0      0      0      0      0 
0 -1 -1
     0      1      0    118    255    123      0      0      0      0    233    221      0      0      0      1      0      0      0 
  3934   4065   3925  13013  24883  12101   3493   4204   4288   4201  11215  14429   4146   4470   4053   3940   9025   4683   4246 
 17236  13361     51    154   3925  12101   4065  24883   3934  13013   4201   4288   4204   4146   9025   4470   4683   4053   4246   3940  14429  11215   3493  13289  26305      1      0  65535 
     0      0      0      0      0      0      0      0      0      0      0      0      0      0      0      0      0      0      0 
     0      0      0      0      0      0      0      0      0      0      0      0      0      0      0      0      0      0      0 
     0      0      0      0      0      0      0      0      0      0      0      0      0      0      0      0      0      0      0 
0 -1 -1
     1      1      0    124    255    117      0      0      0      0    255    234      0      0      0      1      0      0      0 
  3935   4066   3922  13320  25016  11963   3490   4203   4286   4200  11925  14859   4145   4465   4053   3944   9035   4681   4244 
 17236  13361     51    154   3922  11963   4066  25016   3935  13320   4200   4286   4203   4145   9035   4465   4681   4053   4244   3944  14859  11925   3490  13290  26304      0      0  65535 
     0      0      0      0      0      0      0      0      0      0      0      0      0      0      0      0      0      0      0 
     0      0      0      0      0      0      0      0      0      0      0      0      0      0      0      0      0      0      0 
     0      0      0      0      0      0      0      0      0      0      0      0      0      0      0      0      0      0      0 
0 -1 -1
     1      0      0    181    255      0      0      0      0     11    255    201      0      0      0      1      0      0      0 
  3944   4050   3916  16519  22946   8736   3478   4214   4301   4509  15349  13752   4146   4465   4068   3952   9020   4679   4244 
 17236  13361     51    154   3916   8736   4050  22946   3944  16519   4509   4301   4214   4146   9020   4465   4679   4068   4244   3952  13752  15349   3478  13288  26303      0      0  65535 
     0      0      0      0      0      0      0      0      0      0      0      0      0      0      0      0      0      0      0 
     0      0      0      0      0      0      0      0      0      0      0      0      0      0      0      0      0      0      0 
     0      0      0      0      0      0      0      0      0      0      0      0      0      0      0      0      0      0      0 
0 -1 -1
     1      0      0    212    255      0      0      0      0     32    255    182      0      0      0      1      0      0      0 
  3950   4042   3913  18197  21993   7328   3474   4217   4304   4991  16222  13095   4143   4463   4071   3953   9025   4677   4244 
 17236  13361     51    154   3913   7328   4042  21993   3950  18197   4991   4304   4217   4143   9025   4463   4677   4071   4244   3953  13095  16222   3474  13292  26303      0      0  65535 
     0      0      0      0      0      0      0      0      0      0      0      0      0      0      0      0      0      0      0 
     0      0      0      0      0      0      0      0      0      0      0      0      0      0      0      0      0      0      0 
     0      0      0      0      0      0      0      0      0      0      0      0      0      0      0      0      0      0      0 
0 -1 -1
     1      0      0    210    255      0      0      0      0     27    255    163      0      0      0      1      0      0      0 
  3957   4046   3913  18108  22251   7436   3477   4216   4301   4873  15556  12458   4145   4466   4072   3950   9027   4680   4244 
 17236  13361     51    154   3913   7436   4046  22251   3957  18108   4873   4301   4216   4145   9027   4466   4680   4072   4244   3950  12458  15556   3477  13294  26305      0      0  65535 
     0      0      0      0      0      0      0      0      0      0      0      0      0      0      0      0      0      0      0 
     0      0      0      0      0      0      0      0      0      0      0      0      0      0      0      0      0      0      0 
     0      0      0      0      0      0      0      0      0      0      0      0      0      0      0      0      0      0      0 
0 -1 -1
     1      0      0    210    255      0      0      0      0     24    255    156      0      0      0      1      0      0      0 
  3958   4050   3915  18112  22452   7508   3475   4216   4300   4810  15226  12200   4145   4465   4072   3947   9029   4681   4245 
 17236  13361     51    154   3915   7508   4050  22452   3958  18112   4810   4300   4216   4145   9029   4465   4681   4072   4245   3947  12200  15226   3475  13295  26304      0      0  65535 
     0      0      0      0      0      0      0      0      0      0      0      0      0      0      0      0      0      0      0 
     0      0      0      0      0      0      0      0      0      0      0      0      0      0      0      0      0      0      0 
     0      0      0      0      0      0      0      0      0      0      0      0      0      0      0      0      0      0      0 
0 -1 -1
     1      0      0    215    255      0      0      0      0     27    255    157      0      0      0      1      0      0      0 
  3957   4049   3914  18389  22562   7462   3475   4216   4302   4876  15466  12255   4144   4465   4070   3947   9031   4680   4244 
 17236  13361     51    154   3914   7462   4049  22562   3957  18389   4876   4302   4216   4144   9031   4465   4680   4070   4244   3947  12255  15466   3475  13297  26304      0      0  65535 
     0      0      0      0      0      0      0      0      0      0      0      0      0      0      0      0      0      0      0 
     0      0      0      0      0      0      0      0      0      0      0      0      0      0      0      0      0      0      0 
     0      0      0      0      0      0      0      0      0      0      0      0      0      0      0      0      0      0      0 
0 -1 -1
     1      0      0    217    255      0      0      0      0     28    255    155      0      0      0      1      0      0      0 
  3955   4049   3914  18512  22593   7442   3474   4216   4304   4902  15466  12189   4144   4465   4071   3947   9026   4680   4244 
 17236  13361     51    154   3914   7442   4049  22593   3955  18512   4902   4304   4216   4144   9026   4465   4680   4071   4244   3947  12189  15466   3474  13296  26304      0      0  65535 
     0      0      0      0      0      0      0      0      0      0      0      0      0      0      0      0      0      0      0 
     0      0      0      0      0      0      0      0      0      0      0      0      0      0      0      0      0      0      0 
     0      0      0      0      0      0      0      0      0      0      0      0      0      0      0      0      0      0      0 
0 -1 -1
     1      0      0    214    255      0      0      0      0     25    255    148      0      0      0      1      0      0      0 
  3957   4050   3916  18345  22530   7460   3476   4218   4304   4838  15101  11942   4145   4466   4071   3947   9028   4682   4245 
 17236  13361     51    154   3916   7460   4050  22530   3957  18345   4838   4304   4218   4145   9028   4466   4682   4071   4245   3947  11942  15101   3476  13296  26304      0      1  65535 
     0      0      0      0      0      0      0      0      0      0      0      0      0      0      0      0      0      0      0 
     0      0      0      0      0      0      0      0      0      0      0      0      0      0      0      0      0      0      0 
     0      0      0      0      0      0      0      0      0      0      0      0      0      0      0      0      0      0      0 
0 -1 -1
     1      1      0    196    255      0      0      0      0     13    255    145      0      0      0      1      0      0      0 
  3958   4058   3916  17349  22865   7949   3478   4216   4298   4559  13606  11826   4146   4469   4069   3941   9028   4682   4246 
 17236  13361     51    154   3916   7949   4058  22865   3958  17349   4559   4298   4216   4146   9028   4469   4682   4069   4246   3941  11826  13606   3478  13296  26305      1      0  65535 
     0      0      0      0      0      0      0      0      0      0      0      0      0      0      0      0      0      0      0 
     0      0      0      0      0      0      0      0      0      0      0      0      0      0      0      0      0      0      0 
     0      0      0      0      0      0      0      0      0      0      0      0      0      0      0      0      0      0      0 
0 -1 -1
     1      1      0    156    255     18      0      0      0      0    255    130      0      0      0      1      0      0      0 
  3953   4066   3923  15129  23257   9293   3482   4213   4295   4234  11861  11321   4149   4476   4071   3934   9026   4685   4249 
 17236  13361     51    154   3923   9293   4066  23257   3953  15129   4234   4295   4213   4149   9026   4476   4685   4071   4249   3934  11321  11861   3482  13296  26305      0      0  65535 
     0      0      0      0      0      0      0      0      0      0      0      0      0      0      0      0      0      0      0 
     0      0      0      0      0      0      0      0      0      0      0      0      0      0      0      0      0      0      0 
     0      0      0      0      0      0      0      0      0      0      0      0      0      0      0      0      0      0      0 
0 -1 -1
     1      1      0    146    255      0      0      0      0      0    226     94      0      0      0      0      0      0      0 
  3947   4061   3927  14547  21561   8561   3484   4216   4300   4227  11021  10098   4155   4485   4078   3931   9030   4690   4254 
 17236  13361     51    154   3927   8561   4061  21561   3947  14547   4227   4300   4216   4155   9030   4485   4690   4078   4254   3931  10098  11021   3484  13297  26304      0      0  65535 
     0      0      0      0      0      0      0      0      0      0      0      0      0      0      0      0      0      0      0 
     0      0      0      0      0      0      0      0      0      0      0      0      0      0      0      0      0      0      0 
     0      0      0      0      0      0      0      0      0      0      0      0      0      0      0      0      0      0      0 
0 -1 -1
     0      0      0    132    148      0      0      0      0     13    212      0      0      0      0      0      0      0      0 
  3929   4040   3928  13783  15381   5754   3479   4229   4323   4553  10650   6887   4167   4511   4103   3927   9029   4698   4260 
 17236  13361     51    154   3928   5754   4040  15381   3929  13783   4553   4323   4229   4167   9029   4511   4698   4103   4260   3927   6887  10650   3479  13296  26304      0      0  65535 
     0      0      0      0      0      0      0      0      0      0      0      0      0      0      0      0      0      0      0 
     0      0      0      0      0      0      0      0      0      0      0      0      0      0      0      0      0      0      0 
     0      0      0      0      0      0      0      0      0      0      0      0      0      0      0      0      0      0      0 
0 -1 -1
     0      0      0     10      0      0      0      0      1      1     18      0      0      1      1      0      0      0      0 
  3901   4025   3939   6982   5951   3853   3487   4235   4336   4270   5376   3724   4189   4555   4128   3913   9040   4714   4273 
 17236  13361     51    154   3939   3853   4025   5951   3901   6982   4270   4336   4235   4189   9040   4555   4714   4128   4273   3913   3724   5376   3487  13296  26304      0      1  65535 
     0      0      0      0      0      0      0      0      0      0      0      0      0      0      0      0      0      0      0 
     0      0      0      0      0      0      0      0      0      0      0      0      0      0      0      0      0      0      0 
     0      0      0      0      0      0      0      0      0      0      0      0      0      0      0      0      0      0      0 
0 -1 -1
     0      0      0      0      0      0      0      0      1      1      0      0      0      1      1      0      0      0      0 
  3895   4019   3943   4259   4176   3851   3491   4232   4338   4277   3876   3653   4192   4566   4129   3908   9038   4717   4276 
 17236  13361     51    154   3943   3851   4019   4176   3895   4259   4277   4338   4232   4192   9038   4566   4717   4129   4276   3908   3653   3876   3491  13296  26304      0      0  65535 
     0      0      0      0      0      0      0      0      0      0      0      0      0      0      0      0      0      0      0 
     0      0      0      0      0      0      0      0      0      0      0      0      0      0      0      0      0      0      0 
     0      0      0      0      0      0      0      0      0      0      0      0      0      0      0      0      0      0      0 
0 -1 -1
     0      0      0      0      0      0      0      0      1      1      0      0      0      1      1      0      0      0      0 
  3896   4018   3942   4246   4167   3850   3490   4231   4338   4278   3866   3648   4194   4566   4127   3909   9041   4718   4274 
 17236  13361     51    154   3942   3850   4018   4167   3896   4246   4278   4338   4231   4194   9041   4566   4718   4127   4274   3909   3648   3866   3490  13295  26306      0      0  65535 
     0      0      0      0      0      0      0      0      0      0      0      0      0      0      0      0      0      0      0 
     0      0      0      0      0      0      0      0      0      0      0      0      0      0      0      0      0      0      0 
     0      0      0      0      0      0      0      0      0      0      0      0      0      0      0      0      0      0      0 
0 -1 -1
     0      0      0      0      0      0      0      0      1      1      0      0      0      1      1      0      0      0      0 
  3895   4020   3944   4241   4162   3847   3492   4230   4338   4279   3863   3648   4191   4565   4126   3910   9037   4718   4274 
 17236  13361     51    154   3944   3847   4020   4162   3895   4241   4279   4338   4230   4191   9037   4565   4718   4126   4274   3910   3648   3863   3492  13297  26305      0      0  65535 
     0      0      0      0      0      0      0      0      0      0      0      0      0      0      0      0      0      0      0 
     0      0      0      0      0      0      0      0      0      0      0      0      0      0      0      0      0      0      0 
     0      0      0      0      0      0      0      0      0      0      0      0      0      0      0      0      0      0      0 
0 -1 -1
     0      0      0      0      0      0      0      0      1      1      0      0      0      1      1      0      0      0      0 
  3894   4019   3945   4238   4159   3846   3491   4231   4338   4276   3860   3647   4193   4566   4128   3908   9038   4716   4275 
 17236  13361     51    154   3945   3846   4019   4159   3894   4238   4276   4338   4231   4193   9038   4566   4716   4128   4275   3908   3647   3860   3491  13296  26305      0      0  65535 
     0      0      0      0      0      0      0      0      0      0      0      0      0      0      0      0      0      0      0 
     0      0      0      0      0      0      0      0      0      0      0      0      0      0      0      0      0      0      0 
     0      0      0      0      0      0      0      0      0      0      0      0      0      0      0      0      0      0      0 
0 -1 -1
     0      0      0      0      0      0      0      0      1      1      0      0      0      1      1      0      0      0      0 
  3895   4020   3942   4236   4158   3847   3489   4230   4337   4276   3859   3645   4193   4564   4127   3908   9040   4717   4275 
 17236  13361     51    154   3942   3847   4020   4158   3895   4236   4276   4337   4230   4193   9040   4564   4717   4127   4275   3908   3645   3859   3489  13296  26305      0      0  65535 
     0      0      0      0      0      0      0      0      0      0      0      0      0      0      0      0      0      0      0 
     0      0      0      0      0      0      0      0      0      0      0      0      0      0      0      0      0      0      0 
     0      0      0      0      0      0      0      0      0      0      0      0      0      0      0      0      0      0      0 
0 -1 -1
     0      0      0      0      0      0      0      0      1      1      0      0      0      1      1      0      0      0      0 
  3895   4021   3944   4237   4158   3847   3490   4230   4339   4279   3857   3645   4194   4565   4126   3907   9040   4716   4275 
 17236  13361     51    154   3944   3847   4021   4158   3895   4237   4279   4339   4230   4194   9040   4565   4716   4126   4275   3907   3645   3857   3490  13296  26305      0      0  65535 
     0      0      0      0      0      0      0      0      0      0      0      0      0      0      0      0      0      0      0 
     0      0      0      0      0      0      0      0      0      0      0      0      0      0      0      0      0      0      0 
     0      0      0      0      0      0      0      0      0      0      0      0      0      0      0      0      0      0      0 
0 -1 -1
     0      0      0      0      0      0      0      0      1      1      0      0      0      1      1      0      0      0      0 
  3894   4018   3943   4235   4158   3846   3490   4231   4338   4277   3857   3644   4192   4564   4127   3909   9040   4718   4276 
 17236  13361     51    154   3943   3846   4018   4158   3894   4235   4277   4338   4231   4192   9040   4564   4718   4127   4276   3909   3644   3857   3490  13295  26305      0      0  65535 
     0      0      0      0      0      0      0      0      0      0      0      0      0      0      0      0      0      0      0 
     0      0      0      0      0      0      0      0      0      0      0      0      0      0      0      0      0      0      0 
     0      0      0      0      0      0      0      0      0      0      0      0      0      0      0      0      0      0      0 
0 -1 -1
     0      0      0      0      0      0      0      0      1      1      0      0      0      1      1      0      0      0      0 
  3894   4019   3944   4235   4157   3844   3490   4231   4337   4277   3855   3643   4193   4567   4126   3909   9037   4717   4275 
 17236  13361     51    154   3944   3844   4019   4157   3894   4235   4277   4337   4231   4193   9037   4567   4717   4126   4275   3909   3643   3855   3490  13289  26304      0      0  65535 
     0      0      0      0      0      0      0      0      0      0      0      0      0      0      0      0      0      0      0 
     0      0      0      0      0      0      0      0      0      0      0      0      0      0      0      0      0      0      0 
     0      0      0      0      0      0      0      0      0      0      0      0      0      0      0      0      0      0      0 
0 -1 -1
     0      0      0      0      0      0      0      0      1      1      0      0      0      1      1      0      0      0      0 
  3895   4018   3942   4234   4157   3845   3490   4230   4338   4276   3856   3643   4193   4565   4126   3906   9039   4717   4274 
 17236  13361     51    154   3942   3845   4018   4157   3895   4234   4276   4338   4230   4193   9039   4565   4717   4126   4274   3906   3643   3856   3490  13287  26304      0      0  65535 
     0      0      0      0      0      0      0      0      0      0      0      0      0      0      0      0      0      0      0 
     0      0      0      0      0      0      0      0      0      0      0      0      0      0      0      0      0      0      0 
     0      0      0      0      0      0      0      0      0      0      0      0      0      0      0      0      0      0      0 
0 -1 -1
     0      0      0      0      0      0      0      0      1      1      0      0      0      1      1      0      0      0      0 
  3894   4017   3943   4233   4157   3846   3491   4230   4338   4275   3857   3643   4192   4564   4127   3909   9045   4717   4275 
 17236  13361     51    154   3943   3846   4017   4157   3894   4233   4275   4338   4230   4192   9045   4564   4717   4127   4275   3909   3643   3857   3491  13286  26305      0      0  65535 
     0      0      0      0      0      0      0      0      0      0      0      0      0      0      0      0      0      0      0 
     0      0      0      0      0      0      0      0      0      0      0      0      0      0      0      0      0      0      0 
     0      0      0      0      0      0      0      0      0      0      0      0      0      0      0      0      0      0      0 
0 -1 -1
     0      0      0      0      0      0      0      0      1      1      0      0      0      1      1      0      0      0      0 
  3896   4017   3943   4234   4159   3845   3491   4230   4338   4276   3857   3643   4192   4566   4126   3908   9039   4718   4274 
 17236  13361     51    154   3943   3845   4017   4159   3896   4234   4276   4338   4230   4192   9039   4566   4718   4126   4274   3908   3643   3857   3491  13288  26305      0      0  65535 
     0      0      0      0      0      0      0      0      0      0      0      0      0      0      0      0      0      0      0 
     0      0      0      0      0      0      0      0      0      0      0      0      0      0      0      0      0      0      0 
     0      0      0      0      0      0      0      0      0      0      0      0      0      0      0      0      0      0      0 
0 -1 -1
     0      0      0      0      0      0      0      0      1      1      0      0      0      1      1      0      0      0      0 
  3893   4018   3942   4233   4157   3846   3488   4230   4338   4276   3856   3642   4192   4565   4125   3909   9040   4717   4275 
 17236  13361     51    154   3942   3846   4018   4157   3893   4233   4276   4338   4230   4192   9040   4565   4717   4125   4275   3909   3642   3856   3488  13287  26305      0      0  65535 
     0      0      0      0      0      0      0      0      0      0      0      0      0      0      0      0      0      0      0 
     0      0      0      0      0      0      0      0      0      0      0      0      0      0      0      0      0      0      0 
     0      0      0      0      0      0      0      0      0      0      0      0      0      0      0      0      0      0      0 
0 -1 -1
     0      0      0      0      0      0      0      0      1      1      0      0      0      1      1      0      0      0      0 
  3893   4018   3942   4232   4157   3846   3488   4230   4339   4275   3854   3644   4192   4564   4127   3907   9035   4716   4275 
 17236  13361     51    154   3942   3846   4018   4157   3893   4232   4275   4339   4230   4192   9035   4564   4716   4127   4275   3907   3644   3854   3488  13287  26305      0      0  65535 
     0      0      0      0      0      0      0      0      0      0      0      0      0      0      0      0      0      0      0 
     0      0      0      0      0      0      0      0      0      0      0      0      0      0      0      0      0      0      0 
     0      0      0      0      0      0      0      0      0      0      0      0      0      0      0      0      0      0      0 
0 -1 -1
     0      0      0      0      0      0      0      0      1      1      0      0      0      1      1      0      0      0      0 
  3893   4018   3941   4233   4159   3845   3489   4230   4338   4275   3855   3644   4193   4564   4126   3908   9041   4718   4274 
 17236  13361     51    154   3941   3845   4018   4159   3893   4233   4275   4338   4230   4193   9041   4564   4718   4126   4274   3908   3644   3855   3489  13288  26305      0      0  65535 
     0      0      0      0      0      0      0      0      0      0      0      0      0      0      0      0      0      0      0 
     0      0      0      0      0      0      0      0      0      0      0      0      0      0      0      0      0      0      0 
     0      0      0      0      0      0      0      0      0      0      0      0      0      0      0      0      0      0      0 
0 -1 -1
     0      0      0      0      0      0      0      0      1      1      0      0      0      1      1      0      0      0      0 
  3893   4018   3942   4233   4157   3845   3491   4229   4338   4275   3856   3641   4192   4563   4126   3908   9039   4716   4276 
 17236  13361     51    154   3942   3845   4018   4157   3893   4233   4275   4338   4229   4192   9039   4563   4716   4126   4276   3908   3641   3856   3491  13288  26304      0      0  65535 
     0      0      0      0      0      0      0      0      0      0      0      0      0      0      0      0      0      0      0 
     0      0      0      0      0      0      0      0      0      0      0      0      0      0      0      0      0      0      0 
     0      0      0      0      0      0      0      0      0      0      0      0      0      0      0      0      0      0      0 
0 -1 -1
     0      0      0      0      0      0      0      0      1      1      0      0      0      1      1      0      0      0      0 
  3894   4018   3943   4231   4158   3845   3488   4230   4337   4276   3855   3643   4193   4563   4126   3908   9042   4717   4274 
 17236  13361     51    154   3943   3845   4018   4158   3894   4231   4276   4337   4230   4193   9042   4563   4717   4126   4274   3908   3643   3855   3488  13286  26304      0      0  65535 
     0      0      0      0      0      0      0      0      0      0      0      0      0      0      0      0      0      0      0 
     0      0      0      0      0      0      0      0      0      0      0      0      0      0      0      0      0      0      0 
     0      0      0      0      0      0      0      0      0      0      0      0      0      0      0      0      0      0      0 
0 -1 -1
     0      0      0      0      0      0      0      0      1      1      0      0      0      1      1      0      0      0      0 
  3895   4019   3942   4232   4158   3845   3490   4230   4336   4276   3855   3643   4193   4565   4126   3907   9040   4717   4275 
 17236  13361     51    154   3942   3845   4019   4158   3895   4232   4276   4336   4230   4193   9040   4565   4717   4126   4275   3907   3643   3855   3490  13288  26304      0      1  65535 
     0      0      0      0      0      0      0      0      0      0      0      0      0      0      0      0      0      0      0 
     0      0      0      0      0      0      0      0      0      0      0      0      0      0      0      0      0      0      0 
     0      0      0      0      0      0      0      0      0      0      0      0      0      0      0      0      0      0      0 
0 -1 -1
     0      0      0      0      0      0      0      0      1      1      0      0      0      1      1      0      0      0      0 
  3894   4018   3943   4233   4157   3844   3491   4230   4336   4277   3855   3640   4193   4566   4127   3908   9042   4717   4274 
 17236  13361     51    154   3943   3844   4018   4157   3894   4233   4277   4336   4230   4193   9042   4566   4717   4127   4274   3908   3640   3855   3491  13288  26304      0      1  65535 
     0      0      0      0      0      0      0      0      0      0      0      0      0      0      0      0      0      0      0 
     0      0      0      0      0      0      0      0      0      0      0      0      0      0      0      0      0      0      0 
     0      0      0      0      0      0      0      0      0      0      0      0      0      0      0      0      0      0      0 
0 -1 -1
     0      0      0      0      0      0      0      0      1      1      0      0      0      1      1      0      0      0      0 
  3892   4018   3942   4233   4157   3844   3488   4230   4338   4275   3855   3643   4192   4565   4126   3908   9039   4716   4276 
 17236  13361     51    154   3942   3844   4018   4157   3892   4233   4275   4338   4230   4192   9039   4565   4716   4126   4276   3908   3643   3855   3488  13289  26305      0      0  65535 
     0      0      0      0      0      0      0      0      0      0      0      0      0      0      0      0      0      0      0 
     0      0      0      0      0      0      0      0      0      0      0      0      0      0      0      0      0      0      0 
     0      0      0      0      0      0      0      0      0      0      0      0      0      0      0      0      0      0      0 
0 -1 -1
