     0      0     72      0      0    255      2      0     63    255      3      0    255     38      0      0     71      0      0 
  3565   3714   8381   3835   3749  26812   3324   3976   5690  32124   3657   3320  21986  15852   3816   3556  13590   4385   3940 
 17236  13361     51    153   8381  26812   3714   3749   3565   3835  32124   5690   3976  21986  13590  15852   4385   3816   3940   3556   3320   3657   3324  13279  26304      0      0  65535 
     0      0      0      0      0      0      0      0      0      0      0      0      0      0      0      0      0      0      0 
     0      0      0      0      0      0      0      0      0      0      0      0      0      0      0      0      0      0      0 
     0      0      0      0      0      0      0      0      0      0      0      0      0      0      0      0      0      0      0 
0 -1 -1
     0      0     70      0      0    255      2      0     62    255      3      0    255     36      0      0     70      0      0 
  3565   3715   8309   3836   3749  26850   3330   3979   5673  32163   3661   3319  21840  15800   3819   3556  13546   4384   3941 
 17236  13361     51    153   8309  26850   3715   3749   3565   3836  32163   5673   3979  21840  13546  15800   4384   3819   3941   3556   3319   3661   3330  13279  26303      0      0  65535 
     0      0      0      0      0      0      0      0      0      0      0      0      0      0      0      0      0      0      0 
     0      0      0      0      0      0      0      0      0      0      0      0      0      0      0      0      0      0      0 
     0      0      0      0      0      0      0      0      0      0      0      0      0      0      0      0      0      0      0 
0 -1 -1
     0      0     70      0      0    255      2      0     61    255      3      0    255     36      0      0     69      0      0 
  3566   3715   8292   3833   3748  27101   3354   3977   5651  32436   3665   3318  21666  15803   3822   3555  13492   4385   3941 
 17236  13361     51    153   8292  27101   3715   3748   3566   3833  32436   5651   3977  21666  13492  15803   4385   3822   3941   3555   3318   3665   3354  13280  26303      0      0  65535 
     0      0      0      0      0      0      0      0      0      0      0      0      0      0      0      0      0      0      0 
     0      0      0      0      0      0      0      0      0      0      0      0      0      0      0      0      0      0      0 
     0      0      0      0      0      0      0      0      0      0      0      0      0      0      0      0      0      0      0 
0 -1 -1
     0      0     72      0      0    255      3      0     62    255      3      0    255     31      0      0     68      0      0 
  3564   3715   8377   3834   3748  27504   3368   3978   5656  32574   3666   3318  21469  15677   3820   3554  13441   4384   3941 
 17236  13361     51    153   8377  27504   3715   3748   3564   3834  32574   5656   3978  21469  13441  15677   4384   3820   3941   3554   3318   3666   3368  13280  26304      0      1  65535 
     0      0      0      0      0      0      0      0      0      0      0      0      0      0      0      0      0      0      0 
     0      0      0      0      0      0      0      0      0      0      0      0      0      0      0      0      0      0      0 
     0      0      0      0      0      0      0      0      0      0      0      0      0      0      0      0      0      0      0 
0 -1 -1
     0      0     72      0      0    255      2      0     59    255      3      0    253     15      0      0     63      0      0 
  3565   3720   8385   3836   3754  27385   3351   3978   5584  32001   3663   3318  20746  15295   3823   3555  13210   4387   3942 
 17236  13361     51    153   8385  27385   3720   3754   3565   3836  32001   5584   3978  20746  13210  15295   4387   3823   3942   3555   3318   3663   3351  13281  26305      0      0  65535 
     0      0      0      0      0      0      0      0      0      0      0      0      0      0      0      0      0      0      0 
     0      0      0      0      0      0      0      0      0      0      0      0      0      0      0      0      0      0      0 
     0      0      0      0      0      0      0      0      0      0      0      0      0      0      0      0      0      0      0 
0 -1 -1
     0      0     66      0      0    255      1      0     47    255      3      0    197      0      0      0     48      0      0 
  3571   3728   8109   3847   3772  25591   3295   3979   5269  29091   3655   3329  18398  13997   3835   3568  12530   4398   3950 
 17236  13361     51    153   8109  25591   3728   3772   3571   3847  29091   5269   3979  18398  12530  13997   4398   3835   3950   3568   3329   3655   3295  13285  26305      0      0  65535 
     0      0      0      0      0      0      0      0      0      0      0      0      0      0      0      0      0      0      0 
     0      0      0      0      0      0      0      0      0      0      0      0      0      0      0      0      0      0      0 
     0      0      0      0      0      0      0      0      0      0      0      0      0      0      0      0      0      0      0 
0 -1 -1
     0      0     40      0      0    255      0      0     17     98      2      0     74      0      1      0     17      0      0 
  3589   3741   6907   3866   3802  20041   3269   3978   4482  22081   3630   3348  13243  11010   3852   3594  11145   4417   3970 
 17236  13361     51    153   6907  20041   3741   3802   3589   3866  22081   4482   3978  13243  11145  11010   4417   3852   3970   3594   3348   3630   3269  13290  26305      0      0  65535 
     0      0      0      0      0      0      0      0      0      0      0      0      0      0      0      0      0      0      0 
     0      0      0      0      0      0      0      0      0      0      0      0      0      0      0      0      0      0      0 
     0      0      0      0      0      0      0      0      0      0      0      0      0      0      0      0      0      0      0 
0 -1 -1
     0      0      2      0      0      0      0      0      1      0      1      0      0      0      1      0      0      0      0 
  3606   3749   5108   3887   3840  12641   3252   3978   4050  13205   3604   3369   8388   7053   3860   3622   9980   4432   3989 
 17236  13361     51    153   5108  12641   3749   3840   3606   3887  13205   4050   3978   8388   9980   7053   4432   3860   3989   3622   3369   3604   3252  13287  26305      0      0  65535 
     0      0      0      0      0      0      0      0      0      0      0      0      0      0      0      0      0      0      0 
     0      0      0      0      0      0      0      0      0      0      0      0      0      0      0      0      0      0      0 
     0      0      0      0      0      0      0      0      0      0      0      0      0      0      0      0      0      0      0 
0 -1 -1
     0      0      0      0      1      0      0      0      0      0      1      1      0      0      1      1      0      0      0 
  3616   3760   4290   3899   3861   7667   3247   3972   4015   6935   3591   3381   6848   4581   3863   3637   9628   4436   4002 
 17236  13361     51    153   4290   7667   3760   3861   3616   3899   6935   4015   3972   6848   9628   4581   4436   3863   4002   3637   3381   3591   3247  13286  26305      0      0  65535 
     0      0      0      0      0      0      0      0      0      0      0      0      0      0      0      0      0      0      0 
     0      0      0      0      0      0      0      0      0      0      0      0      0      0      0      0      0      0      0 
     0      0      0      0      0      0      0      0      0      0      0      0      0      0      0      0      0      0      0 
0 -1 -1
     0      0      0      1      2      0      0      0      0      0      0      1      0      0      1      1      0      0      0 
  3621   3758   3714   3905   3881   4321   3247   3957   4031   4233   3579   3389   4025   4292   3862   3643   9018   4437   4007 
 17236  13361     51    153   3714   4321   3758   3881   3621   3905   4233   4031   3957   4025   9018   4292   4437   3862   4007   3643   3389   3579   3247  13286  26305      0      0  65535 
     0      0      0      0      0      0      0      0      0      0      0      0      0      0      0      0      0      0      0 
     0      0      0      0      0      0      0      0      0      0      0      0      0      0      0      0      0      0      0 
     0      0      0      0      0      0      0      0      0      0      0      0      0      0      0      0      0      0      0 
0 -1 -1
     0      0      0      1      2      0      0      0      0      0      0      1      0      0      1      1      0      0      0 
  3623   3759   3700   3907   3881   3584   3247   3954   4034   3991   3576   3389   3899   4292   3861   3644   8989   4437   4004 
 17236  13361     51    153   3700   3584   3759   3881   3623   3907   3991   4034   3954   3899   8989   4292   4437   3861   4004   3644   3389   3576   3247  13286  26305      0      0  65535 
     0      0      0      0      0      0      0      0      0      0      0      0      0      0      0      0      0      0      0 
     0      0      0      0      0      0      0      0      0      0      0      0      0      0      0      0      0      0      0 
     0      0      0      0      0      0      0      0      0      0      0      0      0      0      0      0      0      0      0 
0 -1 -1
     0      0      0      1      2      0      0      0      0      0      0      1      0      0      1      1      0      0      0 
  3623   3758   3698   3905   3881   3577   3247   3954   4033   3989   3576   3388   3895   4291   3859   3645   8977   4436   4006 
 17236  13361     51    153   3698   3577   3758   3881   3623   3905   3989   4033   3954   3895   8977   4291   4436   3859   4006   3645   3388   3576   3247  13287  26304      0      1  65535 
     0      0      0      0      0      0      0      0      0      0      0      0      0      0      0      0      0      0      0 
     0      0      0      0      0      0      0      0      0      0      0      0      0      0      0      0      0      0      0 
     0      0      0      0      0      0      0      0      0      0      0      0      0      0      0      0      0      0      0 
0 -1 -1
     0      0      0      1      2      0      0      0      0      0      0      1      0      0      1      1      0      0      0 
  3623   3759   3698   3905   3880   3577   3246   3954   4032   3988   3576   3388   3894   4289   3860   3644   8978   4438   4007 
 17236  13361     51    153   3698   3577   3759   3880   3623   3905   3988   4032   3954   3894   8978   4289   4438   3860   4007   3644   3388   3576   3246  13287  26304      0      1  65535 
     0      0      0      0      0      0      0      0      0      0      0      0      0      0      0      0      0      0      0 
     0      0      0      0      0      0      0      0      0      0      0      0      0      0      0      0      0      0      0 
     0      0      0      0      0      0      0      0      0      0      0      0      0      0      0      0      0      0      0 
0 -1 -1
     0      0      0      1      2      0      0      0      0      0      0      1      0      0      1      1      0      0      0 
  3621   3757   3697   3905   3881   3574   3245   3953   4031   3985   3576   3388   3893   4289   3860   3644   8985   4434   4006 
 17236  13361     51    153   3697   3574   3757   3881   3621   3905   3985   4031   3953   3893   8985   4289   4434   3860   4006   3644   3388   3576   3245  13287  26305      0      1  65535 
     0      0      0      0      0      0      0      0      0      0      0      0      0      0      0      0      0      0      0 
     0      0      0      0      0      0      0      0      0      0      0      0      0      0      0      0      0      0      0 
     0      0      0      0      0      0      0      0      0      0      0      0      0      0      0      0      0      0      0 
0 -1 -1
     0      0      0      1      2      0      0      0      0      0      0      1      0      0      1      1      0      0      0 
  3623   3758   3696   3905   3882   3575   3245   3954   4032   3987   3576   3389   3894   4288   3860   3643   8974   4434   4005 
 17236  13361     51    153   3696   3575   3758   3882   3623   3905   3987   4032   3954   3894   8974   4288   4434   3860   4005   3643   3389   3576   3245  13287  26304      0      0  65535 
     0      0      0      0      0      0      0      0      0      0      0      0      0      0      0      0      0      0      0 
     0      0      0      0      0      0      0      0      0      0      0      0      0      0      0      0      0      0      0 
     0      0      0      0      0      0      0      0      0      0      0      0      0      0      0      0      0      0      0 
0 -1 -1
     0      0      0      1      2      0      0      0      0      0      0      1      0      0      1      1      0      0      0 
  3622   3758   3697   3906   3879   3575   3245   3954   4031   3986   3575   3388   3895   4289   3859   3644   8984   4435   4006 
 17236  13361     51    153   3697   3575   3758   3879   3622   3906   3986   4031   3954   3895   8984   4289   4435   3859   4006   3644   3388   3575   3245  13286  26304      0      0  65535 
     0      0      0      0      0      0      0      0      0      0      0      0      0      0      0      0      0      0      0 
     0      0      0      0      0      0      0      0      0      0      0      0      0      0      0      0      0      0      0 
     0      0      0      0      0      0      0      0      0      0      0      0      0      0      0      0      0      0      0 
0 -1 -1
     0      0      0      1      2      0      0      0      0      0      0      1      0      0      1      1      0      0      0 
  3623   3757   3696   3904   3881   3575   3244   3953   4029   3988   3576   3388   3892   4289   3858   3643   8978   4436   4006 
 17236  13361     51    153   3696   3575   3757   3881   3623   3904   3988   4029   3953   3892   8978   4289   4436   3858   4006   3643   3388   3576   3244  13286  26304      0      0  65535 
     0      0      0      0      0      0      0      0      0      0      0      0      0      0      0      0      0      0      0 
     0      0      0      0      0      0      0      0      0      0      0      0      0      0      0      0      0      0      0 
     0      0      0      0      0      0      0      0      0      0      0      0      0      0      0      0      0      0      0 
0 -1 -1
     0      0      0      1      2      0      0      0      0      0      0      1      0      0      1      1      0      0      0 
  3622   3756   3696   3904   3882   3574   3246   3955   4030   3987   3576   3388   3892   4288   3858   3643   8982   4435   4004 
 17236  13361     51    153   3696   3574   3756   3882   3622   3904   3987   4030   3955   3892   8982   4288   4435   3858   4004   3643   3388   3576   3246  13287  26304      0      0  65535 
     0      0      0      0      0      0      0      0      0      0      0      0      0      0      0      0      0      0      0 
     0      0      0      0      0      0      0      0      0      0      0      0      0      0      0      0      0      0      0 
     0      0      0      0      0      0      0      0      0      0      0      0      0      0      0      0      0      0      0 
0 -1 -1
     0      0      0      0      2      0      0      0      0      0      0      1      0      0      1      1      0      0      0 
  3621   3756   3696   3903   3881   3576   3243   3951   4030   3988   3575   3386   3893   4287   3857   3643   8991   4435   4004 
 17236  13361     51    153   3696   3576   3756   3881   3621   3903   3988   4030   3951   3893   8991   4287   4435   3857   4004   3643   3386   3575   3243  13287  26304      0      0  65535 
     0      0      0      0      0      0      0      0      0      0      0      0      0      0      0      0      0      0      0 
     0      0      0      0      0      0      0      0      0      0      0      0      0      0      0      0      0      0      0 
     0      0      0      0      0      0      0      0      0      0      0      0      0      0      0      0      0      0      0 
0 -1 -1
     0      0      0      1      2      0      0      0      0      0      0      1      0      0      1      1      0      0      0 
  3622   3757   3696   3904   3879   3576   3245   3952   4029   3989   3576   3388   3893   4287   3859   3643   8980   4433   4005 
 17236  13361     51    153   3696   3576   3757   3879   3622   3904   3989   4029   3952   3893   8980   4287   4433   3859   4005   3643   3388   3576   3245  13287  26303      0      0  65535 
     0      0      0      0      0      0      0      0      0      0      0      0      0      0      0      0      0      0      0 
     0      0      0      0      0      0      0      0      0      0      0      0      0      0      0      0      0      0      0 
     0      0      0      0      0      0      0      0      0      0      0      0      0      0      0      0      0      0      0 
0 -1 -1
     0      0      0      1      2      0      0      0      0      0      0      1      0      0      1      1      0      0      0 
  3621   3757   3695   3904   3879   3577   3245   3952   4029   3990   3575   3387   3893   4288   3858   3643   8992   4433   4004 
 17236  13361     51    153   3695   3577   3757   3879   3621   3904   3990   4029   3952   3893   8992   4288   4433   3858   4004   3643   3387   3575   3245  13286  26303      0      0  65535 
     0      0      0      0      0      0      0      0      0      0      0      0      0      0      0      0      0      0      0 
     0      0      0      0      0      0      0      0      0      0      0      0      0      0      0      0      0      0      0 
     0      0      0      0      0      0      0      0      0      0      0      0      0      0      0      0      0      0      0 
0 -1 -1
     0      0      0      1      2      0      0      0      0      0      0      1      0      0      1      1      0      0      0 
  3621   3757   3696   3905   3880   3577   3246   3952   4030   3990   3575   3386   3893   4288   3858   3644   8984   4433   4005 
 17236  13361     51    153   3696   3577   3757   3880   3621   3905   3990   4030   3952   3893   8984   4288   4433   3858   4005   3644   3386   3575   3246  13286  26303      0      0  65535 
     0      0      0      0      0      0      0      0      0      0      0      0      0      0      0      0      0      0      0 
     0      0      0      0      0      0      0      0      0      0      0      0      0      0      0      0      0      0      0 
     0      0      0      0      0      0      0      0      0      0      0      0      0      0      0      0      0      0      0 
0 -1 -1
     0      0      0      0      2      0      0      0      0      0      0      1      0      0      1      1      0      0      0 
  3622   3755   3695   3902   3880   3577   3245   3951   4029   3990   3574   3387   3894   4288   3856   3642   8989   4434   4004 
 17236  13361     51    153   3695   3577   3755   3880   3622   3902   3990   4029   3951   3894   8989   4288   4434   3856   4004   3642   3387   3574   3245  13284  26305      0      0  65535 
     0      0      0      0      0      0      0      0      0      0      0      0      0      0      0      0      0      0      0 
     0      0      0      0      0      0      0      0      0      0      0      0      0      0      0      0      0      0      0 
     0      0      0      0      0      0      0      0      0      0      0      0      0      0      0      0      0      0      0 
0 -1 -1
     0      0      0      0      2      0      0      0      0      0      0      1      0      0      1      1      0      0      0 
  3621   3755   3696   3903   3880   3577   3244   3951   4029   3990   3575   3386   3893   4287   3856   3641   8993   4434   4003 
 17236  13361     51    153   3696   3577   3755   3880   3621   3903   3990   4029   3951   3893   8993   4287   4434   3856   4003   3641   3386   3575   3244  13278  26305      0      0  65535 
     0      0      0      0      0      0      0      0      0      0      0      0      0      0      0      0      0      0      0 
     0      0      0      0      0      0      0      0      0      0      0      0      0      0      0      0      0      0      0 
     0      0      0      0      0      0      0      0      0      0      0      0      0      0      0      0      0      0      0 
0 -1 -1
     0      0      0      0      2      0      0      0      0      0      0      1      0      0      1      1      0      0      0 
  3620   3755   3695   3903   3879   3577   3242   3951   4029   3989   3575   3387   3893   4288   3857   3643   8972   4435   4004 
 17236  13361     51    153   3695   3577   3755   3879   3620   3903   3989   4029   3951   3893   8972   4288   4435   3857   4004   3643   3387   3575   3242  13278  26304      0      0  65535 
     0      0      0      0      0      0      0      0      0      0      0      0      0      0      0      0      0      0      0 
     0      0      0      0      0      0      0      0      0      0      0      0      0      0      0      0      0      0      0 
     0      0      0      0      0      0      0      0      0      0      0      0      0      0      0      0      0      0      0 
0 -1 -1
     0      0      0      0      2      0      0      0      0      0      0      1      0      0      1      1      0      0      0 
  3621   3754   3695   3903   3879   3576   3245   3953   4028   3991   3574   3387   3893   4287   3856   3640   8985   4434   4003 
 17236  13361     51    153   3695   3576   3754   3879   3621   3903   3991   4028   3953   3893   8985   4287   4434   3856   4003   3640   3387   3574   3245  13279  26304      0      0  65535 
     0      0      0      0      0      0      0      0      0      0      0      0      0      0      0      0      0      0      0 
     0      0      0      0      0      0      0      0      0      0      0      0      0      0      0      0      0      0      0 
     0      0      0      0      0      0      0      0      0      0      0      0      0      0      0      0      0      0      0 
0 -1 -1
     0      0      0      0      2      0      0      0      0      0      0      1      0      0      1      1      0      0      0 
  3620   3756   3695   3903   3878   3576   3243   3951   4028   3990   3573   3385   3894   4287   3856   3642   8989   4434   4002 
 17236  13361     51    153   3695   3576   3756   3878   3620   3903   3990   4028   3951   3894   8989   4287   4434   3856   4002   3642   3385   3573   3243  13290  26304      0      0  65535 
     0      0      0      0      0      0      0      0      0      0      0      0      0      0      0      0      0      0      0 
     0      0      0      0      0      0      0      0      0      0      0      0      0      0      0      0      0      0      0 
     0      0      0      0      0      0      0      0      0      0      0      0      0      0      0      0      0      0      0 
0 -1 -1
     0      0      0      0      2      0      0      0      0      0      0      1      0      0      1      1      0      0      0 
  3619   3755   3695   3902   3878   3576   3243   3950   4027   3990   3573   3386   3892   4287   3855   3641   8990   4431   4004 
 17236  13361     51    153   3695   3576   3755   3878   3619   3902   3990   4027   3950   3892   8990   4287   4431   3855   4004   3641   3386   3573   3243  13290  26305      0      0  65535 
     0      0      0      0      0      0      0      0      0      0      0      0      0      0      0      0      0      0      0 
     0      0      0      0      0      0      0      0      0      0      0      0      0      0      0      0      0      0      0 
     0      0      0      0      0      0      0      0      0      0      0      0      0      0      0      0      0      0      0 
0 -1 -1
     0      0      0      0      2      0      0      0      0      0      0      1      0      0      1      1      0      0      0 
  3620   3755   3693   3900   3878   3576   3244   3952   4028   3991   3574   3383   3893   4287   3854   3641   8973   4434   4002 
 17236  13361     51    153   3693   3576   3755   3878   3620   3900   3991   4028   3952   3893   8973   4287   4434   3854   4002   3641   3383   3574   3244  13278  26304      0      0  65535 
     0      0      0      0      0      0      0      0      0      0      0      0      0      0      0      0      0      0      0 
     0      0      0      0      0      0      0      0      0      0      0      0      0      0      0      0      0      0      0 
     0      0      0      0      0      0      0      0      0      0      0      0      0      0      0      0      0      0      0 
0 -1 -1
     0      0      0      0      2      0      0      0      0      0      0      1      0      0      1      1      0      0      0 
  3619   3754   3695   3902   3878   3576   3244   3951   4028   3991   3572   3386   3891   4287   3854   3640   8980   4432   4003 
 17236  13361     51    153   3695   3576   3754   3878   3619   3902   3991   4028   3951   3891   8980   4287   4432   3854   4003   3640   3386   3572   3244  13278  26304      0      0  65535 
     0      0      0      0      0      0      0      0      0      0      0      0      0      0      0      0      0      0      0 
     0      0      0      0      0      0      0      0      0      0      0      0      0      0      0      0      0      0      0 
     0      0      0      0      0      0      0      0      0      0      0      0      0      0      0      0      0      0      0 
0 -1 -1
     0      0      0      0      2      0      0      0      0      0      0      1      0      0      1      1      0      0      0 
  3620   3753   3695   3901   3878   3576   3242   3952   4027   3992   3573   3385   3893   4286   3855   3642   8991   4431   4002 
 17236  13361     51    153   3695   3576   3753   3878   3620   3901   3992   4027   3952   3893   8991   4286   4431   3855   4002   3642   3385   3573   3242  13278  26304      0      0  65535 
     0      0      0      0      0      0      0      0      0      0      0      0      0      0      0      0      0      0      0 
     0      0      0      0      0      0      0      0      0      0      0      0      0      0      0      0      0      0      0 
     0      0      0      0      0      0      0      0      0      0      0      0      0      0      0      0      0      0      0 
0 -1 -1
     0      0      0      0      2      0      0      0      0      0      0      1      0      0      1      1      0      0      0 
  3620   3754   3694   3901   3877   3576   3242   3950   4027   3991   3572   3385   3893   4286   3855   3641   8981   4431   4002 
 17236  13361     51    153   3694   3576   3754   3877   3620   3901   3991   4027   3950   3893   8981   4286   4431   3855   4002   3641   3385   3572   3242  13278  26304      0      0  65535 
     0      0      0      0      0      0      0      0      0      0      0      0      0      0      0      0      0      0      0 
     0      0      0      0      0      0      0      0      0      0      0      0      0      0      0      0      0      0      0 
     0      0      0      0      0      0      0      0      0      0      0      0      0      0      0      0      0      0      0 
0 -1 -1
