     1      0      0    255     70      0      0      1    253    244      0      0      0     68    255      0      0      1    168 
  3533   3663   3734  21390   5461   3474   3318   3863  11242   9750   3544   3564   3815   5815  14679   3790   8969   4549  17258 
 17236  13361     51    144   3734   3474   3663   5461   3533  21390   9750  11242   3863   3815   8969   5815   4549  14679  17258   3790   3564   3544   3318  13304  26305      0      0  65535 
     0      0      0      0      0      0      0      0      0      0      0      0      0      0      0      0      0      0      0 
     0      0      0      0      0      0      0      0      0      0      0      0      0      0      0      0      0      0      0 
     0      0      0      0      0      0      0      0      0      0      0      0      0      0      0      0      0      0      0 
0 -1 -1
     1      0      0    255     77      0      0      1    255    254      0      0      0     71    255      0      0      1    173 
  3532   3665   3735  21838   5645   3475   3318   3866  11359   9983   3546   3565   3816   5890  14994   3790   8959   4550  17627 
 17236  13361     51    144   3735   3475   3665   5645   3532  21838   9983  11359   3866   3816   8959   5890   4550  14994  17627   3790   3565   3546   3318  13304  26304      0      1  65535 
     0      0      0      0      0      0      0      0      0      0      0      0      0      0      0      0      0      0      0 
     0      0      0      0      0      0      0      0      0      0      0      0      0      0      0      0      0      0      0 
     0      0      0      0      0      0      0      0      0      0      0      0      0      0      0      0      0      0      0 
0 -1 -1
     1      0      0    255     82      0      0      1    255    255      0      0      0     77    255      0      0      1    180 
  3537   3667   3735  22546   5786   3475   3320   3872  11642  10187   3545   3566   3818   6034  15339   3793   8964   4553  18074 
 17236  13361     51    144   3735   3475   3667   5786   3537  22546  10187  11642   3872   3818   8964   6034   4553  15339  18074   3793   3566   3545   3320  13305  26304      0      0  65535 
     0      0      0      0      0      0      0      0      0      0      0      0      0      0      0      0      0      0      0 
     0      0      0      0      0      0      0      0      0      0      0      0      0      0      0      0      0      0      0 
     0      0      0      0      0      0      0      0      0      0      0      0      0      0      0      0      0      0      0 
0 -1 -1
     1      0      0    255     89      0      0      1    255    255      0      0      0     80    255      0      0      1    181 
  3562   3669   3735  23102   5964   3477   3320   3876  11774  10362   3548   3565   3820   6095  15460   3797   8964   4555  18127 
 17236  13361     51    144   3735   3477   3669   5964   3562  23102  10362  11774   3876   3820   8964   6095   4555  15460  18127   3797   3565   3548   3320  13306  26305      0      0  65535 
     0      0      0      0      0      0      0      0      0      0      0      0      0      0      0      0      0      0      0 
     0      0      0      0      0      0      0      0      0      0      0      0      0      0      0      0      0      0      0 
     0      0      0      0      0      0      0      0      0      0      0      0      0      0      0      0      0      0      0 
0 -1 -1
     2      0      0    255     95      0      0      1    255    255      0      0      0     82    255      0      0      1    183 
  3604   3669   3737  23510   6111   3477   3322   3880  11875  10488   3550   3569   3822   6160  15590   3798   8969   4558  18247 
 17236  13361     51    144   3737   3477   3669   6111   3604  23510  10488  11875   3880   3822   8969   6160   4558  15590  18247   3798   3569   3550   3322  13307  26304      0      0  65535 
     0      0      0      0      0      0      0      0      0      0      0      0      0      0      0      0      0      0      0 
     0      0      0      0      0      0      0      0      0      0      0      0      0      0      0      0      0      0      0 
     0      0      0      0      0      0      0      0      0      0      0      0      0      0      0      0      0      0      0 
0 -1 -1
     2      0      0    255     99      0      0      1    255    255      0      0      0     89    255      0      0      1    189 
  3641   3671   3739  24083   6210   3477   3322   3884  12162  10599   3550   3568   3824   6331  15820   3800   8967   4560  18664 
 17236  13361     51    144   3739   3477   3671   6210   3641  24083  10599  12162   3884   3824   8967   6331   4560  15820  18664   3800   3568   3550   3322  13306  26304      0      0  65535 
     0      0      0      0      0      0      0      0      0      0      0      0      0      0      0      0      0      0      0 
     0      0      0      0      0      0      0      0      0      0      0      0      0      0      0      0      0      0      0 
     0      0      0      0      0      0      0      0      0      0      0      0      0      0      0      0      0      0      0 
0 -1 -1
     2      0      0    255    100      0      0      1    255    255      0      0      0     97    255      0      0      1    199 
  3646   3671   3739  24411   6220   3478   3325   3891  12422  10641   3552   3570   3827   6516  16091   3803   8966   4563  19266 
 17236  13361     51    144   3739   3478   3671   6220   3646  24411  10641  12422   3891   3827   8966   6516   4563  16091  19266   3803   3570   3552   3325  13304  26305      0      0  65535 
     0      0      0      0      0      0      0      0      0      0      0      0      0      0      0      0      0      0      0 
     0      0      0      0      0      0      0      0      0      0      0      0      0      0      0      0      0      0      0 
     0      0      0      0      0      0      0      0      0      0      0      0      0      0      0      0      0      0      0 
0 -1 -1
     2      0      0    255     98      0      0      1    255    255      0      0      0    104    255      1      0      2    206 
  3633   3673   3742  24587   6173   3480   3325   3895  12638  10605   3553   3570   3830   6691  16215   3808   8966   4567  19718 
 17236  13361     51    144   3742   3480   3673   6173   3633  24587  10605  12638   3895   3830   8966   6691   4567  16215  19718   3808   3570   3553   3325  13300  26305      0      0  65535 
     0      0      0      0      0      0      0      0      0      0      0      0      0      0      0      0      0      0      0 
     0      0      0      0      0      0      0      0      0      0      0      0      0      0      0      0      0      0      0 
     0      0      0      0      0      0      0      0      0      0      0      0      0      0      0      0      0      0      0 
0 -1 -1
     2      0      0    255     97      0      0      1    255    255      0      0      1    113    255      1      0      2    212 
  3630   3673   3742  25130   6150   3480   3327   3901  12981  10580   3556   3572   3833   6899  16326   3812   8973   4585  20109 
 17236  13361     51    144   3742   3480   3673   6150   3630  25130  10580  12981   3901   3833   8973   6899   4585  16326  20109   3812   3572   3556   3327  13299  26305      0      0  65535 
     0      0      0      0      0      0      0      0      0      0      0      0      0      0      0      0      0      0      0 
     0      0      0      0      0      0      0      0      0      0      0      0      0      0      0      0      0      0      0 
     0      0      0      0      0      0      0      0      0      0      0      0      0      0      0      0      0      0      0 
0 -1 -1
     3      0      0    255    102      0      0      1    255    255      0      0      1    117    255      1      0      2    214 
  3679   3677   3743  25720   6277   3482   3329   3908  13195  10706   3558   3574   3835   7001  16446   3814   8981   4605  20238 
 17236  13361     51    144   3743   3482   3677   6277   3679  25720  10706  13195   3908   3835   8981   7001   4605  16446  20238   3814   3574   3558   3329  13298  26303      0      0  65535 
     0      0      0      0      0      0      0      0      0      0      0      0      0      0      0      0      0      0      0 
     0      0      0      0      0      0      0      0      0      0      0      0      0      0      0      0      0      0      0 
     0      0      0      0      0      0      0      0      0      0      0      0      0      0      0      0      0      0      0 
0 -1 -1
     4      0      0    255    109      0      0      2    255    255      0      0      1    116    255      1      0      2    211 
  3756   3677   3746  26005   6455   3483   3329   3910  13184  10849   3560   3574   3836   6976  16443   3817   8970   4603  20051 
 17236  13361     51    144   3746   3483   3677   6455   3756  26005  10849  13184   3910   3836   8970   6976   4603  16443  20051   3817   3574   3560   3329  13300  26303      0      0  65535 
     0      0      0      0      0      0      0      0      0      0      0      0      0      0      0      0      0      0      0 
     0      0      0      0      0      0      0      0      0      0      0      0      0      0      0      0      0      0      0 
     0      0      0      0      0      0      0      0      0      0      0      0      0      0      0      0      0      0      0 
0 -1 -1
     5      0      0    255    114      0      0      2    255    255      0      0      1    117    255      1      0      3    211 
  3821   3680   3747  26082   6575   3487   3332   3913  13175  10933   3565   3578   3839   6993  16455   3817   8969   4613  20046 
 17236  13361     51    144   3747   3487   3680   6575   3821  26082  10933  13175   3913   3839   8969   6993   4613  16455  20046   3817   3578   3565   3332  13300  26305      0      0  65535 
     0      0      0      0      0      0      0      0      0      0      0      0      0      0      0      0      0      0      0 
     0      0      0      0      0      0      0      0      0      0      0      0      0      0      0      0      0      0      0 
     0      0      0      0      0      0      0      0      0      0      0      0      0      0      0      0      0      0      0 
0 -1 -1
     5      0      0    255    109      0      0      2    255    255      1      0      1    114    255      1      0      2    210 
  3785   3683   3750  25208   6460   3491   3334   3915  12884  10750   3570   3580   3841   6928  16223   3824   8960   4610  19977 
 17236  13361     51    144   3750   3491   3683   6460   3785  25208  10750  12884   3915   3841   8960   6928   4610  16223  19977   3824   3580   3570   3334  13299  26304      0      0  65535 
     0      0      0      0      0      0      0      0      0      0      0      0      0      0      0      0      0      0      0 
     0      0      0      0      0      0      0      0      0      0      0      0      0      0      0      0      0      0      0 
     0      0      0      0      0      0      0      0      0      0      0      0      0      0      0      0      0      0      0 
0 -1 -1
     3      1      0    255     96      0      0      2    255    255      1      1      1    105    255      1      0      2    203 
  3675   3689   3753  23207   6121   3498   3339   3916  12159  10265   3578   3585   3848   6702  15613   3830   8971   4590  19558 
 17236  13361     51    144   3753   3498   3689   6121   3675  23207  10265  12159   3916   3848   8971   6702   4590  15613  19558   3830   3585   3578   3339  13299  26304      0      0  65535 
     0      0      0      0      0      0      0      0      0      0      0      0      0      0      0      0      0      0      0 
     0      0      0      0      0      0      0      0      0      0      0      0      0      0      0      0      0      0      0 
     0      0      0      0      0      0      0      0      0      0      0      0      0      0      0      0      0      0      0 
0 -1 -1
     1      1      1    255     78      1      1      2    242    236      1      1      1     84    255      1      0      2    183 
  3581   3695   3758  20411   5684   3514   3347   3913  10953   9549   3592   3592   3855   6212  14444   3836   8976   4572  18229 
 17236  13361     51    144   3758   3514   3695   5684   3581  20411   9549  10953   3913   3855   8976   6212   4572  14444  18229   3836   3592   3592   3347  13298  26304      0      0  65535 
     0      0      0      0      0      0      0      0      0      0      0      0      0      0      0      0      0      0      0 
     0      0      0      0      0      0      0      0      0      0      0      0      0      0      0      0      0      0      0 
     0      0      0      0      0      0      0      0      0      0      0      0      0      0      0      0      0      0      0 
0 -1 -1
     1      1      1    214     66      1      1      1    191    207      2      1      1     62    255      1      0      2    157 
  3572   3703   3764  17623   5377   3527   3354   3905   9606   8882   3602   3599   3857   5679  13191   3839   8973   4569  16558 
 17236  13361     51    144   3764   3527   3703   5377   3572  17623   8882   9606   3905   3857   8973   5679   4569  13191  16558   3839   3599   3602   3354  13297  26304      0      0  65535 
     0      0      0      0      0      0      0      0      0      0      0      0      0      0      0      0      0      0      0 
     0      0      0      0      0      0      0      0      0      0      0      0      0      0      0      0      0      0      0 
     0      0      0      0      0      0      0      0      0      0      0      0      0      0      0      0      0      0      0 
0 -1 -1
     2      1      1    178     61      2      1      1    148    180      2      1      1     42    255      1      0      2    121 
  3623   3712   3768  15615   5245   3539   3360   3898   8464   8256   3616   3607   3861   5190  11627   3841   8971   4569  14212 
 17236  13361     51    144   3768   3539   3712   5245   3623  15615   8256   8464   3898   3861   8971   5190   4569  11627  14212   3841   3607   3616   3360  13297  26305      0      0  65535 
     0      0      0      0      0      0      0      0      0      0      0      0      0      0      0      0      0      0      0 
     0      0      0      0      0      0      0      0      0      0      0      0      0      0      0      0      0      0      0 
     0      0      0      0      0      0      0      0      0      0      0      0      0      0      0      0      0      0      0 
0 -1 -1
     2      1      1    128     47      2      1      1     88    133      3      1      1     17    178      1      0      2     72 
  3624   3723   3775  12830   4883   3559   3372   3894   6872   7160   3630   3617   3867   4609   9299   3844   8971   4565  10993 
 17236  13361     51    144   3775   3559   3723   4883   3624  12830   7160   6872   3894   3867   8971   4609   4565   9299  10993   3844   3617   3630   3372  13298  26304      0      0  65535 
     0      0      0      0      0      0      0      0      0      0      0      0      0      0      0      0      0      0      0 
     0      0      0      0      0      0      0      0      0      0      0      0      0      0      0      0      0      0      0 
     0      0      0      0      0      0      0      0      0      0      0      0      0      0      0      0      0      0      0 
0 -1 -1
     1      1      1     51     20      3      1      1     12     60      3      2      1      3     64      1      0      1     19 
  3556   3732   3784   8547   4197   3577   3381   3886   4877   5443   3647   3629   3873   4270   6447   3850   8974   4563   7543 
 17236  13361     51    144   3784   3577   3732   4197   3556   8547   5443   4877   3886   3873   8974   4270   4563   6447   7543   3850   3629   3647   3381  13297  26304      0      0  65535 
     0      0      0      0      0      0      0      0      0      0      0      0      0      0      0      0      0      0      0 
     0      0      0      0      0      0      0      0      0      0      0      0      0      0      0      0      0      0      0 
     0      0      0      0      0      0      0      0      0      0      0      0      0      0      0      0      0      0      0 
0 -1 -1
     1      2      1      0      5      3      2      1      0     11      4      2      2      3      0      1      0      1      0 
  3546   3735   3790   4779   3820   3586   3388   3875   3987   4310   3655   3638   3874   4267   4418   3855   8967   4559   4995 
 17236  13361     51    145   3790   3586   3735   3820   3546   4779   4310   3987   3875   3874   8967   4267   4559   4418   4995   3855   3638   3655   3388  13299  26305      0      0  65535 
     0      0      0      0      0      0      0      0      0      0      0      0      0      0      0      0      0      0      0 
     0      0      0      0      0      0      0      0      0      0      0      0      0      0      0      0      0      0      0 
     0      0      0      0      0      0      0      0      0      0      0      0      0      0      0      0      0      0      0 
0 -1 -1
     1      2      1      0      3      3      2      1      0      0      4      2      2      3      0      2      0      1      0 
  3550   3737   3792   3830   3787   3586   3388   3873   3973   3961   3654   3642   3876   4273   3922   3859   8973   4560   4227 
 17236  13361     51    144   3792   3586   3737   3787   3550   3830   3961   3973   3873   3876   8973   4273   4560   3922   4227   3859   3642   3654   3388  13301  26305      0      0  65535 
     0      0      0      0      0      0      0      0      0      0      0      0      0      0      0      0      0      0      0 
     0      0      0      0      0      0      0      0      0      0      0      0      0      0      0      0      0      0      0 
     0      0      0      0      0      0      0      0      0      0      0      0      0      0      0      0      0      0      0 
0 -1 -1
     1      2      1      0      3      3      2      1      0      0      4      2      2      3      0      2      0      1      0 
  3551   3739   3793   3826   3789   3587   3391   3874   3973   3960   3656   3642   3877   4274   3919   3861   8966   4561   4224 
 17236  13361     51    145   3793   3587   3739   3789   3551   3826   3960   3973   3874   3877   8966   4274   4561   3919   4224   3861   3642   3656   3391  13301  26305      0      0  65535 
     0      0      0      0      0      0      0      0      0      0      0      0      0      0      0      0      0      0      0 
     0      0      0      0      0      0      0      0      0      0      0      0      0      0      0      0      0      0      0 
     0      0      0      0      0      0      0      0      0      0      0      0      0      0      0      0      0      0      0 
0 -1 -1
     1      2      1      0      3      4      2      1      0      0      4      2      2      4      0      2      0      1      0 
  3555   3741   3796   3823   3790   3590   3394   3875   3974   3961   3657   3644   3879   4277   3919   3862   8972   4563   4221 
 17236  13361     51    144   3796   3590   3741   3790   3555   3823   3961   3974   3875   3879   8972   4277   4563   3919   4221   3862   3644   3657   3394  13301  26304      0      0  65535 
     0      0      0      0      0      0      0      0      0      0      0      0      0      0      0      0      0      0      0 
     0      0      0      0      0      0      0      0      0      0      0      0      0      0      0      0      0      0      0 
     0      0      0      0      0      0      0      0      0      0      0      0      0      0      0      0      0      0      0 
0 -1 -1
     1      2      1      0      4      4      2      1      0      0      4      2      2      4      0      2      0      1      0 
  3557   3742   3797   3827   3792   3592   3396   3876   3975   3963   3659   3645   3880   4278   3921   3865   8970   4564   4223 
 17236  13361     51    144   3797   3592   3742   3792   3557   3827   3963   3975   3876   3880   8970   4278   4564   3921   4223   3865   3645   3659   3396  13301  26304      0      0  65535 
     0      0      0      0      0      0      0      0      0      0      0      0      0      0      0      0      0      0      0 
     0      0      0      0      0      0      0      0      0      0      0      0      0      0      0      0      0      0      0 
     0      0      0      0      0      0      0      0      0      0      0      0      0      0      0      0      0      0      0 
0 -1 -1
     1      2      1      0      4      4      2      1      0      0      4      2      2      4      0      2      0      2      0 
  3559   3744   3797   3828   3794   3594   3396   3879   3977   3965   3663   3647   3883   4279   3923   3867   8964   4567   4225 
 17236  13361     51    145   3797   3594   3744   3794   3559   3828   3965   3977   3879   3883   8964   4279   4567   3923   4225   3867   3647   3663   3396  13301  26305      0      0  65535 
     0      0      0      0      0      0      0      0      0      0      0      0      0      0      0      0      0      0      0 
     0      0      0      0      0      0      0      0      0      0      0      0      0      0      0      0      0      0      0 
     0      0      0      0      0      0      0      0      0      0      0      0      0      0      0      0      0      0      0 
0 -1 -1
     1      2      1      0      4      4      2      1      0      0      4      2      2      4      0      2      0      2      0 
  3559   3747   3799   3830   3796   3597   3399   3882   3978   3968   3664   3650   3884   4282   3924   3868   8967   4569   4227 
 17236  13361     51    145   3799   3597   3747   3796   3559   3830   3968   3978   3882   3884   8967   4282   4569   3924   4227   3868   3650   3664   3399  13301  26305      0      0  65535 
     0      0      0      0      0      0      0      0      0      0      0      0      0      0      0      0      0      0      0 
     0      0      0      0      0      0      0      0      0      0      0      0      0      0      0      0      0      0      0 
     0      0      0      0      0      0      0      0      0      0      0      0      0      0      0      0      0      0      0 
0 -1 -1
     1      2      1      0      4      4      2      1      0      0      4      2      2      4      0      2      0      2      0 
  3561   3748   3801   3834   3799   3599   3399   3883   3981   3969   3668   3650   3885   4282   3927   3871   8962   4568   4229 
 17236  13361     51    144   3801   3599   3748   3799   3561   3834   3969   3981   3883   3885   8962   4282   4568   3927   4229   3871   3650   3668   3399  13301  26304      0      0  65535 
     0      0      0      0      0      0      0      0      0      0      0      0      0      0      0      0      0      0      0 
     0      0      0      0      0      0      0      0      0      0      0      0      0      0      0      0      0      0      0 
     0      0      0      0      0      0      0      0      0      0      0      0      0      0      0      0      0      0      0 
0 -1 -1
     1      2      1      0      4      4      2      1      0      0      4      2      2      4      0      2      0      2      0 
  3563   3751   3803   3835   3801   3601   3402   3885   3983   3971   3668   3651   3888   4285   3929   3873   8967   4572   4230 
 17236  13361     51    145   3803   3601   3751   3801   3563   3835   3971   3983   3885   3888   8967   4285   4572   3929   4230   3873   3651   3668   3402  13302  26304      0      0  65535 
     0      0      0      0      0      0      0      0      0      0      0      0      0      0      0      0      0      0      0 
     0      0      0      0      0      0      0      0      0      0      0      0      0      0      0      0      0      0      0 
     0      0      0      0      0      0      0      0      0      0      0      0      0      0      0      0      0      0      0 
0 -1 -1
     1      2      1      0      4      4      2      1      0      0      4      3      2      4      0      2      0      2      0 
  3565   3754   3803   3838   3802   3602   3402   3887   3984   3973   3671   3653   3887   4286   3931   3874   8970   4571   4232 
 17236  13361     51    145   3803   3602   3754   3802   3565   3838   3973   3984   3887   3887   8970   4286   4571   3931   4232   3874   3653   3671   3402  13302  26304      0      0  65535 
     0      0      0      0      0      0      0      0      0      0      0      0      0      0      0      0      0      0      0 
     0      0      0      0      0      0      0      0      0      0      0      0      0      0      0      0      0      0      0 
     0      0      0      0      0      0      0      0      0      0      0      0      0      0      0      0      0      0      0 
0 -1 -1
     1      2      2      0      4      4      2      1      0      0      4      3      2      4      0      2      0      2      0 
  3567   3753   3805   3840   3805   3604   3405   3889   3986   3974   3673   3655   3891   4287   3931   3875   8967   4574   4235 
 17236  13361     51    145   3805   3604   3753   3805   3567   3840   3974   3986   3889   3891   8967   4287   4574   3931   4235   3875   3655   3673   3405  13303  26304      0      0  65535 
     0      0      0      0      0      0      0      0      0      0      0      0      0      0      0      0      0      0      0 
     0      0      0      0      0      0      0      0      0      0      0      0      0      0      0      0      0      0      0 
     0      0      0      0      0      0      0      0      0      0      0      0      0      0      0      0      0      0      0 
0 -1 -1
     1      2      2      0      4      4      2      1      0      0      4      3      2      4      0      2      0      2      0 
  3568   3755   3807   3843   3806   3605   3405   3890   3986   3976   3675   3656   3892   4289   3934   3879   8976   4577   4237 
 17236  13361     51    145   3807   3605   3755   3806   3568   3843   3976   3986   3890   3892   8976   4289   4577   3934   4237   3879   3656   3675   3405  13303  26303      0      0  65535 
     0      0      0      0      0      0      0      0      0      0      0      0      0      0      0      0      0      0      0 
     0      0      0      0      0      0      0      0      0      0      0      0      0      0      0      0      0      0      0 
     0      0      0      0      0      0      0      0      0      0      0      0      0      0      0      0      0      0      0 
0 -1 -1
     1      2      2      0      4      4      2      1      0      0      4      3      2      4      0      2      0      2      0 
  3571   3757   3809   3844   3808   3608   3408   3892   3990   3979   3677   3659   3893   4291   3937   3880   8972   4577   4237 
 17236  13361     51    145   3809   3608   3757   3808   3571   3844   3979   3990   3892   3893   8972   4291   4577   3937   4237   3880   3659   3677   3408  13305  26303      0      0  65535 
     0      0      0      0      0      0      0      0      0      0      0      0      0      0      0      0      0      0      0 
     0      0      0      0      0      0      0      0      0      0      0      0      0      0      0      0      0      0      0 
     0      0      0      0      0      0      0      0      0      0      0      0      0      0      0      0      0      0      0 
0 -1 -1
     1      2      2      0      4      4      2      1      0      0      5      3      2      4      0      2      0      2      0 
  3571   3760   3810   3846   3811   3610   3408   3894   3991   3980   3679   3658   3893   4293   3938   3882   8973   4580   4240 
 17236  13361     51    144   3810   3610   3760   3811   3571   3846   3980   3991   3894   3893   8973   4293   4580   3938   4240   3882   3658   3679   3408  13305  26304      0      0  65535 
     0      0      0      0      0      0      0      0      0      0      0      0      0      0      0      0      0      0      0 
     0      0      0      0      0      0      0      0      0      0      0      0      0      0      0      0      0      0      0 
     0      0      0      0      0      0      0      0      0      0      0      0      0      0      0      0      0      0      0 
0 -1 -1
     1      2      2      0      4      4      2      1      0      0      5      3      2      4      0      2      0      2      0 
  3574   3762   3813   3851   3813   3613   3411   3896   3994   3983   3680   3661   3896   4295   3940   3882   8966   4582   4241 
 17236  13361     51    145   3813   3613   3762   3813   3574   3851   3983   3994   3896   3896   8966   4295   4582   3940   4241   3882   3661   3680   3411  13302  26304      0      0  65535 
     0      0      0      0      0      0      0      0      0      0      0      0      0      0      0      0      0      0      0 
     0      0      0      0      0      0      0      0      0      0      0      0      0      0      0      0      0      0      0 
     0      0      0      0      0      0      0      0      0      0      0      0      0      0      0      0      0      0      0 
0 -1 -1
     1      2      2      0      4      4      2      1      0      0      5      3      2      4      0      2      0      2      0 
  3575   3764   3813   3853   3814   3616   3412   3898   3996   3985   3684   3662   3898   4297   3943   3886   8965   4582   4245 
 17236  13361     51    145   3813   3616   3764   3814   3575   3853   3985   3996   3898   3898   8965   4297   4582   3943   4245   3886   3662   3684   3412  13298  26305      0      0  65535 
     0      0      0      0      0      0      0      0      0      0      0      0      0      0      0      0      0      0      0 
     0      0      0      0      0      0      0      0      0      0      0      0      0      0      0      0      0      0      0 
     0      0      0      0      0      0      0      0      0      0      0      0      0      0      0      0      0      0      0 
0 -1 -1
     1      2      2      0      5      4      2      1      0      0      5      3      2      5      0      2      0      2      0 
  3578   3765   3814   3854   3816   3616   3413   3899   3997   3987   3686   3664   3898   4299   3946   3886   8969   4584   4246 
 17236  13361     51    145   3814   3616   3765   3816   3578   3854   3987   3997   3899   3898   8969   4299   4584   3946   4246   3886   3664   3686   3413  13297  26303      0      0  65535 
     0      0      0      0      0      0      0      0      0      0      0      0      0      0      0      0      0      0      0 
     0      0      0      0      0      0      0      0      0      0      0      0      0      0      0      0      0      0      0 
     0      0      0      0      0      0      0      0      0      0      0      0      0      0      0      0      0      0      0 
0 -1 -1
     1      2      2      0      5      5      2      1      0      0      5      3      2      5      0      2      0      2      0 
  3578   3766   3814   3857   3818   3618   3415   3902   4000   3989   3687   3665   3901   4300   3947   3888   8976   4587   4246 
 17236  13361     51    145   3814   3618   3766   3818   3578   3857   3989   4000   3902   3901   8976   4300   4587   3947   4246   3888   3665   3687   3415  13301  26303      0      0  65535 
     0      0      0      0      0      0      0      0      0      0      0      0      0      0      0      0      0      0      0 
     0      0      0      0      0      0      0      0      0      0      0      0      0      0      0      0      0      0      0 
     0      0      0      0      0      0      0      0      0      0      0      0      0      0      0      0      0      0      0 
0 -1 -1
     1      2      2      0      5      5      2      1      0      0      5      3      2      5      0      2      0      2      0 
  3582   3769   3818   3858   3820   3621   3416   3903   4001   3992   3689   3666   3903   4302   3949   3890   8979   4588   4248 
 17236  13361     51    145   3818   3621   3769   3820   3582   3858   3992   4001   3903   3903   8979   4302   4588   3949   4248   3890   3666   3689   3416  13301  26303      0      0  65535 
     0      0      0      0      0      0      0      0      0      0      0      0      0      0      0      0      0      0      0 
     0      0      0      0      0      0      0      0      0      0      0      0      0      0      0      0      0      0      0 
     0      0      0      0      0      0      0      0      0      0      0      0      0      0      0      0      0      0      0 
0 -1 -1
     1      2      2      0      5      5      2      1      0      0      5      3      2      5      0      2      0      2      0 
  3582   3770   3819   3859   3822   3623   3418   3904   4004   3993   3691   3668   3903   4303   3951   3892   8980   4589   4249 
 17236  13361     51    145   3819   3623   3770   3822   3582   3859   3993   4004   3904   3903   8980   4303   4589   3951   4249   3892   3668   3691   3418  13300  26303      0      0  65535 
     0      0      0      0      0      0      0      0      0      0      0      0      0      0      0      0      0      0      0 
     0      0      0      0      0      0      0      0      0      0      0      0      0      0      0      0      0      0      0 
     0      0      0      0      0      0      0      0      0      0      0      0      0      0      0      0      0      0      0 
0 -1 -1
     1      2      2      0      5      5      2      1      0      0      5      3      2      5      0      2      0      2      0 
  3583   3773   3819   3861   3824   3626   3419   3906   4005   3995   3693   3668   3905   4305   3952   3894   8974   4590   4250 
 17236  13361     51    145   3819   3626   3773   3824   3583   3861   3995   4005   3906   3905   8974   4305   4590   3952   4250   3894   3668   3693   3419  13300  26303      0      0  65535 
     0      0      0      0      0      0      0      0      0      0      0      0      0      0      0      0      0      0      0 
     0      0      0      0      0      0      0      0      0      0      0      0      0      0      0      0      0      0      0 
     0      0      0      0      0      0      0      0      0      0      0      0      0      0      0      0      0      0      0 
0 -1 -1
