     0      1    207      0    228    255    253     26    165    255      0      0     59      0      0      0     12      0      0 
  2770   2974  15082   3094   9315  16638  17449   4828   8742  10772   2709   2597   6138   3294   2863   2733   9397   3477   3114 
 17236  13361     51    121  15082  16638   2974   9315   2770   3094  10772   8742   4828   6138   9397   3294   3477   2863   3114   2733   2597   2709  17449  13380  26305      0      0  65535 
     0      0      0      0      0      0      0      0      0      0      0      0      0      0      0      0      0      0      0 
     0      0      0      0      0      0      0      0      0      0      0      0      0      0      0      0      0      0      0 
     0      0      0      0      0      0      0      0      0      0      0      0      0      0      0      0      0      0      0 
0 -1 -1
     0      2    214      0    236    255    255     27    171    255      0      0     60      0      0      0     12      0      0 
  2771   2998  15432   3098   9525  17047  17816   4909   8903  10952   2710   2598   6195   3290   2859   2732   9414   3476   3112 
 17236  13361     51    120  15432  17047   2998   9525   2771   3098  10952   8903   4909   6195   9414   3290   3476   2859   3112   2732   2598   2710  17816  13380  26305      0      0  65535 
     0      0      0      0      0      0      0      0      0      0      0      0      0      0      0      0      0      0      0 
     0      0      0      0      0      0      0      0      0      0      0      0      0      0      0      0      0      0      0 
     0      0      0      0      0      0      0      0      0      0      0      0      0      0      0      0      0      0      0 
0 -1 -1
     0      3    221      1    248    255    255     29    182    255      0      0     63      0      0      0     13      0      0 
  2770   3036  15777   3107   9824  17525  18130   5063   9194  11223   2708   2597   6335   3286   2855   2731   9444   3474   3112 
 17236  13361     51    120  15777  17525   3036   9824   2770   3107  11223   9194   5063   6335   9444   3286   3474   2855   3112   2731   2597   2708  18130  13380  26304      0      1  65535 
     0      0      0      0      0      0      0      0      0      0      0      0      0      0      0      0      0      0      0 
     0      0      0      0      0      0      0      0      0      0      0      0      0      0      0      0      0      0      0 
     0      0      0      0      0      0      0      0      0      0      0      0      0      0      0      0      0      0      0 
0 -1 -1
     0      3    223      1    251    255    255     30    186    255      0      0     64      0      0      0     13      0      0 
  2771   3052  15871   3110   9912  17704  18311   5103   9286  11325   2708   2597   6372   3286   2854   2729   9448   3475   3113 
 17236  13361     51    119  15871  17704   3052   9912   2771   3110  11325   9286   5103   6372   9448   3286   3475   2854   3113   2729   2597   2708  18311  13380  26304      0      0  65535 
     0      0      0      0      0      0      0      0      0      0      0      0      0      0      0      0      0      0      0 
     0      0      0      0      0      0      0      0      0      0      0      0      0      0      0      0      0      0      0 
     0      0      0      0      0      0      0      0      0      0      0      0      0      0      0      0      0      0      0 
0 -1 -1
     0      3    224      1    250    255    255     29    184    255      0      0     63      0      0      0     12      0      0 
  2771   3053  15902   3111   9879  17736  18375   5071   9247  11320   2709   2597   6341   3284   2854   2728   9436   3473   3112 
 17236  13361     51    119  15902  17736   3053   9879   2771   3111  11320   9247   5071   6341   9436   3284   3473   2854   3112   2728   2597   2709  18375  13379  26305      0      0  65535 
     0      0      0      0      0      0      0      0      0      0      0      0      0      0      0      0      0      0      0 
     0      0      0      0      0      0      0      0      0      0      0      0      0      0      0      0      0      0      0 
     0      0      0      0      0      0      0      0      0      0      0      0      0      0      0      0      0      0      0 
0 -1 -1
     0      3    225      1    250    255    255     29    183    255      0      0     62      0      0      0     12      0      0 
  2772   3058  15934   3111   9874  17696  18274   5058   9201  11245   2710   2597   6293   3285   2854   2730   9434   3473   3112 
 17236  13361     51    119  15934  17696   3058   9874   2772   3111  11245   9201   5058   6293   9434   3285   3473   2854   3112   2730   2597   2710  18274  13379  26304      0      0  65535 
     0      0      0      0      0      0      0      0      0      0      0      0      0      0      0      0      0      0      0 
     0      0      0      0      0      0      0      0      0      0      0      0      0      0      0      0      0      0      0 
     0      0      0      0      0      0      0      0      0      0      0      0      0      0      0      0      0      0      0 
0 -1 -1
     0      3    226      1    250    255    255     29    180    255      0      0     61      0      0      0     12      0      0 
  2771   3062  15990   3112   9868  17673  18296   5038   9145  11180   2711   2597   6242   3284   2855   2729   9435   3473   3113 
 17236  13361     51    119  15990  17673   3062   9868   2771   3112  11180   9145   5038   6242   9435   3284   3473   2855   3113   2729   2597   2711  18296  13379  26304      0      0  65535 
     0      0      0      0      0      0      0      0      0      0      0      0      0      0      0      0      0      0      0 
     0      0      0      0      0      0      0      0      0      0      0      0      0      0      0      0      0      0      0 
     0      0      0      0      0      0      0      0      0      0      0      0      0      0      0      0      0      0      0 
0 -1 -1
     0      3    228      1    248    255    255     28    177    255      0      0     59      0      0      0     12      0      0 
  2772   3065  16109   3108   9824  17708  18414   4975   9051  11127   2711   2598   6172   3286   2855   2729   9407   3473   3112 
 17236  13361     51    119  16109  17708   3065   9824   2772   3108  11127   9051   4975   6172   9407   3286   3473   2855   3112   2729   2598   2711  18414  13379  26304      0      1  65535 
     0      0      0      0      0      0      0      0      0      0      0      0      0      0      0      0      0      0      0 
     0      0      0      0      0      0      0      0      0      0      0      0      0      0      0      0      0      0      0 
     0      0      0      0      0      0      0      0      0      0      0      0      0      0      0      0      0      0      0 
0 -1 -1
     0      4    228      1    249    255    255     28    178    255      0      0     60      0      0      0     12      0      0 
  2771   3073  16089   3113   9846  17688  18285   5005   9086  11120   2710   2597   6186   3285   2855   2729   9413   3473   3113 
 17236  13361     51    119  16089  17688   3073   9846   2771   3113  11120   9086   5005   6186   9413   3285   3473   2855   3113   2729   2597   2710  18285  13379  26304      0      0  65535 
     0      0      0      0      0      0      0      0      0      0      0      0      0      0      0      0      0      0      0 
     0      0      0      0      0      0      0      0      0      0      0      0      0      0      0      0      0      0      0 
     0      0      0      0      0      0      0      0      0      0      0      0      0      0      0      0      0      0      0 
0 -1 -1
     0      4    222      1    251    255    255     30    184    255      0      0     62      0      0      0     12      0      0 
  2772   3068  15815   3119   9905  17578  17962   5106   9226  11174   2708   2599   6279   3284   2856   2731   9427   3474   3112 
 17236  13361     51    120  15815  17578   3068   9905   2772   3119  11174   9226   5106   6279   9427   3284   3474   2856   3112   2731   2599   2708  17962  13379  26304      0      0  65535 
     0      0      0      0      0      0      0      0      0      0      0      0      0      0      0      0      0      0      0 
     0      0      0      0      0      0      0      0      0      0      0      0      0      0      0      0      0      0      0 
     0      0      0      0      0      0      0      0      0      0      0      0      0      0      0      0      0      0      0 
0 -1 -1
     0      3    216      1    246    255    255     29    180    255      0      0     61      0      0      0     12      0      0 
  2773   3042  15528   3115   9767  17307  17767   5062   9129  11067   2709   2597   6242   3286   2855   2730   9426   3474   3112 
 17236  13361     51    120  15528  17307   3042   9767   2773   3115  11067   9129   5062   6242   9426   3286   3474   2855   3112   2730   2597   2709  17767  13380  26304      0      0  65535 
     0      0      0      0      0      0      0      0      0      0      0      0      0      0      0      0      0      0      0 
     0      0      0      0      0      0      0      0      0      0      0      0      0      0      0      0      0      0      0 
     0      0      0      0      0      0      0      0      0      0      0      0      0      0      0      0      0      0      0 
0 -1 -1
     0      3    217      1    246    255    255     29    179    255      0      0     60      0      0      0     12      0      0 
  2772   3044  15575   3115   9768  17307  17824   5050   9105  11041   2709   2598   6214   3286   2856   2730   9421   3474   3113 
 17236  13361     51    120  15575  17307   3044   9768   2772   3115  11041   9105   5050   6214   9421   3286   3474   2856   3113   2730   2598   2709  17824  13386  26304      0      0  65535 
     0      0      0      0      0      0      0      0      0      0      0      0      0      0      0      0      0      0      0 
     0      0      0      0      0      0      0      0      0      0      0      0      0      0      0      0      0      0      0 
     0      0      0      0      0      0      0      0      0      0      0      0      0      0      0      0      0      0      0 
0 -1 -1
     0      4    224      1    253    255    255     30    183    255      0      0     61      0      0      0     12      0      0 
  2770   3081  15916   3121   9942  17591  18041   5108   9203  11120   2709   2598   6228   3283   2853   2729   9417   3471   3111 
 17236  13361     51    119  15916  17591   3081   9942   2770   3121  11120   9203   5108   6228   9417   3283   3471   2853   3111   2729   2598   2709  18041  13379  26304      0      0  65535 
     0      0      0      0      0      0      0      0      0      0      0      0      0      0      0      0      0      0      0 
     0      0      0      0      0      0      0      0      0      0      0      0      0      0      0      0      0      0      0 
     0      0      0      0      0      0      0      0      0      0      0      0      0      0      0      0      0      0      0 
0 -1 -1
     0      4    229      1    252    255    255     29    180    255      0      0     59      0      0      0     12      0      0 
  2772   3096  16157   3119   9938  17733  18271   5046   9125  11099   2709   2597   6164   3284   2854   2729   9393   3473   3111 
 17236  13361     51    119  16157  17733   3096   9938   2772   3119  11099   9125   5046   6164   9393   3284   3473   2854   3111   2729   2597   2709  18271  13375  26305      0      0  65535 
     0      0      0      0      0      0      0      0      0      0      0      0      0      0      0      0      0      0      0 
     0      0      0      0      0      0      0      0      0      0      0      0      0      0      0      0      0      0      0 
     0      0      0      0      0      0      0      0      0      0      0      0      0      0      0      0      0      0      0 
0 -1 -1
     0      4    224      1    245    255    255     28    175    255      0      0     58      0      0      0     11      0      0 
  2772   3068  15914   3115   9758  17511  18110   4973   9009  11014   2709   2597   6118   3284   2854   2730   9385   3474   3112 
 17236  13361     51    120  15914  17511   3068   9758   2772   3115  11014   9009   4973   6118   9385   3284   3474   2854   3112   2730   2597   2709  18110  13376  26306      0      0  65535 
     0      0      0      0      0      0      0      0      0      0      0      0      0      0      0      0      0      0      0 
     0      0      0      0      0      0      0      0      0      0      0      0      0      0      0      0      0      0      0 
     0      0      0      0      0      0      0      0      0      0      0      0      0      0      0      0      0      0      0 
0 -1 -1
     0      3    219      1    245    255    255     29    177    255      0      0     59      0      0      0     12      0      0 
  2772   3053  15654   3119   9750  17357  17907   5021   9064  11009   2709   2597   6157   3285   2856   2731   9398   3474   3112 
 17236  13361     51    120  15654  17357   3053   9750   2772   3119  11009   9064   5021   6157   9398   3285   3474   2856   3112   2731   2597   2709  17907  13375  26304      0      1  65535 
     0      0      0      0      0      0      0      0      0      0      0      0      0      0      0      0      0      0      0 
     0      0      0      0      0      0      0      0      0      0      0      0      0      0      0      0      0      0      0 
     0      0      0      0      0      0      0      0      0      0      0      0      0      0      0      0      0      0      0 
0 -1 -1
     0      3    219      1    248    255    255     30    181    255      0      0     60      0      0      0     12      0      0 
  2771   3063  15684   3122   9832  17424  17948   5080   9153  11067   2709   2598   6197   3284   2853   2731   9411   3474   3110 
 17236  13361     51    120  15684  17424   3063   9832   2771   3122  11067   9153   5080   6197   9411   3284   3474   2853   3110   2731   2598   2709  17948  13376  26304      0      1  65535 
     0      0      0      0      0      0      0      0      0      0      0      0      0      0      0      0      0      0      0 
     0      0      0      0      0      0      0      0      0      0      0      0      0      0      0      0      0      0      0 
     0      0      0      0      0      0      0      0      0      0      0      0      0      0      0      0      0      0      0 
0 -1 -1
     0      4    223      1    253    255    255     30    184    255      0      0     61      0      0      0     12      0      0 
  2772   3084  15855   3126   9951  17598  18071   5130   9238  11140   2708   2597   6227   3281   2852   2729   9424   3473   3112 
 17236  13361     51    120  15855  17598   3084   9951   2772   3126  11140   9238   5130   6227   9424   3281   3473   2852   3112   2729   2597   2708  18071  13376  26304      0      0  65535 
     0      0      0      0      0      0      0      0      0      0      0      0      0      0      0      0      0      0      0 
     0      0      0      0      0      0      0      0      0      0      0      0      0      0      0      0      0      0      0 
     0      0      0      0      0      0      0      0      0      0      0      0      0      0      0      0      0      0      0 
0 -1 -1
     0      5    232      1    255    255    255     31    188    255      0      0     61      0      0      0     12      0      0 
  2771   3127  16271   3130  10143  17945  18320   5185   9339  11231   2707   2595   6242   3279   2851   2727   9415   3472   3109 
 17236  13361     51    119  16271  17945   3127  10143   2771   3130  11231   9339   5185   6242   9415   3279   3472   2851   3109   2727   2595   2707  18320  13377  26305      0      0  65535 
     0      0      0      0      0      0      0      0      0      0      0      0      0      0      0      0      0      0      0 
     0      0      0      0      0      0      0      0      0      0      0      0      0      0      0      0      0      0      0 
     0      0      0      0      0      0      0      0      0      0      0      0      0      0      0      0      0      0      0 
0 -1 -1
     0      6    237      1    255    255    255     32    189    255      0      0     61      0      0      0     12      0      0 
  2772   3156  16492   3134  10257  18072  18269   5222   9376  11228   2707   2595   6237   3279   2851   2728   9417   3472   3110 
 17236  13361     51    119  16492  18072   3156  10257   2772   3134  11228   9376   5222   6237   9417   3279   3472   2851   3110   2728   2595   2707  18269  13377  26304      0      0  65535 
     0      0      0      0      0      0      0      0      0      0      0      0      0      0      0      0      0      0      0 
     0      0      0      0      0      0      0      0      0      0      0      0      0      0      0      0      0      0      0 
     0      0      0      0      0      0      0      0      0      0      0      0      0      0      0      0      0      0      0 
0 -1 -1
     0      5    231      1    255    255    255     31    185    255      0      0     60      0      0      0     12      0      0 
  2770   3129  16223   3129  10131  17731  17853   5186   9256  11054   2706   2596   6181   3282   2853   2729   9421   3473   3112 
 17236  13361     51    120  16223  17731   3129  10131   2770   3129  11054   9256   5186   6181   9421   3282   3473   2853   3112   2729   2596   2706  17853  13377  26304      0      0  65535 
     0      0      0      0      0      0      0      0      0      0      0      0      0      0      0      0      0      0      0 
     0      0      0      0      0      0      0      0      0      0      0      0      0      0      0      0      0      0      0 
     0      0      0      0      0      0      0      0      0      0      0      0      0      0      0      0      0      0      0 
0 -1 -1
     0      5    226      1    255    255    255     32    185    255      0      0     60      0      0      0     12      0      0 
  2771   3118  16001   3130  10110  17528  17586   5219   9268  10997   2708   2596   6201   3284   2854   2729   9422   3472   3112 
 17236  13361     51    120  16001  17528   3118  10110   2771   3130  10997   9268   5219   6201   9422   3284   3472   2854   3112   2729   2596   2708  17586  13379  26304      0      0  65535 
     0      0      0      0      0      0      0      0      0      0      0      0      0      0      0      0      0      0      0 
     0      0      0      0      0      0      0      0      0      0      0      0      0      0      0      0      0      0      0 
     0      0      0      0      0      0      0      0      0      0      0      0      0      0      0      0      0      0      0 
0 -1 -1
     0      5    225      1    255    255    255     32    186    255      0      0     60      0      0      0     12      0      0 
  2771   3118  15929   3132  10109  17490  17532   5229   9282  10993   2706   2597   6209   3283   2853   2729   9413   3471   3111 
 17236  13361     51    120  15929  17490   3118  10109   2771   3132  10993   9282   5229   6209   9413   3283   3471   2853   3111   2729   2597   2706  17532  13381  26304      0      0  65535 
     0      0      0      0      0      0      0      0      0      0      0      0      0      0      0      0      0      0      0 
     0      0      0      0      0      0      0      0      0      0      0      0      0      0      0      0      0      0      0 
     0      0      0      0      0      0      0      0      0      0      0      0      0      0      0      0      0      0      0 
0 -1 -1
     0      4    219      1    250    255    249     30    177    255      0      0     58      0      0      0     11      0      0 
  2772   3082  15657   3124   9870  17156  17296   5104   9060  10802   2708   2596   6097   3286   2857   2730   9389   3474   3111 
 17236  13361     51    121  15657  17156   3082   9870   2772   3124  10802   9060   5104   6097   9389   3286   3474   2857   3111   2730   2596   2708  17296  13381  26304      0      0  65535 
     0      0      0      0      0      0      0      0      0      0      0      0      0      0      0      0      0      0      0 
     0      0      0      0      0      0      0      0      0      0      0      0      0      0      0      0      0      0      0 
     0      0      0      0      0      0      0      0      0      0      0      0      0      0      0      0      0      0      0 
0 -1 -1
     0      2    193      0    216    255    210     24    147    220      0      0     49      0      0      0     10      0      0 
  2772   2985  14455   3099   9004  15617  15608   4698   8266   9951   2708   2596   5742   3297   2871   2738   9305   3478   3117 
 17236  13361     51    123  14455  15617   2985   9004   2772   3099   9951   8266   4698   5742   9305   3297   3478   2871   3117   2738   2596   2708  15608  13381  26303      0      0  65535 
     0      0      0      0      0      0      0      0      0      0      0      0      0      0      0      0      0      0      0 
     0      0      0      0      0      0      0      0      0      0      0      0      0      0      0      0      0      0      0 
     0      0      0      0      0      0      0      0      0      0      0      0      0      0      0      0      0      0      0 
0 -1 -1
     0      0    122      0    133    223    118     10     84    131      0      0     32      0      0      0      6      0      0 
  2774   2927  11113   3071   6904  11634  11655   3805   6585   7871   2710   2597   5009   3327   2904   2755   9157   3491   3126 
 17236  13361     51    129  11113  11634   2927   6904   2774   3071   7871   6585   3805   5009   9157   3327   3491   2904   3126   2755   2597   2710  11655  13380  26304      0      0  65535 
     0      0      0      0      0      0      0      0      0      0      0      0      0      0      0      0      0      0      0 
     0      0      0      0      0      0      0      0      0      0      0      0      0      0      0      0      0      0      0 
     0      0      0      0      0      0      0      0      0      0      0      0      0      0      0      0      0      0      0 
0 -1 -1
     0      0     57      0     61     93     36      1     34     50      0      0     12      0      0      0      2      0      0 
  2779   2918   8045   3067   5095   8148   8093   3159   5274   5972   2712   2595   4193   3348   2928   2768   8977   3501   3134 
 17236  13361     51    135   8045   8148   2918   5095   2779   3067   5972   5274   3159   4193   8977   3348   3501   2928   3134   2768   2595   2712   8093  13382  26303      0      0  65535 
     0      0      0      0      0      0      0      0      0      0      0      0      0      0      0      0      0      0      0 
     0      0      0      0      0      0      0      0      0      0      0      0      0      0      0      0      0      0      0 
     0      0      0      0      0      0      0      0      0      0      0      0      0      0      0      0      0      0      0 
0 -1 -1
     0      0      0      0      0      0      0      0      0      0      0      0      0      0      0      0      0      0      0 
  2779   2911   4717   3065   3209   4956   4861   3098   3722   4096   2717   2596   3211   3366   2950   2782   8765   3511   3141 
 17236  13361     51    142   4717   4956   2911   3209   2779   3065   4096   3722   3098   3211   8765   3366   3511   2950   3141   2782   2596   2717   4861  13381  26303      0      0  65535 
     0      0      0      0      0      0      0      0      0      0      0      0      0      0      0      0      0      0      0 
     0      0      0      0      0      0      0      0      0      0      0      0      0      0      0      0      0      0      0 
     0      0      0      0      0      0      0      0      0      0      0      0      0      0      0      0      0      0      0 
0 -1 -1
     0      0      0      0      0      0      0      0      0      0      0      0      0      0      0      0      0      0      0 
  2780   2907   3041   3067   2988   3228   2771   3100   3196   3121   2716   2589   3024   3374   2958   2785   8730   3515   3144 
 17236  13361     51    146   3041   3228   2907   2988   2780   3067   3121   3196   3100   3024   8730   3374   3515   2958   3144   2785   2589   2716   2771  13381  26303      0      0  65535 
     0      0      0      0      0      0      0      0      0      0      0      0      0      0      0      0      0      0      0 
     0      0      0      0      0      0      0      0      0      0      0      0      0      0      0      0      0      0      0 
     0      0      0      0      0      0      0      0      0      0      0      0      0      0      0      0      0      0      0 
0 -1 -1
     0      0      0      0      0      0      0      0      0      0      0      0      0      0      0      0      0      0      0 
  2780   2909   2924   3066   2986   2750   2481   3101   3194   3114   2713   2590   3022   3374   2958   2786   8721   3513   3144 
 17236  13361     51    147   2924   2750   2909   2986   2780   3066   3114   3194   3101   3022   8721   3374   3513   2958   3144   2786   2590   2713   2481  13425  26304      0      0  65535 
     0      0      0      0      0      0      0      0      0      0      0      0      0      0      0      0      0      0      0 
     0      0      0      0      0      0      0      0      0      0      0      0      0      0      0      0      0      0      0 
     0      0      0      0      0      0      0      0      0      0      0      0      0      0      0      0      0      0      0 
0 -1 -1
     0      0      0      0      0      0      0      0      0      0      0      0      0      0      0      0      0      0      0 
  2781   2908   2922   3067   2984   2744   2475   3099   3194   3114   2715   2588   3020   3373   2958   2786   8722   3513   3144 
 17236  13361     51    147   2922   2744   2908   2984   2781   3067   3114   3194   3099   3020   8722   3373   3513   2958   3144   2786   2588   2715   2475  13396  26304      0      0  65535 
     0      0      0      0      0      0      0      0      0      0      0      0      0      0      0      0      0      0      0 
     0      0      0      0      0      0      0      0      0      0      0      0      0      0      0      0      0      0      0 
     0      0      0      0      0      0      0      0      0      0      0      0      0      0      0      0      0      0      0 
0 -1 -1
     0      0      0      0      0      0      0      0      0      0      0      0      0      0      0      0      0      0      0 
  2779   2909   2919   3067   2983   2741   2474   3099   3191   3111   2714   2589   3018   3371   2958   2785   8712   3514   3144 
 17236  13361     51    147   2919   2741   2909   2983   2779   3067   3111   3191   3099   3018   8712   3371   3514   2958   3144   2785   2589   2714   2474  13386  26304      0      0  65535 
     0      0      0      0      0      0      0      0      0      0      0      0      0      0      0      0      0      0      0 
     0      0      0      0      0      0      0      0      0      0      0      0      0      0      0      0      0      0      0 
     0      0      0      0      0      0      0      0      0      0      0      0      0      0      0      0      0      0      0 
0 -1 -1
     0      0      0      0      0      0      0      0      0      0      0      0      0      0      0      0      0      0      0 
  2780   2907   2918   3066   2980   2739   2474   3098   3189   3107   2714   2588   3017   3373   2959   2786   8720   3515   3144 
 17236  13361     51    147   2918   2739   2907   2980   2780   3066   3107   3189   3098   3017   8720   3373   3515   2959   3144   2786   2588   2714   2474  13392  26304      0      0  65535 
     0      0      0      0      0      0      0      0      0      0      0      0      0      0      0      0      0      0      0 
     0      0      0      0      0      0      0      0      0      0      0      0      0      0      0      0      0      0      0 
     0      0      0      0      0      0      0      0      0      0      0      0      0      0      0      0      0      0      0 
0 -1 -1
     0      0      0      0      0      0      0      0      0      0      0      0      0      0      0      0      0      0      0 
  2780   2907   2917   3065   2978   2738   2472   3099   3187   3106   2714   2589   3017   3371   2958   2786   8723   3515   3142 
 17236  13361     51    147   2917   2738   2907   2978   2780   3065   3106   3187   3099   3017   8723   3371   3515   2958   3142   2786   2589   2714   2472  13381  26304      0      0  65535 
     0      0      0      0      0      0      0      0      0      0      0      0      0      0      0      0      0      0      0 
     0      0      0      0      0      0      0      0      0      0      0      0      0      0      0      0      0      0      0 
     0      0      0      0      0      0      0      0      0      0      0      0      0      0      0      0      0      0      0 
0 -1 -1
     0      0      0      0      0      0      0      0      0      0      0      0      0      0      0      0      0      0      0 
  2779   2906   2918   3065   2979   2737   2473   3098   3187   3105   2713   2588   3015   3371   2957   2785   8724   3515   3142 
 17236  13361     51    147   2918   2737   2906   2979   2779   3065   3105   3187   3098   3015   8724   3371   3515   2957   3142   2785   2588   2713   2473  13381  26304      0      1  65535 
     0      0      0      0      0      0      0      0      0      0      0      0      0      0      0      0      0      0      0 
     0      0      0      0      0      0      0      0      0      0      0      0      0      0      0      0      0      0      0 
     0      0      0      0      0      0      0      0      0      0      0      0      0      0      0      0      0      0      0 
0 -1 -1
     0      0      0      0      0      0      0      0      0      0      0      0      0      0      0      0      0      0      0 
  2778   2906   2917   3064   2978   2737   2472   3097   3185   3104   2713   2589   3014   3372   2958   2786   8716   3513   3144 
 17236  13361     51    147   2917   2737   2906   2978   2778   3064   3104   3185   3097   3014   8716   3372   3513   2958   3144   2786   2589   2713   2472  13380  26305      0      0  65535 
     0      0      0      0      0      0      0      0      0      0      0      0      0      0      0      0      0      0      0 
     0      0      0      0      0      0      0      0      0      0      0      0      0      0      0      0      0      0      0 
     0      0      0      0      0      0      0      0      0      0      0      0      0      0      0      0      0      0      0 
0 -1 -1
     0      0      0      0      0      0      0      0      0      0      0      0      0      0      0      0      0      0      0 
  2780   2905   2918   3065   2976   2736   2473   3099   3187   3103   2713   2589   3013   3372   2957   2784   8715   3514   3143 
 17236  13361     51    147   2918   2736   2905   2976   2780   3065   3103   3187   3099   3013   8715   3372   3514   2957   3143   2784   2589   2713   2473  13380  26305      0      0  65535 
     0      0      0      0      0      0      0      0      0      0      0      0      0      0      0      0      0      0      0 
     0      0      0      0      0      0      0      0      0      0      0      0      0      0      0      0      0      0      0 
     0      0      0      0      0      0      0      0      0      0      0      0      0      0      0      0      0      0      0 
0 -1 -1
     0      0      0      0      0      0      0      0      0      0      0      0      0      0      0      0      0      0      0 
  2779   2907   2917   3065   2977   2736   2473   3097   3185   3103   2711   2589   3015   3372   2957   2784   8722   3514   3143 
 17236  13361     51    147   2917   2736   2907   2977   2779   3065   3103   3185   3097   3015   8722   3372   3514   2957   3143   2784   2589   2711   2473  13380  26305      0      0  65535 
     0      0      0      0      0      0      0      0      0      0      0      0      0      0      0      0      0      0      0 
     0      0      0      0      0      0      0      0      0      0      0      0      0      0      0      0      0      0      0 
     0      0      0      0      0      0      0      0      0      0      0      0      0      0      0      0      0      0      0 
0 -1 -1
     0      0      0      0      0      0      0      0      0      0      0      0      0      0      0      0      0      0      0 
  2778   2907   2916   3064   2975   2735   2473   3096   3185   3104   2713   2590   3013   3372   2957   2784   8718   3512   3143 
 17236  13361     51    147   2916   2735   2907   2975   2778   3064   3104   3185   3096   3013   8718   3372   3512   2957   3143   2784   2590   2713   2473  13375  26305      0      0  65535 
     0      0      0      0      0      0      0      0      0      0      0      0      0      0      0      0      0      0      0 
     0      0      0      0      0      0      0      0      0      0      0      0      0      0      0      0      0      0      0 
     0      0      0      0      0      0      0      0      0      0      0      0      0      0      0      0      0      0      0 
0 -1 -1
     0      0      0      0      0      0      0      0      0      0      0      0      0      0      0      0      0      0      0 
  2778   2906   2917   3065   2975   2736   2472   3095   3183   3103   2712   2588   3014   3370   2957   2786   8715   3512   3143 
 17236  13361     51    147   2917   2736   2906   2975   2778   3065   3103   3183   3095   3014   8715   3370   3512   2957   3143   2786   2588   2712   2472  13373  26305      0      0  65535 
     0      0      0      0      0      0      0      0      0      0      0      0      0      0      0      0      0      0      0 
     0      0      0      0      0      0      0      0      0      0      0      0      0      0      0      0      0      0      0 
     0      0      0      0      0      0      0      0      0      0      0      0      0      0      0      0      0      0      0 
0 -1 -1
     0      0      0      0      0      0      0      0      0      0      0      0      0      0      0      0      0      0      0 
  2778   2906   2917   3064   2975   2735   2472   3097   3182   3102   2712   2587   3012   3371   2958   2785   8714   3513   3142 
 17236  13361     51    147   2917   2735   2906   2975   2778   3064   3102   3182   3097   3012   8714   3371   3513   2958   3142   2785   2587   2712   2472  13374  26304      0      0  65535 
     0      0      0      0      0      0      0      0      0      0      0      0      0      0      0      0      0      0      0 
     0      0      0      0      0      0      0      0      0      0      0      0      0      0      0      0      0      0      0 
     0      0      0      0      0      0      0      0      0      0      0      0      0      0      0      0      0      0      0 
0 -1 -1
     0      0      0      0      0      0      0      0      0      0      0      0      0      0      0      0      0      0      0 
  2778   2905   2916   3063   2973   2734   2471   3096   3182   3101   2711   2587   3012   3371   2957   2783   8711   3513   3140 
 17236  13361     51    147   2916   2734   2905   2973   2778   3063   3101   3182   3096   3012   8711   3371   3513   2957   3140   2783   2587   2711   2471  13375  26304      0      0  65535 
     0      0      0      0      0      0      0      0      0      0      0      0      0      0      0      0      0      0      0 
     0      0      0      0      0      0      0      0      0      0      0      0      0      0      0      0      0      0      0 
     0      0      0      0      0      0      0      0      0      0      0      0      0      0      0      0      0      0      0 
0 -1 -1
     0      0      0      0      0      0      0      0      0      0      0      0      0      0      0      0      0      0      0 
  2778   2905   2918   3064   2976   2735   2472   3095   3183   3101   2711   2587   3010   3370   2957   2782   8722   3513   3140 
 17236  13361     51    147   2918   2735   2905   2976   2778   3064   3101   3183   3095   3010   8722   3370   3513   2957   3140   2782   2587   2711   2472  13375  26305      0      0  65535 
     0      0      0      0      0      0      0      0      0      0      0      0      0      0      0      0      0      0      0 
     0      0      0      0      0      0      0      0      0      0      0      0      0      0      0      0      0      0      0 
     0      0      0      0      0      0      0      0      0      0      0      0      0      0      0      0      0      0      0 
0 -1 -1
     0      0      0      0      0      0      0      0      0      0      0      0      0      0      0      0      0      0      0 
  2778   2904   2916   3062   2974   2736   2473   3094   3182   3100   2712   2587   3012   3371   2957   2783   8716   3513   3142 
 17236  13361     51    147   2916   2736   2904   2974   2778   3062   3100   3182   3094   3012   8716   3371   3513   2957   3142   2783   2587   2712   2473  13375  26303      0      0  65535 
     0      0      0      0      0      0      0      0      0      0      0      0      0      0      0      0      0      0      0 
     0      0      0      0      0      0      0      0      0      0      0      0      0      0      0      0      0      0      0 
     0      0      0      0      0      0      0      0      0      0      0      0      0      0      0      0      0      0      0 
0 -1 -1
     0      0      0      0      0      0      0      0      0      0      0      0      0      0      0      0      0      0      0 
  2778   2905   2914   3062   2974   2734   2472   3095   3180   3101   2710   2587   3010   3370   2957   2783   8710   3513   3142 
 17236  13361     51    147   2914   2734   2905   2974   2778   3062   3101   3180   3095   3010   8710   3370   3513   2957   3142   2783   2587   2710   2472  13374  26303      0      0  65535 
     0      0      0      0      0      0      0      0      0      0      0      0      0      0      0      0      0      0      0 
     0      0      0      0      0      0      0      0      0      0      0      0      0      0      0      0      0      0      0 
     0      0      0      0      0      0      0      0      0      0      0      0      0      0      0      0      0      0      0 
0 -1 -1
