     0     27     37      0      0    255      1      0      0    255      0      0      0     22    255      0      0    255      0 
  3819   6664   5655   4122   4068  23743   3487   4120   4223  22452   3763   3529   4053   5366  10670   3781   8998  32766   4265 
 17236  13361     51    154   5655  23743   6664   4068   3819   4122  22452   4223   4120   4053   8998   5366  32766  10670   4265   3781   3529   3763   3487  13288  26304      0      0  65535 
     0      0      0      0      0      0      0      0      0      0      0      0      0      0      0      0      0      0      0 
     0      0      0      0      0      0      0      0      0      0      0      0      0      0      0      0      0      0      0 
     0      0      0      0      0      0      0      0      0      0      0      0      0      0      0      0      0      0      0 
0 -1 -1
     0     26     42      0      0    255      1      0      0    255      0      0      0     23    255      0      0    255      1 
  3817   6639   5860   4119   4062  24676   3493   4117   4218  22864   3762   3526   4049   5392  11015   3777   8998  32766   4266 
 17236  13361     51    154   5860  24676   6639   4062   3817   4119  22864   4218   4117   4049   8998   5392  32766  11015   4266   3777   3526   3762   3493  13289  26304      0      0  65535 
     0      0      0      0      0      0      0      0      0      0      0      0      0      0      0      0      0      0      0 
     0      0      0      0      0      0      0      0      0      0      0      0      0      0      0      0      0      0      0 
     0      0      0      0      0      0      0      0      0      0      0      0      0      0      0      0      0      0      0 
0 -1 -1
     0     27     46      0      0    255      1      0      0    255      0      0      0     24    255      0      0    255      1 
  3813   6689   6075   4120   4060  25622   3498   4116   4215  23255   3762   3524   4046   5408  11181   3775   9001  32766   4269 
 17236  13361     51    154   6075  25622   6689   4060   3813   4120  23255   4215   4116   4046   9001   5408  32766  11181   4269   3775   3524   3762   3498  13289  26304      0      1  65535 
     0      0      0      0      0      0      0      0      0      0      0      0      0      0      0      0      0      0      0 
     0      0      0      0      0      0      0      0      0      0      0      0      0      0      0      0      0      0      0 
     0      0      0      0      0      0      0      0      0      0      0      0      0      0      0      0      0      0      0 
0 -1 -1
     0     30     50      0      0    255      1      0      0    255      0      0      0     24    255      0      0    255      1 
  3812   6806   6234   4117   4063  26388   3501   4116   4213  23533   3766   3522   4046   5404  11214   3775   8999  32766   4271 
 17236  13361     51    154   6234  26388   6806   4063   3812   4117  23533   4213   4116   4046   8999   5404  32766  11214   4271   3775   3522   3766   3501  13289  26304      0      0  65535 
     0      0      0      0      0      0      0      0      0      0      0      0      0      0      0      0      0      0      0 
     0      0      0      0      0      0      0      0      0      0      0      0      0      0      0      0      0      0      0 
     0      0      0      0      0      0      0      0      0      0      0      0      0      0      0      0      0      0      0 
0 -1 -1
     0     32     51      0      0    255      1      0      0    255      0      0      0     24    255      0      0    255      1 
  3815   6898   6298   4118   4064  26784   3502   4115   4218  23657   3767   3521   4046   5411  11076   3775   8996  32766   4268 
 17236  13361     51    154   6298  26784   6898   4064   3815   4118  23657   4218   4115   4046   8996   5411  32766  11076   4268   3775   3521   3767   3502  13291  26304      0      0  65535 
     0      0      0      0      0      0      0      0      0      0      0      0      0      0      0      0      0      0      0 
     0      0      0      0      0      0      0      0      0      0      0      0      0      0      0      0      0      0      0 
     0      0      0      0      0      0      0      0      0      0      0      0      0      0      0      0      0      0      0 
0 -1 -1
     0     33     51      0      0    255      1      0      0    255      0      0      0     26    255      0      0    255      1 
  3814   6947   6296   4117   4066  26949   3505   4114   4218  23838   3766   3522   4046   5464  10967   3775   9000  32766   4266 
 17236  13361     51    154   6296  26949   6947   4066   3814   4117  23838   4218   4114   4046   9000   5464  32766  10967   4266   3775   3522   3766   3505  13292  26305      0      0  65535 
     0      0      0      0      0      0      0      0      0      0      0      0      0      0      0      0      0      0      0 
     0      0      0      0      0      0      0      0      0      0      0      0      0      0      0      0      0      0      0 
     0      0      0      0      0      0      0      0      0      0      0      0      0      0      0      0      0      0      0 
0 -1 -1
     0     31     50      0      0    255      1      0      0    255      0      0      0     28    255      0      0    255      0 
  3814   6849   6256   4117   4066  26724   3505   4115   4220  23786   3768   3522   4047   5520  10828   3774   8996  32766   4265 
 17236  13361     51    154   6256  26724   6849   4066   3814   4117  23786   4220   4115   4047   8996   5520  32766  10828   4265   3774   3522   3768   3505  13286  26304      0      0  65535 
     0      0      0      0      0      0      0      0      0      0      0      0      0      0      0      0      0      0      0 
     0      0      0      0      0      0      0      0      0      0      0      0      0      0      0      0      0      0      0 
     0      0      0      0      0      0      0      0      0      0      0      0      0      0      0      0      0      0      0 
0 -1 -1
     0     27     49      0      0    255      1      0      0    255      0      0      0     30    255      0      0    255      1 
  3813   6685   6227   4118   4064  26513   3507   4114   4220  23744   3766   3520   4047   5562  10884   3773   8989  32766   4266 
 17236  13361     51    154   6227  26513   6685   4064   3813   4118  23744   4220   4114   4047   8989   5562  32766  10884   4266   3773   3520   3766   3507  13284  26303      0      0  65535 
     0      0      0      0      0      0      0      0      0      0      0      0      0      0      0      0      0      0      0 
     0      0      0      0      0      0      0      0      0      0      0      0      0      0      0      0      0      0      0 
     0      0      0      0      0      0      0      0      0      0      0      0      0      0      0      0      0      0      0 
0 -1 -1
     0     25     51      0      0    255      1      0      0    255      0      0      0     33    255      0      0    255      1 
  3811   6608   6323   4116   4058  27026   3508   4112   4216  24138   3764   3518   4042   5627  11203   3770   8987  32766   4267 
 17236  13361     51    154   6323  27026   6608   4058   3811   4116  24138   4216   4112   4042   8987   5627  32766  11203   4267   3770   3518   3764   3508  13285  26303      0      0  65535 
     0      0      0      0      0      0      0      0      0      0      0      0      0      0      0      0      0      0      0 
     0      0      0      0      0      0      0      0      0      0      0      0      0      0      0      0      0      0      0 
     0      0      0      0      0      0      0      0      0      0      0      0      0      0      0      0      0      0      0 
0 -1 -1
     0     24     51      0      0    255      1      0      0    255      0      0      0     36    255      0      0    255      1 
  3810   6534   6299   4113   4058  27004   3506   4110   4216  24285   3761   3518   4040   5709  11201   3768   8997  32766   4268 
 17236  13361     51    154   6299  27004   6534   4058   3810   4113  24285   4216   4110   4040   8997   5709  32766  11201   4268   3768   3518   3761   3506  13287  26304      0      0  65535 
     0      0      0      0      0      0      0      0      0      0      0      0      0      0      0      0      0      0      0 
     0      0      0      0      0      0      0      0      0      0      0      0      0      0      0      0      0      0      0 
     0      0      0      0      0      0      0      0      0      0      0      0      0      0      0      0      0      0      0 
0 -1 -1
     0     20     47      0      0    255      1      0      0    255      0      0      0     40    255      0      0    255      1 
  3813   6392   6105   4117   4062  26170   3504   4112   4219  24132   3760   3520   4040   5790  11074   3769   8990  32766   4269 
 17236  13361     51    154   6105  26170   6392   4062   3813   4117  24132   4219   4112   4040   8990   5790  32766  11074   4269   3769   3520   3760   3504  13286  26304      0      0  65535 
     0      0      0      0      0      0      0      0      0      0      0      0      0      0      0      0      0      0      0 
     0      0      0      0      0      0      0      0      0      0      0      0      0      0      0      0      0      0      0 
     0      0      0      0      0      0      0      0      0      0      0      0      0      0      0      0      0      0      0 
0 -1 -1
     0     16     42      0      0    255      1      0      0    255      0      0      0     40    255      0      0    255      1 
  3812   6214   5901   4117   4064  25097   3501   4113   4223  23626   3758   3523   4045   5806  10749   3772   8998  32766   4268 
 17236  13361     51    153   5901  25097   6214   4064   3812   4117  23626   4223   4113   4045   8998   5806  32766  10749   4268   3772   3523   3758   3501  13292  26304      0      0  65535 
     0      0      0      0      0      0      0      0      0      0      0      0      0      0      0      0      0      0      0 
     0      0      0      0      0      0      0      0      0      0      0      0      0      0      0      0      0      0      0 
     0      0      0      0      0      0      0      0      0      0      0      0      0      0      0      0      0      0      0 
0 -1 -1
     0     13     37      0      0    255      1      0      0    255      0      0      0     37    249      0      0    255      1 
  3816   6047   5667   4120   4067  23813   3498   4117   4230  22723   3763   3530   4052   5715  10313   3779   8994  32766   4271 
 17236  13361     51    154   5667  23813   6047   4067   3816   4120  22723   4230   4117   4052   8994   5715  32766  10313   4271   3779   3530   3763   3498  13293  26305      0      0  65535 
     0      0      0      0      0      0      0      0      0      0      0      0      0      0      0      0      0      0      0 
     0      0      0      0      0      0      0      0      0      0      0      0      0      0      0      0      0      0      0 
     0      0      0      0      0      0      0      0      0      0      0      0      0      0      0      0      0      0      0 
0 -1 -1
     0      7     31      0      0    255      1      0      0    255      0      0      0     32    225      0      0    255      1 
  3820   5785   5339   4127   4072  21963   3492   4124   4240  21373   3765   3535   4060   5594   9717   3787   9004  32766   4271 
 17236  13361     51    154   5339  21963   5785   4072   3820   4127  21373   4240   4124   4060   9004   5594  32766   9717   4271   3787   3535   3765   3492  13285  26304      0      0  65535 
     0      0      0      0      0      0      0      0      0      0      0      0      0      0      0      0      0      0      0 
     0      0      0      0      0      0      0      0      0      0      0      0      0      0      0      0      0      0      0 
     0      0      0      0      0      0      0      0      0      0      0      0      0      0      0      0      0      0      0 
0 -1 -1
     0      0     20      0      0    255      1      0      0    255      0      0      0     23    196      0      0    255      1 
  3825   5313   4860   4134   4077  19259   3484   4130   4250  19371   3767   3545   4070   5397   8989   3799   8997  32707   4270 
 17236  13361     51    154   4860  19259   5313   4077   3825   4134  19371   4250   4130   4070   8997   5397  32707   8989   4270   3799   3545   3767   3484  13284  26304      0      0  65535 
     0      0      0      0      0      0      0      0      0      0      0      0      0      0      0      0      0      0      0 
     0      0      0      0      0      0      0      0      0      0      0      0      0      0      0      0      0      0      0 
     0      0      0      0      0      0      0      0      0      0      0      0      0      0      0      0      0      0      0 
0 -1 -1
     0      0      9      0      0    255      0      0      0    255      0      0      0      9    146      0      0    255      1 
  3830   4757   4321   4145   4086  15865   3475   4140   4265  16511   3777   3560   4087   5058   7745   3816   9002  29180   4266 
 17236  13361     51    154   4321  15865   4757   4086   3830   4145  16511   4265   4140   4087   9002   5058  29180   7745   4266   3816   3560   3777   3475  13283  26305      0      0  65535 
     0      0      0      0      0      0      0      0      0      0      0      0      0      0      0      0      0      0      0 
     0      0      0      0      0      0      0      0      0      0      0      0      0      0      0      0      0      0      0 
     0      0      0      0      0      0      0      0      0      0      0      0      0      0      0      0      0      0      0 
0 -1 -1
     0      0      1      0      0    183      0      0      0    114      0      0      0      0     69      0      0    222      0 
  3837   4307   3971   4158   4092  12023   3467   4153   4281  13204   3791   3577   4107   4799   5814   3836   9003  21733   4257 
 17236  13361     51    154   3971  12023   4307   4092   3837   4158  13204   4281   4153   4107   9003   4799  21733   5814   4257   3836   3577   3791   3467  13282  26304      1      0  65535 
     0      0      0      0      0      0      0      0      0      0      0      0      0      0      0      0      0      0      0 
     0      0      0      0      0      0      0      0      0      0      0      0      0      0      0      0      0      0      0 
     0      0      0      0      0      0      0      0      0      0      0      0      0      0      0      0      0      0      0 
0 -1 -1
     0      0      0      0      0      0      0      0      0      0      0      0      0     18      1      0      0      0      0 
  3847   4643   3903   4167   4100   6560   3458   4165   4297  10077   3806   3596   4130   5276   4117   3854   9012  11319   4240 
 17236  13361     51    154   3903   6560   4643   4100   3847   4167  10077   4297   4165   4130   9012   5276  11319   4117   4240   3854   3596   3806   3458  13284  26304      0      0  65535 
     0      0      0      0      0      0      0      0      0      0      0      0      0      0      0      0      0      0      0 
     0      0      0      0      0      0      0      0      0      0      0      0      0      0      0      0      0      0      0 
     0      0      0      0      0      0      0      0      0      0      0      0      0      0      0      0      0      0      0 
0 -1 -1
     0      0      0      0      0      0      0      0      0      0      0      0      0      0      0      0      0      0      0 
  3849   4259   3907   4177   4111   3897   3456   4176   4297   5350   3816   3604   4144   4659   4096   3871   9014   4907   4236 
 17236  13361     51    154   3907   3897   4259   4111   3849   4177   5350   4297   4176   4144   9014   4659   4907   4096   4236   3871   3604   3816   3456  13288  26304      0      0  65535 
     0      0      0      0      0      0      0      0      0      0      0      0      0      0      0      0      0      0      0 
     0      0      0      0      0      0      0      0      0      0      0      0      0      0      0      0      0      0      0 
     0      0      0      0      0      0      0      0      0      0      0      0      0      0      0      0      0      0      0 
0 -1 -1
     0      0      0      0      0      0      0      0      0      0      0      0      0      0      0      0      0      0      0 
  3849   3984   3908   4181   4112   3806   3457   4176   4293   4254   3817   3605   4142   4525   4096   3871   9013   4667   4235 
 17236  13361     51    154   3908   3806   3984   4112   3849   4181   4254   4293   4176   4142   9013   4525   4667   4096   4235   3871   3605   3817   3457  13288  26304      0      0  65535 
     0      0      0      0      0      0      0      0      0      0      0      0      0      0      0      0      0      0      0 
     0      0      0      0      0      0      0      0      0      0      0      0      0      0      0      0      0      0      0 
     0      0      0      0      0      0      0      0      0      0      0      0      0      0      0      0      0      0      0 
0 -1 -1
     0      0      0      0      0      0      0      0      0      0      0      0      0      0      0      0      0      0      0 
  3849   3984   3907   4180   4111   3803   3457   4177   4294   4245   3814   3605   4143   4522   4094   3872   9020   4661   4236 
 17236  13361     51    154   3907   3803   3984   4111   3849   4180   4245   4294   4177   4143   9020   4522   4661   4094   4236   3872   3605   3814   3457  13286  26304      0      0  65535 
     0      0      0      0      0      0      0      0      0      0      0      0      0      0      0      0      0      0      0 
     0      0      0      0      0      0      0      0      0      0      0      0      0      0      0      0      0      0      0 
     0      0      0      0      0      0      0      0      0      0      0      0      0      0      0      0      0      0      0 
0 -1 -1
     0      0      0      0      0      0      0      0      0      0      0      0      0      0      0      0      0      0      0 
  3847   3985   3906   4180   4111   3801   3457   4177   4293   4244   3816   3605   4142   4522   4094   3873   9010   4659   4233 
 17236  13361     51    153   3906   3801   3985   4111   3847   4180   4244   4293   4177   4142   9010   4522   4659   4094   4233   3873   3605   3816   3457  13286  26303      0      0  65535 
     0      0      0      0      0      0      0      0      0      0      0      0      0      0      0      0      0      0      0 
     0      0      0      0      0      0      0      0      0      0      0      0      0      0      0      0      0      0      0 
     0      0      0      0      0      0      0      0      0      0      0      0      0      0      0      0      0      0      0 
0 -1 -1
     0      0      0      0      0      0      0      0      0      0      0      0      0      0      0      0      0      0      0 
  3849   3985   3907   4179   4110   3802   3455   4177   4293   4241   3816   3605   4143   4522   4093   3872   9021   4658   4234 
 17236  13361     51    154   3907   3802   3985   4110   3849   4179   4241   4293   4177   4143   9021   4522   4658   4093   4234   3872   3605   3816   3455  13287  26304      0      0  65535 
     0      0      0      0      0      0      0      0      0      0      0      0      0      0      0      0      0      0      0 
     0      0      0      0      0      0      0      0      0      0      0      0      0      0      0      0      0      0      0 
     0      0      0      0      0      0      0      0      0      0      0      0      0      0      0      0      0      0      0 
0 -1 -1
     0      0      0      0      0      0      0      0      0      0      0      0      0      0      0      0      0      0      0 
  3849   3983   3907   4178   4110   3802   3456   4176   4293   4239   3813   3604   4142   4523   4093   3871   9016   4659   4234 
 17236  13361     51    154   3907   3802   3983   4110   3849   4178   4239   4293   4176   4142   9016   4523   4659   4093   4234   3871   3604   3813   3456  13287  26304      0      0  65535 
     0      0      0      0      0      0      0      0      0      0      0      0      0      0      0      0      0      0      0 
     0      0      0      0      0      0      0      0      0      0      0      0      0      0      0      0      0      0      0 
     0      0      0      0      0      0      0      0      0      0      0      0      0      0      0      0      0      0      0 
0 -1 -1
     0      0      0      0      0      0      0      0      0      0      0      0      0      0      0      0      0      0      0 
  3847   3983   3907   4178   4111   3800   3455   4176   4292   4238   3815   3604   4141   4521   4091   3871   9016   4659   4235 
 17236  13361     51    154   3907   3800   3983   4111   3847   4178   4238   4292   4176   4141   9016   4521   4659   4091   4235   3871   3604   3815   3455  13287  26304      0      0  65535 
     0      0      0      0      0      0      0      0      0      0      0      0      0      0      0      0      0      0      0 
     0      0      0      0      0      0      0      0      0      0      0      0      0      0      0      0      0      0      0 
     0      0      0      0      0      0      0      0      0      0      0      0      0      0      0      0      0      0      0 
0 -1 -1
     0      0      0      0      0      0      0      0      0      0      0      0      0      0      0      0      0      0      0 
  3848   3982   3907   4178   4110   3803   3457   4176   4292   4237   3814   3604   4141   4521   4092   3870   9016   4660   4234 
 17236  13361     51    154   3907   3803   3982   4110   3848   4178   4237   4292   4176   4141   9016   4521   4660   4092   4234   3870   3604   3814   3457  13286  26304      0      0  65535 
     0      0      0      0      0      0      0      0      0      0      0      0      0      0      0      0      0      0      0 
     0      0      0      0      0      0      0      0      0      0      0      0      0      0      0      0      0      0      0 
     0      0      0      0      0      0      0      0      0      0      0      0      0      0      0      0      0      0      0 
0 -1 -1
     0      0      0      0      0      0      0      0      0      0      0      0      0      0      0      0      0      0      0 
  3847   3982   3906   4178   4110   3802   3454   4176   4293   4237   3815   3603   4141   4521   4091   3870   9018   4660   4233 
 17236  13361     51    154   3906   3802   3982   4110   3847   4178   4237   4293   4176   4141   9018   4521   4660   4091   4233   3870   3603   3815   3454  13285  26305      0      0  65535 
     0      0      0      0      0      0      0      0      0      0      0      0      0      0      0      0      0      0      0 
     0      0      0      0      0      0      0      0      0      0      0      0      0      0      0      0      0      0      0 
     0      0      0      0      0      0      0      0      0      0      0      0      0      0      0      0      0      0      0 
0 -1 -1
     0      0      0      0      0      0      0      0      0      0      0      0      0      0      0      0      0      0      0 
  3847   3982   3908   4180   4110   3803   3456   4176   4294   4238   3815   3603   4141   4521   4091   3870   9021   4662   4234 
 17236  13361     51    154   3908   3803   3982   4110   3847   4180   4238   4294   4176   4141   9021   4521   4662   4091   4234   3870   3603   3815   3456  13285  26304      0      0  65535 
     0      0      0      0      0      0      0      0      0      0      0      0      0      0      0      0      0      0      0 
     0      0      0      0      0      0      0      0      0      0      0      0      0      0      0      0      0      0      0 
     0      0      0      0      0      0      0      0      0      0      0      0      0      0      0      0      0      0      0 
0 -1 -1
     0      0      0      0      0      0      0      0      0      0      0      0      0      0      0      0      0      0      0 
  3847   3982   3906   4178   4111   3803   3456   4175   4294   4238   3815   3604   4140   4520   4092   3870   9015   4662   4234 
 17236  13361     51    154   3906   3803   3982   4111   3847   4178   4238   4294   4175   4140   9015   4520   4662   4092   4234   3870   3604   3815   3456  13284  26304      0      0  65535 
     0      0      0      0      0      0      0      0      0      0      0      0      0      0      0      0      0      0      0 
     0      0      0      0      0      0      0      0      0      0      0      0      0      0      0      0      0      0      0 
     0      0      0      0      0      0      0      0      0      0      0      0      0      0      0      0      0      0      0 
0 -1 -1
     0      0      0      0      0      0      0      0      0      0      0      0      0      0      0      0      0      0      0 
  3847   3982   3907   4177   4110   3803   3457   4176   4292   4237   3814   3604   4142   4521   4091   3870   9018   4663   4233 
 17236  13361     51    154   3907   3803   3982   4110   3847   4177   4237   4292   4176   4142   9018   4521   4663   4091   4233   3870   3604   3814   3457  13286  26304      0      0  65535 
     0      0      0      0      0      0      0      0      0      0      0      0      0      0      0      0      0      0      0 
     0      0      0      0      0      0      0      0      0      0      0      0      0      0      0      0      0      0      0 
     0      0      0      0      0      0      0      0      0      0      0      0      0      0      0      0      0      0      0 
0 -1 -1
     0      0      0      0      0      0      0      0      0      0      0      0      0      0      0      0      0      0      0 
  3849   3980   3906   4177   4110   3802   3456   4174   4291   4236   3813   3604   4142   4520   4091   3869   9018   4664   4233 
 17236  13361     51    154   3906   3802   3980   4110   3849   4177   4236   4291   4174   4142   9018   4520   4664   4091   4233   3869   3604   3813   3456  13287  26305      0      0  65535 
     0      0      0      0      0      0      0      0      0      0      0      0      0      0      0      0      0      0      0 
     0      0      0      0      0      0      0      0      0      0      0      0      0      0      0      0      0      0      0 
     0      0      0      0      0      0      0      0      0      0      0      0      0      0      0      0      0      0      0 
0 -1 -1
     0      0      0      0      0      0      0      0      0      0      0      0      0      0      0      0      0      0      0 
  3847   3983   3907   4177   4108   3804   3456   4175   4291   4236   3814   3603   4140   4520   4091   3870   9017   4663   4232 
 17236  13361     51    154   3907   3804   3983   4108   3847   4177   4236   4291   4175   4140   9017   4520   4663   4091   4232   3870   3603   3814   3456  13291  26304      0      0  65535 
     0      0      0      0      0      0      0      0      0      0      0      0      0      0      0      0      0      0      0 
     0      0      0      0      0      0      0      0      0      0      0      0      0      0      0      0      0      0      0 
     0      0      0      0      0      0      0      0      0      0      0      0      0      0      0      0      0      0      0 
0 -1 -1
     0      0      0      0      0      0      0      0      0      0      0      0      0      0      0      0      0      0      0 
  3848   3981   3906   4177   4108   3801   3454   4174   4291   4236   3816   3604   4140   4519   4089   3869   9024   4665   4233 
 17236  13361     51    154   3906   3801   3981   4108   3848   4177   4236   4291   4174   4140   9024   4519   4665   4089   4233   3869   3604   3816   3454  13305  26305      0      0  65535 
     0      0      0      0      0      0      0      0      0      0      0      0      0      0      0      0      0      0      0 
     0      0      0      0      0      0      0      0      0      0      0      0      0      0      0      0      0      0      0 
     0      0      0      0      0      0      0      0      0      0      0      0      0      0      0      0      0      0      0 
0 -1 -1
     0      0      0      0      0      0      0      0      0      0      0      0      0      0      0      0      0      0      0 
  3846   3980   3906   4176   4108   3802   3454   4174   4291   4236   3813   3604   4140   4519   4091   3869   9009   4665   4232 
 17236  13361     51    154   3906   3802   3980   4108   3846   4176   4236   4291   4174   4140   9009   4519   4665   4091   4232   3869   3604   3813   3454  13280  26304      0      0  65535 
     0      0      0      0      0      0      0      0      0      0      0      0      0      0      0      0      0      0      0 
     0      0      0      0      0      0      0      0      0      0      0      0      0      0      0      0      0      0      0 
     0      0      0      0      0      0      0      0      0      0      0      0      0      0      0      0      0      0      0 
0 -1 -1
     0      0      0      0      0      0      0      0      0      0      0      0      0      0      0      0      0      0      0 
  3845   3981   3905   4176   4106   3803   3455   4175   4291   4235   3813   3604   4139   4519   4090   3870   9010   4665   4232 
 17236  13361     51    154   3905   3803   3981   4106   3845   4176   4235   4291   4175   4139   9010   4519   4665   4090   4232   3870   3604   3813   3455  13280  26304      0      0  65535 
     0      0      0      0      0      0      0      0      0      0      0      0      0      0      0      0      0      0      0 
     0      0      0      0      0      0      0      0      0      0      0      0      0      0      0      0      0      0      0 
     0      0      0      0      0      0      0      0      0      0      0      0      0      0      0      0      0      0      0 
0 -1 -1
     0      0      0      0      0      0      0      0      0      0      0      0      0      0      0      0      0      0      0 
  3846   3981   3906   4177   4108   3802   3455   4173   4291   4237   3812   3604   4139   4519   4090   3868   9014   4665   4231 
 17236  13361     51    154   3906   3802   3981   4108   3846   4177   4237   4291   4173   4139   9014   4519   4665   4090   4231   3868   3604   3812   3455  13280  26304      0      0  65535 
     0      0      0      0      0      0      0      0      0      0      0      0      0      0      0      0      0      0      0 
     0      0      0      0      0      0      0      0      0      0      0      0      0      0      0      0      0      0      0 
     0      0      0      0      0      0      0      0      0      0      0      0      0      0      0      0      0      0      0 
0 -1 -1
     0      0      0      0      0      0      0      0      0      0      0      0      0      0      0      0      0      0      0 
  3846   3981   3905   4175   4107   3802   3454   4173   4290   4236   3814   3601   4139   4518   4088   3870   9002   4666   4233 
 17236  13361     51    154   3905   3802   3981   4107   3846   4175   4236   4290   4173   4139   9002   4518   4666   4088   4233   3870   3601   3814   3454  13280  26303      0      0  65535 
     0      0      0      0      0      0      0      0      0      0      0      0      0      0      0      0      0      0      0 
     0      0      0      0      0      0      0      0      0      0      0      0      0      0      0      0      0      0      0 
     0      0      0      0      0      0      0      0      0      0      0      0      0      0      0      0      0      0      0 
0 -1 -1
     0      0      0      0      0      0      0      0      0      0      0      0      0      0      0      0      0      0      0 
  3848   3981   3906   4177   4107   3803   3455   4174   4290   4237   3814   3603   4137   4519   4090   3868   9009   4667   4232 
 17236  13361     51    154   3906   3803   3981   4107   3848   4177   4237   4290   4174   4137   9009   4519   4667   4090   4232   3868   3603   3814   3455  13282  26303      0      0  65535 
     0      0      0      0      0      0      0      0      0      0      0      0      0      0      0      0      0      0      0 
     0      0      0      0      0      0      0      0      0      0      0      0      0      0      0      0      0      0      0 
     0      0      0      0      0      0      0      0      0      0      0      0      0      0      0      0      0      0      0 
0 -1 -1
     0      0      0      0      0      0      0      0      0      0      0      0      0      0      0      0      0      0      0 
  3846   3980   3905   4176   4109   3804   3454   4173   4291   4237   3813   3603   4138   4518   4088   3869   9022   4667   4233 
 17236  13361     51    154   3905   3804   3980   4109   3846   4176   4237   4291   4173   4138   9022   4518   4667   4088   4233   3869   3603   3813   3454  13282  26304      1      1  65535 
     0      0      0      0      0      0      0      0      0      0      0      0      0      0      0      0      0      0      0 
     0      0      0      0      0      0      0      0      0      0      0      0      0      0      0      0      0      0      0 
     0      0      0      0      0      0      0      0      0      0      0      0      0      0      0      0      0      0      0 
0 -1 -1
     0      0      0      0      0      0      0      0      0      0      0      0      0      0      0      0      0      0      0 
  3847   3980   3905   4177   4107   3802   3454   4173   4290   4237   3813   3603   4138   4518   4088   3868   9018   4667   4231 
 17236  13361     51    154   3905   3802   3980   4107   3847   4177   4237   4290   4173   4138   9018   4518   4667   4088   4231   3868   3603   3813   3454  13283  26304      0      0  65535 
     0      0      0      0      0      0      0      0      0      0      0      0      0      0      0      0      0      0      0 
     0      0      0      0      0      0      0      0      0      0      0      0      0      0      0      0      0      0      0 
     0      0      0      0      0      0      0      0      0      0      0      0      0      0      0      0      0      0      0 
0 -1 -1
     0      0      0      0      0      0      0      0      0      0      0      0      0      0      0      0      0      0      0 
  3846   3979   3905   4176   4107   3803   3453   4173   4289   4236   3814   3602   4139   4518   4090   3868   9021   4667   4232 
 17236  13361     51    154   3905   3803   3979   4107   3846   4176   4236   4289   4173   4139   9021   4518   4667   4090   4232   3868   3602   3814   3453  13283  26305      0      0  65535 
     0      0      0      0      0      0      0      0      0      0      0      0      0      0      0      0      0      0      0 
     0      0      0      0      0      0      0      0      0      0      0      0      0      0      0      0      0      0      0 
     0      0      0      0      0      0      0      0      0      0      0      0      0      0      0      0      0      0      0 
0 -1 -1
     0      0      0      0      0      0      0      0      0      0      0      0      0      0      0      0      0      0      0 
  3845   3980   3907   4177   4108   3802   3453   4174   4290   4236   3812   3603   4138   4519   4088   3869   9021   4667   4233 
 17236  13361     51    154   3907   3802   3980   4108   3845   4177   4236   4290   4174   4138   9021   4519   4667   4088   4233   3869   3603   3812   3453  13283  26305      0      1  65535 
     0      0      0      0      0      0      0      0      0      0      0      0      0      0      0      0      0      0      0 
     0      0      0      0      0      0      0      0      0      0      0      0      0      0      0      0      0      0      0 
     0      0      0      0      0      0      0      0      0      0      0      0      0      0      0      0      0      0      0 
0 -1 -1
     0      0      0      0      0      0      0      0      0      0      0      0      0      0      0      0      0      0      0 
  3846   3978   3905   4175   4105   3802   3452   4174   4289   4236   3813   3602   4136   4517   4088   3868   9016   4666   4230 
 17236  13361     51    154   3905   3802   3978   4105   3846   4175   4236   4289   4174   4136   9016   4517   4666   4088   4230   3868   3602   3813   3452  13284  26305      0      1  65535 
     0      0      0      0      0      0      0      0      0      0      0      0      0      0      0      0      0      0      0 
     0      0      0      0      0      0      0      0      0      0      0      0      0      0      0      0      0      0      0 
     0      0      0      0      0      0      0      0      0      0      0      0      0      0      0      0      0      0      0 
0 -1 -1
     0      0      0      0      0      0      0      0      0      0      0      0      0      0      0      0      0      0      0 
  3846   3979   3906   4176   4105   3803   3453   4173   4290   4235   3813   3603   4138   4516   4088   3867   9015   4667   4231 
 17236  13361     51    154   3906   3803   3979   4105   3846   4176   4235   4290   4173   4138   9015   4516   4667   4088   4231   3867   3603   3813   3453  13287  26304      0      0  65535 
     0      0      0      0      0      0      0      0      0      0      0      0      0      0      0      0      0      0      0 
     0      0      0      0      0      0      0      0      0      0      0      0      0      0      0      0      0      0      0 
     0      0      0      0      0      0      0      0      0      0      0      0      0      0      0      0      0      0      0 
0 -1 -1
     0      0      0      0      0      0      0      0      0      0      0      0      0      0      0      0      0      0      0 
  3845   3978   3904   4176   4105   3802   3453   4171   4289   4236   3811   3602   4138   4517   4088   3867   9016   4668   4230 
 17236  13361     51    154   3904   3802   3978   4105   3845   4176   4236   4289   4171   4138   9016   4517   4668   4088   4230   3867   3602   3811   3453  13289  26304      0      0  65535 
     0      0      0      0      0      0      0      0      0      0      0      0      0      0      0      0      0      0      0 
     0      0      0      0      0      0      0      0      0      0      0      0      0      0      0      0      0      0      0 
     0      0      0      0      0      0      0      0      0      0      0      0      0      0      0      0      0      0      0 
0 -1 -1
     0      0      0      0      0      0      0      0      0      0      0      0      0      0      0      0      0      0      0 
  3845   3978   3904   4175   4105   3802   3452   4171   4289   4234   3813   3600   4137   4518   4087   3869   9021   4665   4231 
 17236  13361     51    154   3904   3802   3978   4105   3845   4175   4234   4289   4171   4137   9021   4518   4665   4087   4231   3869   3600   3813   3452  13289  26305      0      0  65535 
     0      0      0      0      0      0      0      0      0      0      0      0      0      0      0      0      0      0      0 
     0      0      0      0      0      0      0      0      0      0      0      0      0      0      0      0      0      0      0 
     0      0      0      0      0      0      0      0      0      0      0      0      0      0      0      0      0      0      0 
0 -1 -1
