     0      0      0      0      0      0      0      0      0      0      0    221      0      0    255     76      0     81      0 
  2393   2496   2537   2638   2504   2278   2093   2673   2714   2621   2301  10421   2598   2963  14696   6327   8639   6824   2756 
 17236  13361     51    144   2537   2278   2496   2504   2393   2638   2621   2714   2673   2598   8639   2963   6824  14696   2756   6327  10421   2301   2093  13303  26304      0      0  65535 
     0      0      0      0      0      0      0      0      0      0      0      0      0      0      0      0      0      0      0 
     0      0      0      0      0      0      0      0      0      0      0      0      0      0      0      0      0      0      0 
     0      0      0      0      0      0      0      0      0      0      0      0      0      0      0      0      0      0      0 
0 -1 -1
     0      0      0      0      0      0      0      0      0      0      0    249      0      0    255     82      0     83      0 
  2392   2496   2535   2636   2502   2275   2094   2673   2714   2619   2303  11370   2598   2963  15357   6632   8630   6912   2757 
 17236  13361     51    144   2535   2275   2496   2502   2392   2636   2619   2714   2673   2598   8630   2963   6912  15357   2757   6632  11370   2303   2094  13304  26304      0      0  65535 
     0      0      0      0      0      0      0      0      0      0      0      0      0      0      0      0      0      0      0 
     0      0      0      0      0      0      0      0      0      0      0      0      0      0      0      0      0      0      0 
     0      0      0      0      0      0      0      0      0      0      0      0      0      0      0      0      0      0      0 
0 -1 -1
     0      0      0      0      0      0      0      0      0      0      0    255      0      0    255     88      0     84      0 
  2392   2495   2535   2636   2498   2271   2092   2671   2710   2617   2307  12436   2600   2963  15945   6951   8641   6938   2758 
 17236  13361     51    144   2535   2271   2495   2498   2392   2636   2617   2710   2671   2600   8641   2963   6938  15945   2758   6951  12436   2307   2092  13305  26303      0      0  65535 
     0      0      0      0      0      0      0      0      0      0      0      0      0      0      0      0      0      0      0 
     0      0      0      0      0      0      0      0      0      0      0      0      0      0      0      0      0      0      0 
     0      0      0      0      0      0      0      0      0      0      0      0      0      0      0      0      0      0      0 
0 -1 -1
     0      0      0      0      0      0      0      0      0      0      0    255      0      0    255     91      0     84      0 
  2389   2492   2534   2635   2498   2266   2095   2668   2709   2616   2313  13343   2602   2967  16538   7139   8639   6961   2758 
 17236  13361     51    144   2534   2266   2492   2498   2389   2635   2616   2709   2668   2602   8639   2967   6961  16538   2758   7139  13343   2313   2095  13305  26303      1      0  65535 
     0      0      0      0      0      0      0      0      0      0      0      0      0      0      0      0      0      0      0 
     0      0      0      0      0      0      0      0      0      0      0      0      0      0      0      0      0      0      0 
     0      0      0      0      0      0      0      0      0      0      0      0      0      0      0      0      0      0      0 
0 -1 -1
     0      0      0      0      0      0      0      0      0      0      0    255      0      1    255     92      0     85      0 
  2390   2491   2533   2635   2495   2264   2095   2670   2706   2617   2325  13766   2601   2969  16986   7181   8640   6979   2757 
 17236  13361     51    144   2533   2264   2491   2495   2390   2635   2617   2706   2670   2601   8640   2969   6979  16986   2757   7181  13766   2325   2095  13303  26304      1      0  65535 
     0      0      0      0      0      0      0      0      0      0      0      0      0      0      0      0      0      0      0 
     0      0      0      0      0      0      0      0      0      0      0      0      0      0      0      0      0      0      0 
     0      0      0      0      0      0      0      0      0      0      0      0      0      0      0      0      0      0      0 
0 -1 -1
     0      0      0      0      0      0      0      0      0      0      0    255      0      1    255     91      0     85      0 
  2390   2490   2533   2632   2494   2264   2093   2669   2706   2615   2327  13714   2603   2970  17167   7138   8632   6992   2757 
 17236  13361     51    144   2533   2264   2490   2494   2390   2632   2615   2706   2669   2603   8632   2970   6992  17167   2757   7138  13714   2327   2093  13299  26304      0      0  65535 
     0      0      0      0      0      0      0      0      0      0      0      0      0      0      0      0      0      0      0 
     0      0      0      0      0      0      0      0      0      0      0      0      0      0      0      0      0      0      0 
     0      0      0      0      0      0      0      0      0      0      0      0      0      0      0      0      0      0      0 
0 -1 -1
     0      0      0      0      0      0      0      0      0      0      0    255      0      1    255     92      0     87      0 
  2390   2491   2531   2632   2493   2262   2095   2668   2704   2614   2338  13837   2604   2971  17591   7164   8637   7087   2757 
 17236  13361     51    144   2531   2262   2491   2493   2390   2632   2614   2704   2668   2604   8637   2971   7087  17591   2757   7164  13837   2338   2095  13299  26304      0      0  65535 
     0      0      0      0      0      0      0      0      0      0      0      0      0      0      0      0      0      0      0 
     0      0      0      0      0      0      0      0      0      0      0      0      0      0      0      0      0      0      0 
     0      0      0      0      0      0      0      0      0      0      0      0      0      0      0      0      0      0      0 
0 -1 -1
     0      0      0      0      0      0      0      0      0      0      0    255      0      1    255     92      0     88      0 
  2388   2492   2532   2632   2492   2264   2095   2668   2702   2614   2342  13779   2604   2971  17892   7146   8648   7160   2758 
 17236  13361     51    144   2532   2264   2492   2492   2388   2632   2614   2702   2668   2604   8648   2971   7160  17892   2758   7146  13779   2342   2095  13297  26304      0      0  65535 
     0      0      0      0      0      0      0      0      0      0      0      0      0      0      0      0      0      0      0 
     0      0      0      0      0      0      0      0      0      0      0      0      0      0      0      0      0      0      0 
     0      0      0      0      0      0      0      0      0      0      0      0      0      0      0      0      0      0      0 
0 -1 -1
     0      0      0      0      0      0      0      0      0      0      1    255      0      1    255     91      0     89      0 
  2388   2489   2531   2632   2491   2261   2095   2666   2700   2615   2351  13773   2605   2972  18136   7123   8653   7196   2757 
 17236  13361     51    144   2531   2261   2489   2491   2388   2632   2615   2700   2666   2605   8653   2972   7196  18136   2757   7123  13773   2351   2095  13299  26304      0      0  65535 
     0      0      0      0      0      0      0      0      0      0      0      0      0      0      0      0      0      0      0 
     0      0      0      0      0      0      0      0      0      0      0      0      0      0      0      0      0      0      0 
     0      0      0      0      0      0      0      0      0      0      0      0      0      0      0      0      0      0      0 
0 -1 -1
     0      0      0      0      0      0      0      0      0      0      1    255      0      1    255     92      0     89      0 
  2387   2488   2530   2632   2492   2262   2095   2666   2700   2613   2368  14119   2606   2972  18403   7171   8656   7187   2760 
 17236  13361     51    144   2530   2262   2488   2492   2387   2632   2613   2700   2666   2606   8656   2972   7187  18403   2760   7171  14119   2368   2095  13301  26304      0      0  65535 
     0      0      0      0      0      0      0      0      0      0      0      0      0      0      0      0      0      0      0 
     0      0      0      0      0      0      0      0      0      0      0      0      0      0      0      0      0      0      0 
     0      0      0      0      0      0      0      0      0      0      0      0      0      0      0      0      0      0      0 
0 -1 -1
     0      0      0      0      0      0      0      0      0      0      2    255      0      1    255     93      0     88      0 
  2388   2489   2530   2630   2490   2260   2095   2666   2699   2614   2383  14574   2606   2974  18590   7246   8638   7124   2757 
 17236  13361     51    144   2530   2260   2489   2490   2388   2630   2614   2699   2666   2606   8638   2974   7124  18590   2757   7246  14574   2383   2095  13301  26305      0      0  65535 
     0      0      0      0      0      0      0      0      0      0      0      0      0      0      0      0      0      0      0 
     0      0      0      0      0      0      0      0      0      0      0      0      0      0      0      0      0      0      0 
     0      0      0      0      0      0      0      0      0      0      0      0      0      0      0      0      0      0      0 
0 -1 -1
     0      0      0      0      0      0      0      0      0      0      2    255      0      1    255     94      0     87      0 
  2387   2488   2529   2631   2489   2258   2094   2664   2698   2614   2398  14847   2607   2974  18776   7288   8657   7082   2758 
 17236  13361     51    144   2529   2258   2488   2489   2387   2631   2614   2698   2664   2607   8657   2974   7082  18776   2758   7288  14847   2398   2094  13299  26305      0      0  65535 
     0      0      0      0      0      0      0      0      0      0      0      0      0      0      0      0      0      0      0 
     0      0      0      0      0      0      0      0      0      0      0      0      0      0      0      0      0      0      0 
     0      0      0      0      0      0      0      0      0      0      0      0      0      0      0      0      0      0      0 
0 -1 -1
     0      0      0      0      0      0      0      0      0      0      2    255      0      1    255     93      0     87      0 
  2387   2487   2529   2630   2487   2259   2094   2666   2698   2613   2396  14563   2606   2974  18843   7208   8664   7114   2758 
 17236  13361     51    144   2529   2259   2487   2487   2387   2630   2613   2698   2666   2606   8664   2974   7114  18843   2758   7208  14563   2396   2094  13299  26304      0      0  65535 
     0      0      0      0      0      0      0      0      0      0      0      0      0      0      0      0      0      0      0 
     0      0      0      0      0      0      0      0      0      0      0      0      0      0      0      0      0      0      0 
     0      0      0      0      0      0      0      0      0      0      0      0      0      0      0      0      0      0      0 
0 -1 -1
     0      0      0      0      0      0      0      0      0      0      2    255      0      1    255     90      1     89      0 
  2388   2488   2529   2630   2486   2258   2095   2665   2698   2613   2393  14103   2607   2973  18906   7080   8676   7183   2758 
 17236  13361     51    144   2529   2258   2488   2486   2388   2630   2613   2698   2665   2607   8676   2973   7183  18906   2758   7080  14103   2393   2095  13298  26304      0      0  65535 
     0      0      0      0      0      0      0      0      0      0      0      0      0      0      0      0      0      0      0 
     0      0      0      0      0      0      0      0      0      0      0      0      0      0      0      0      0      0      0 
     0      0      0      0      0      0      0      0      0      0      0      0      0      0      0      0      0      0      0 
0 -1 -1
     0      0      0      0      0      0      0      0      0      0      2    255      0      1    255     88      0     89      0 
  2389   2487   2529   2629   2488   2260   2095   2664   2699   2614   2389  13824   2607   2974  18859   6974   8665   7171   2756 
 17236  13361     51    144   2529   2260   2487   2488   2389   2629   2614   2699   2664   2607   8665   2974   7171  18859   2756   6974  13824   2389   2095  13298  26304      0      0  65535 
     0      0      0      0      0      0      0      0      0      0      0      0      0      0      0      0      0      0      0 
     0      0      0      0      0      0      0      0      0      0      0      0      0      0      0      0      0      0      0 
     0      0      0      0      0      0      0      0      0      0      0      0      0      0      0      0      0      0      0 
0 -1 -1
     0      0      0      0      0      0      0      0      0      0      1    255      0      1    255     86      0     85      0 
  2387   2489   2531   2631   2489   2261   2096   2665   2698   2616   2369  13587   2607   2974  18388   6881   8629   7022   2758 
 17236  13361     51    144   2531   2261   2489   2489   2387   2631   2616   2698   2665   2607   8629   2974   7022  18388   2758   6881  13587   2369   2096  13297  26304      0      0  65535 
     0      0      0      0      0      0      0      0      0      0      0      0      0      0      0      0      0      0      0 
     0      0      0      0      0      0      0      0      0      0      0      0      0      0      0      0      0      0      0 
     0      0      0      0      0      0      0      0      0      0      0      0      0      0      0      0      0      0      0 
0 -1 -1
     0      0      0      0      0      0      0      0      0      0      1    255      0      1    255     86      0     82      0 
  2387   2490   2529   2630   2490   2263   2095   2667   2701   2616   2362  13567   2605   2973  18047   6835   8621   6872   2758 
 17236  13361     51    144   2529   2263   2490   2490   2387   2630   2616   2701   2667   2605   8621   2973   6872  18047   2758   6835  13567   2362   2095  13301  26304      0      0  65535 
     0      0      0      0      0      0      0      0      0      0      0      0      0      0      0      0      0      0      0 
     0      0      0      0      0      0      0      0      0      0      0      0      0      0      0      0      0      0      0 
     0      0      0      0      0      0      0      0      0      0      0      0      0      0      0      0      0      0      0 
0 -1 -1
     0      0      0      0      0      0      0      0      0      0      2    255      0      1    255     84      0     81      0 
  2387   2489   2531   2630   2491   2262   2096   2667   2700   2616   2376  13641   2607   2974  18059   6772   8618   6798   2756 
 17236  13361     51    144   2531   2262   2489   2491   2387   2630   2616   2700   2667   2607   8618   2974   6798  18059   2756   6772  13641   2376   2096  13301  26304      0      0  65535 
     0      0      0      0      0      0      0      0      0      0      0      0      0      0      0      0      0      0      0 
     0      0      0      0      0      0      0      0      0      0      0      0      0      0      0      0      0      0      0 
     0      0      0      0      0      0      0      0      0      0      0      0      0      0      0      0      0      0      0 
0 -1 -1
     0      0      0      0      0      0      0      0      0      0      2    255      0      1    255     85      0     82      0 
  2386   2488   2530   2631   2489   2262   2098   2665   2699   2618   2386  13741   2606   2973  18289   6789   8623   6846   2755 
 17236  13361     51    144   2530   2262   2488   2489   2386   2631   2618   2699   2665   2606   8623   2973   6846  18289   2755   6789  13741   2386   2098  13301  26304      0      0  65535 
     0      0      0      0      0      0      0      0      0      0      0      0      0      0      0      0      0      0      0 
     0      0      0      0      0      0      0      0      0      0      0      0      0      0      0      0      0      0      0 
     0      0      0      0      0      0      0      0      0      0      0      0      0      0      0      0      0      0      0 
0 -1 -1
     0      0      0      0      0      0      0      0      0      0      1    255      0      1    255     83      0     82      0 
  2388   2488   2531   2629   2489   2263   2096   2665   2700   2617   2372  13365   2607   2973  18180   6712   8630   6858   2756 
 17236  13361     51    144   2531   2263   2488   2489   2388   2629   2617   2700   2665   2607   8630   2973   6858  18180   2756   6712  13365   2372   2096  13325  26304      0      0  65535 
     0      0      0      0      0      0      0      0      0      0      0      0      0      0      0      0      0      0      0 
     0      0      0      0      0      0      0      0      0      0      0      0      0      0      0      0      0      0      0 
     0      0      0      0      0      0      0      0      0      0      0      0      0      0      0      0      0      0      0 
0 -1 -1
     0      0      0      0      0      0      0      0      0      0      1    255      0      1    255     81      0     80      0 
  2388   2489   2530   2629   2492   2263   2096   2665   2701   2618   2351  12929   2607   2973  17792   6608   8624   6779   2758 
 17236  13361     51    144   2530   2263   2489   2492   2388   2629   2618   2701   2665   2607   8624   2973   6779  17792   2758   6608  12929   2351   2096  13302  26304      0      0  65535 
     0      0      0      0      0      0      0      0      0      0      0      0      0      0      0      0      0      0      0 
     0      0      0      0      0      0      0      0      0      0      0      0      0      0      0      0      0      0      0 
     0      0      0      0      0      0      0      0      0      0      0      0      0      0      0      0      0      0      0 
0 -1 -1
     0      0      0      0      0      0      0      0      0      0      0    255      0      1    255     81      0     77      0 
  2387   2489   2532   2630   2492   2265   2095   2666   2703   2619   2337  12837   2607   2971  17389   6576   8610   6646   2755 
 17236  13361     51    144   2532   2265   2489   2492   2387   2630   2619   2703   2666   2607   8610   2971   6646  17389   2755   6576  12837   2337   2095  13302  26304      0      0  65535 
     0      0      0      0      0      0      0      0      0      0      0      0      0      0      0      0      0      0      0 
     0      0      0      0      0      0      0      0      0      0      0      0      0      0      0      0      0      0      0 
     0      0      0      0      0      0      0      0      0      0      0      0      0      0      0      0      0      0      0 
0 -1 -1
     0      0      0      0      0      0      0      0      0      0      0    255      0      1    255     79      0     73      0 
  2387   2489   2530   2631   2491   2264   2096   2665   2703   2619   2330  12759   2604   2971  16946   6495   8610   6461   2754 
 17236  13361     51    144   2530   2264   2489   2491   2387   2631   2619   2703   2665   2604   8610   2971   6461  16946   2754   6495  12759   2330   2096  13302  26304      0      0  65535 
     0      0      0      0      0      0      0      0      0      0      0      0      0      0      0      0      0      0      0 
     0      0      0      0      0      0      0      0      0      0      0      0      0      0      0      0      0      0      0 
     0      0      0      0      0      0      0      0      0      0      0      0      0      0      0      0      0      0      0 
0 -1 -1
     0      0      0      0      0      0      0      0      0      0      0    255      0      0    255     78      0     69      0 
  2387   2490   2530   2631   2494   2266   2097   2667   2706   2621   2326  12832   2606   2967  16453   6454   8608   6247   2754 
 17236  13361     51    144   2530   2266   2490   2494   2387   2631   2621   2706   2667   2606   8608   2967   6247  16453   2754   6454  12832   2326   2097  13302  26304      0      0  65535 
     0      0      0      0      0      0      0      0      0      0      0      0      0      0      0      0      0      0      0 
     0      0      0      0      0      0      0      0      0      0      0      0      0      0      0      0      0      0      0 
     0      0      0      0      0      0      0      0      0      0      0      0      0      0      0      0      0      0      0 
0 -1 -1
     0      0      0      0      0      0      0      0      0      0      0    255      0      0    255     78      0     65      0 
  2388   2491   2531   2630   2495   2267   2098   2668   2706   2622   2324  12923   2603   2966  16071   6422   8603   6078   2753 
 17236  13361     51    144   2531   2267   2491   2495   2388   2630   2622   2706   2668   2603   8603   2966   6078  16071   2753   6422  12923   2324   2098  13303  26304      0      0  65535 
     0      0      0      0      0      0      0      0      0      0      0      0      0      0      0      0      0      0      0 
     0      0      0      0      0      0      0      0      0      0      0      0      0      0      0      0      0      0      0 
     0      0      0      0      0      0      0      0      0      0      0      0      0      0      0      0      0      0      0 
0 -1 -1
     0      0      0      0      0      0      0      0      0      0      0    255      0      0    255     78      0     64      0 
  2388   2492   2530   2632   2496   2267   2096   2667   2707   2623   2329  13042   2603   2965  16055   6424   8617   6047   2752 
 17236  13361     51    144   2530   2267   2492   2496   2388   2632   2623   2707   2667   2603   8617   2965   6047  16055   2752   6424  13042   2329   2096  13302  26303      0      1  65535 
     0      0      0      0      0      0      0      0      0      0      0      0      0      0      0      0      0      0      0 
     0      0      0      0      0      0      0      0      0      0      0      0      0      0      0      0      0      0      0 
     0      0      0      0      0      0      0      0      0      0      0      0      0      0      0      0      0      0      0 
0 -1 -1
     0      0      0      0      0      0      0      0      0      0      0    255      0      0    255     78      0     66      0 
  2387   2489   2530   2631   2495   2266   2098   2666   2707   2623   2338  13213   2604   2967  16303   6464   8614   6109   2753 
 17236  13361     51    144   2530   2266   2489   2495   2387   2631   2623   2707   2666   2604   8614   2967   6109  16303   2753   6464  13213   2338   2098  13304  26303      0      0  65535 
     0      0      0      0      0      0      0      0      0      0      0      0      0      0      0      0      0      0      0 
     0      0      0      0      0      0      0      0      0      0      0      0      0      0      0      0      0      0      0 
     0      0      0      0      0      0      0      0      0      0      0      0      0      0      0      0      0      0      0 
0 -1 -1
     0      0      0      0      0      0      0      0      0      0      0    255      0      0    255     79      0     66      0 
  2387   2489   2529   2631   2494   2266   2098   2667   2704   2622   2340  13266   2603   2966  16362   6478   8608   6122   2753 
 17236  13361     51    144   2529   2266   2489   2494   2387   2631   2622   2704   2667   2603   8608   2966   6122  16362   2753   6478  13266   2340   2098  13305  26304      0      0  65535 
     0      0      0      0      0      0      0      0      0      0      0      0      0      0      0      0      0      0      0 
     0      0      0      0      0      0      0      0      0      0      0      0      0      0      0      0      0      0      0 
     0      0      0      0      0      0      0      0      0      0      0      0      0      0      0      0      0      0      0 
0 -1 -1
     0      0      0      0      0      0      0      0      0      0      0    255      0      0    255     80      0     66      0 
  2386   2490   2530   2630   2494   2264   2098   2667   2705   2623   2344  13427   2602   2966  16481   6522   8607   6143   2752 
 17236  13361     51    144   2530   2264   2490   2494   2386   2630   2623   2705   2667   2602   8607   2966   6143  16481   2752   6522  13427   2344   2098  13303  26304      0      0  65535 
     0      0      0      0      0      0      0      0      0      0      0      0      0      0      0      0      0      0      0 
     0      0      0      0      0      0      0      0      0      0      0      0      0      0      0      0      0      0      0 
     0      0      0      0      0      0      0      0      0      0      0      0      0      0      0      0      0      0      0 
0 -1 -1
     0      0      0      0      0      0      0      0      0      0      1    255      0      0    255     81      0     67      0 
  2388   2488   2531   2629   2492   2264   2096   2665   2704   2620   2356  13697   2602   2967  16756   6578   8616   6192   2753 
 17236  13361     51    144   2531   2264   2488   2492   2388   2629   2620   2704   2665   2602   8616   2967   6192  16756   2753   6578  13697   2356   2096  13307  26304      0      0  65535 
     0      0      0      0      0      0      0      0      0      0      0      0      0      0      0      0      0      0      0 
     0      0      0      0      0      0      0      0      0      0      0      0      0      0      0      0      0      0      0 
     0      0      0      0      0      0      0      0      0      0      0      0      0      0      0      0      0      0      0 
0 -1 -1
     0      0      0      0      0      0      0      0      0      0      0    255      0      0    255     79      0     67      0 
  2385   2488   2530   2629   2492   2265   2098   2665   2704   2621   2344  13411   2603   2966  16536   6518   8616   6155   2753 
 17236  13361     51    144   2530   2265   2488   2492   2385   2629   2621   2704   2665   2603   8616   2966   6155  16536   2753   6518  13411   2344   2098  13301  26304      0      0  65535 
     0      0      0      0      0      0      0      0      0      0      0      0      0      0      0      0      0      0      0 
     0      0      0      0      0      0      0      0      0      0      0      0      0      0      0      0      0      0      0 
     0      0      0      0      0      0      0      0      0      0      0      0      0      0      0      0      0      0      0 
0 -1 -1
     0      0      0      0      0      0      0      0      0      0      0    255      0      0    255     79      0     66      0 
  2386   2489   2531   2629   2493   2265   2097   2665   2704   2622   2330  13169   2601   2964  16292   6486   8610   6118   2753 
 17236  13361     51    144   2531   2265   2489   2493   2386   2629   2622   2704   2665   2601   8610   2964   6118  16292   2753   6486  13169   2330   2097  13299  26303      0      0  65535 
     0      0      0      0      0      0      0      0      0      0      0      0      0      0      0      0      0      0      0 
     0      0      0      0      0      0      0      0      0      0      0      0      0      0      0      0      0      0      0 
     0      0      0      0      0      0      0      0      0      0      0      0      0      0      0      0      0      0      0 
0 -1 -1
     0      0      0      0      0      0      0      0      0      0      0    255      0      0    255     78      0     65      0 
  2387   2489   2532   2630   2494   2266   2096   2666   2705   2623   2322  12956   2600   2963  16096   6455   8620   6092   2754 
 17236  13361     51    144   2532   2266   2489   2494   2387   2630   2623   2705   2666   2600   8620   2963   6092  16096   2754   6455  12956   2322   2096  13299  26303      0      0  65535 
     0      0      0      0      0      0      0      0      0      0      0      0      0      0      0      0      0      0      0 
     0      0      0      0      0      0      0      0      0      0      0      0      0      0      0      0      0      0      0 
     0      0      0      0      0      0      0      0      0      0      0      0      0      0      0      0      0      0      0 
0 -1 -1
     0      0      0      0      0      0      0      0      0      0      0    255      0      0    255     78      0     66      0 
  2387   2488   2532   2630   2493   2267   2096   2665   2704   2621   2321  12776   2601   2963  16183   6417   8619   6136   2752 
 17236  13361     51    144   2532   2267   2488   2493   2387   2630   2621   2704   2665   2601   8619   2963   6136  16183   2752   6417  12776   2321   2096  13300  26303      0      0  65535 
     0      0      0      0      0      0      0      0      0      0      0      0      0      0      0      0      0      0      0 
     0      0      0      0      0      0      0      0      0      0      0      0      0      0      0      0      0      0      0 
     0      0      0      0      0      0      0      0      0      0      0      0      0      0      0      0      0      0      0 
0 -1 -1
     0      0      0      0      0      0      0      0      0      0      0    255      0      0    255     77      0     68      0 
  2386   2488   2530   2629   2491   2265   2096   2665   2703   2620   2326  12785   2601   2963  16452   6415   8619   6228   2753 
 17236  13361     51    144   2530   2265   2488   2491   2386   2629   2620   2703   2665   2601   8619   2963   6228  16452   2753   6415  12785   2326   2096  13300  26303      0      0  65535 
     0      0      0      0      0      0      0      0      0      0      0      0      0      0      0      0      0      0      0 
     0      0      0      0      0      0      0      0      0      0      0      0      0      0      0      0      0      0      0 
     0      0      0      0      0      0      0      0      0      0      0      0      0      0      0      0      0      0      0 
0 -1 -1
     0      0      0      0      0      0      0      0      0      0      0    255      0      0    255     76      0     67      0 
  2385   2488   2531   2628   2491   2265   2095   2667   2704   2620   2320  12530   2601   2964  16232   6346   8619   6188   2752 
 17236  13361     51    144   2531   2265   2488   2491   2385   2628   2620   2704   2667   2601   8619   2964   6188  16232   2752   6346  12530   2320   2095  13300  26304      1      0  65535 
     0      0      0      0      0      0      0      0      0      0      0      0      0      0      0      0      0      0      0 
     0      0      0      0      0      0      0      0      0      0      0      0      0      0      0      0      0      0      0 
     0      0      0      0      0      0      0      0      0      0      0      0      0      0      0      0      0      0      0 
0 -1 -1
     0      0      0      0      0      0      0      0      0      0      0    255      0      0    255     73      0     65      0 
  2385   2489   2530   2629   2495   2268   2097   2665   2705   2622   2310  11941   2600   2962  15711   6192   8615   6074   2753 
 17236  13361     51    144   2530   2268   2489   2495   2385   2629   2622   2705   2665   2600   8615   2962   6074  15711   2753   6192  11941   2310   2097  13300  26304      0      0  65535 
     0      0      0      0      0      0      0      0      0      0      0      0      0      0      0      0      0      0      0 
     0      0      0      0      0      0      0      0      0      0      0      0      0      0      0      0      0      0      0 
     0      0      0      0      0      0      0      0      0      0      0      0      0      0      0      0      0      0      0 
0 -1 -1
     0      0      0      0      0      0      0      0      0      0      0    245      0      0    255     69      0     62      0 
  2386   2490   2533   2630   2495   2271   2094   2666   2708   2623   2306  11248   2601   2961  15202   5982   8612   5954   2751 
 17236  13361     51    144   2533   2271   2490   2495   2386   2630   2623   2708   2666   2601   8612   2961   5954  15202   2751   5982  11248   2306   2094  13300  26304      0      0  65535 
     0      0      0      0      0      0      0      0      0      0      0      0      0      0      0      0      0      0      0 
     0      0      0      0      0      0      0      0      0      0      0      0      0      0      0      0      0      0      0 
     0      0      0      0      0      0      0      0      0      0      0      0      0      0      0      0      0      0      0 
0 -1 -1
     0      0      0      0      0      0      0      0      0      0      0    203      0      0    255     61      0     55      0 
  2386   2491   2533   2632   2498   2276   2095   2670   2711   2627   2300   9819   2600   2959  13817   5541   8616   5635   2750 
 17236  13361     51    144   2533   2276   2491   2498   2386   2632   2627   2711   2670   2600   8616   2959   5635  13817   2750   5541   9819   2300   2095  13299  26304      0      0  65535 
     0      0      0      0      0      0      0      0      0      0      0      0      0      0      0      0      0      0      0 
     0      0      0      0      0      0      0      0      0      0      0      0      0      0      0      0      0      0      0 
     0      0      0      0      0      0      0      0      0      0      0      0      0      0      0      0      0      0      0 
0 -1 -1
     0      0      0      0      0      0      0      0      0      0      0    146      0      0    255     47      0     43      0 
  2388   2493   2537   2634   2506   2284   2096   2670   2720   2634   2295   7889   2598   2954  11691   4824   8620   5061   2748 
 17236  13361     51    144   2537   2284   2493   2506   2388   2634   2634   2720   2670   2598   8620   2954   5061  11691   2748   4824   7889   2295   2096  13307  26304      0      0  65535 
     0      0      0      0      0      0      0      0      0      0      0      0      0      0      0      0      0      0      0 
     0      0      0      0      0      0      0      0      0      0      0      0      0      0      0      0      0      0      0 
     0      0      0      0      0      0      0      0      0      0      0      0      0      0      0      0      0      0      0 
0 -1 -1
     0      0      0      0      0      0      0      0      0      0      0     79      0      0    166     28      0     24      0 
  2389   2498   2540   2637   2516   2295   2097   2675   2730   2646   2292   5588   2594   2948   8820   3860   8648   4185   2742 
 17236  13361     51    144   2540   2295   2498   2516   2389   2637   2646   2730   2675   2594   8648   2948   4185   8820   2742   3860   5588   2292   2097  13304  26304      0      0  65535 
     0      0      0      0      0      0      0      0      0      0      0      0      0      0      0      0      0      0      0 
     0      0      0      0      0      0      0      0      0      0      0      0      0      0      0      0      0      0      0 
     0      0      0      0      0      0      0      0      0      0      0      0      0      0      0      0      0      0      0 
0 -1 -1
     0      0      0      0      0      0      0      0      0      0      0     22      0      0     69     13      1      8      0 
  2392   2501   2543   2639   2523   2305   2099   2677   2738   2654   2291   3653   2592   2945   6386   3057   8712   3432   2736 
 17236  13361     51    144   2543   2305   2501   2523   2392   2639   2654   2738   2677   2592   8712   2945   3432   6386   2736   3057   3653   2291   2099  13298  26305      0      0  65535 
     0      0      0      0      0      0      0      0      0      0      0      0      0      0      0      0      0      0      0 
     0      0      0      0      0      0      0      0      0      0      0      0      0      0      0      0      0      0      0 
     0      0      0      0      0      0      0      0      0      0      0      0      0      0      0      0      0      0      0 
0 -1 -1
     0      0      0      0      0      0      0      0      0      0      0      0      0      0     14      7      7      2      0 
  2392   2502   2543   2640   2528   2309   2097   2679   2743   2657   2289   2693   2590   2943   5018   2739   8977   3197   2735 
 17236  13361     51    144   2543   2309   2502   2528   2392   2640   2657   2743   2679   2590   8977   2943   3197   5018   2735   2739   2693   2289   2097  13301  26304      0      0  65535 
     0      0      0      0      0      0      0      0      0      0      0      0      0      0      0      0      0      0      0 
     0      0      0      0      0      0      0      0      0      0      0      0      0      0      0      0      0      0      0 
     0      0      0      0      0      0      0      0      0      0      0      0      0      0      0      0      0      0      0 
0 -1 -1
     0      0      0      0      0      0      0      0      0      0      0      0      0      0      0      2     55      0      0 
  2393   2503   2545   2641   2529   2313   2100   2681   2745   2660   2292   2287   2585   2943   3643   2484  11135   3089   2731 
 17236  13361     51    144   2545   2313   2503   2529   2393   2641   2660   2745   2681   2585  11135   2943   3089   3643   2731   2484   2287   2292   2100  13301  26304      0      0  65535 
     0      0      0      0      0      0      0      0      0      0      0      0      0      0      0      0      0      0      0 
     0      0      0      0      0      0      0      0      0      0      0      0      0      0      0      0      0      0      0 
     0      0      0      0      0      0      0      0      0      0      0      0      0      0      0      0      0      0      0 
0 -1 -1
     0      0      0      0      0      0      0      0      0      0      0      0      0      0      0      0    130      0      0 
  2393   2502   2545   2642   2530   2315   2102   2680   2748   2661   2294   2225   2584   2941   2697   2385  14551   3081   2728 
 17236  13361     51    144   2545   2315   2502   2530   2393   2642   2661   2748   2680   2584  14551   2941   3081   2697   2728   2385   2225   2294   2102  13300  26304      0      0  65535 
     0      0      0      0      0      0      0      0      0      0      0      0      0      0      0      0      0      0      0 
     0      0      0      0      0      0      0      0      0      0      0      0      0      0      0      0      0      0      0 
     0      0      0      0      0      0      0      0      0      0      0      0      0      0      0      0      0      0      0 
0 -1 -1
     0      0      0      0      0      0      0      0      0      0      0      0      0      0      0      0    131      0      0 
  2393   2503   2545   2641   2530   2314   2100   2680   2748   2661   2295   2222   2582   2940   2547   2381  14603   3079   2727 
 17236  13361     51    144   2545   2314   2503   2530   2393   2641   2661   2748   2680   2582  14603   2940   3079   2547   2727   2381   2222   2295   2100  13300  26303      0      0  65535 
     0      0      0      0      0      0      0      0      0      0      0      0      0      0      0      0      0      0      0 
     0      0      0      0      0      0      0      0      0      0      0      0      0      0      0      0      0      0      0 
     0      0      0      0      0      0      0      0      0      0      0      0      0      0      0      0      0      0      0 
0 -1 -1
     0      0      0      0      0      0      0      0      0      0      0      0      0      0      0      0    133      0      0 
  2392   2504   2545   2642   2530   2315   2101   2681   2748   2661   2294   2221   2584   2940   2543   2382  14682   3077   2728 
 17236  13361     51    144   2545   2315   2504   2530   2392   2642   2661   2748   2681   2584  14682   2940   3077   2543   2728   2382   2221   2294   2101  13302  26304      0      0  65535 
     0      0      0      0      0      0      0      0      0      0      0      0      0      0      0      0      0      0      0 
     0      0      0      0      0      0      0      0      0      0      0      0      0      0      0      0      0      0      0 
     0      0      0      0      0      0      0      0      0      0      0      0      0      0      0      0      0      0      0 
0 -1 -1
     0      0      0      0      0      0      0      0      0      0      0      0      0      0      0      0    136      0      0 
  2393   2504   2546   2641   2531   2315   2100   2681   2747   2660   2293   2220   2582   2939   2542   2381  14815   3077   2728 
 17236  13361     51    144   2546   2315   2504   2531   2393   2641   2660   2747   2681   2582  14815   2939   3077   2542   2728   2381   2220   2293   2100  13301  26304      0      0  65535 
     0      0      0      0      0      0      0      0      0      0      0      0      0      0      0      0      0      0      0 
     0      0      0      0      0      0      0      0      0      0      0      0      0      0      0      0      0      0      0 
     0      0      0      0      0      0      0      0      0      0      0      0      0      0      0      0      0      0      0 
0 -1 -1
     0      0      0      0      0      0      0      0      0      0      0      0      0      0      0      0    139      0      0 
  2393   2502   2544   2641   2530   2314   2099   2681   2748   2659   2295   2220   2581   2939   2541   2381  14945   3076   2728 
 17236  13361     51    144   2544   2314   2502   2530   2393   2641   2659   2748   2681   2581  14945   2939   3076   2541   2728   2381   2220   2295   2099  13302  26304      0      0  65535 
     0      0      0      0      0      0      0      0      0      0      0      0      0      0      0      0      0      0      0 
     0      0      0      0      0      0      0      0      0      0      0      0      0      0      0      0      0      0      0 
     0      0      0      0      0      0      0      0      0      0      0      0      0      0      0      0      0      0      0 
0 -1 -1
     0      0      0      0      0      0      0      0      0      0      0      0      0      0      0      0    136      0      0 
  2393   2502   2544   2641   2531   2314   2102   2680   2746   2658   2294   2219   2582   2939   2540   2380  14823   3076   2726 
 17236  13361     51    144   2544   2314   2502   2531   2393   2641   2658   2746   2680   2582  14823   2939   3076   2540   2726   2380   2219   2294   2102  13303  26304      0      0  65535 
     0      0      0      0      0      0      0      0      0      0      0      0      0      0      0      0      0      0      0 
     0      0      0      0      0      0      0      0      0      0      0      0      0      0      0      0      0      0      0 
     0      0      0      0      0      0      0      0      0      0      0      0      0      0      0      0      0      0      0 
0 -1 -1
     0      0      0      0      0      0      0      0      0      0      0      0      0      0      0      0    141      0      0 
  2393   2503   2544   2641   2530   2315   2098   2681   2747   2660   2295   2219   2582   2939   2540   2381  15050   3076   2728 
 17236  13361     51    144   2544   2315   2503   2530   2393   2641   2660   2747   2681   2582  15050   2939   3076   2540   2728   2381   2219   2295   2098  13304  26305      0      0  65535 
     0      0      0      0      0      0      0      0      0      0      0      0      0      0      0      0      0      0      0 
     0      0      0      0      0      0      0      0      0      0      0      0      0      0      0      0      0      0      0 
     0      0      0      0      0      0      0      0      0      0      0      0      0      0      0      0      0      0      0 
0 -1 -1
     0      0      0      0      0      0      0      0      0      0      0      0      0      0      0      0    143      0      0 
  2394   2502   2544   2639   2528   2315   2099   2680   2746   2660   2293   2217   2581   2938   2539   2379  15120   3075   2727 
 17236  13361     51    144   2544   2315   2502   2528   2394   2639   2660   2746   2680   2581  15120   2938   3075   2539   2727   2379   2217   2293   2099  13305  26304      0      0  65535 
     0      0      0      0      0      0      0      0      0      0      0      0      0      0      0      0      0      0      0 
     0      0      0      0      0      0      0      0      0      0      0      0      0      0      0      0      0      0      0 
     0      0      0      0      0      0      0      0      0      0      0      0      0      0      0      0      0      0      0 
0 -1 -1
     0      0      0      0      0      0      0      0      0      0      0      0      0      0      0      0    141      0      0 
  2393   2504   2544   2640   2529   2314   2100   2680   2748   2657   2294   2219   2580   2938   2537   2381  15051   3074   2727 
 17236  13361     51    144   2544   2314   2504   2529   2393   2640   2657   2748   2680   2580  15051   2938   3074   2537   2727   2381   2219   2294   2100  13305  26304      0      1  65535 
     0      0      0      0      0      0      0      0      0      0      0      0      0      0      0      0      0      0      0 
     0      0      0      0      0      0      0      0      0      0      0      0      0      0      0      0      0      0      0 
     0      0      0      0      0      0      0      0      0      0      0      0      0      0      0      0      0      0      0 
0 -1 -1
     0      0      0      0      0      0      0      0      0      0      0      0      0      0      0      0    142      0      0 
  2393   2502   2544   2641   2530   2314   2099   2680   2745   2658   2293   2217   2580   2936   2536   2380  15095   3075   2726 
 17236  13361     51    144   2544   2314   2502   2530   2393   2641   2658   2745   2680   2580  15095   2936   3075   2536   2726   2380   2217   2293   2099  13305  26304      0      0  65535 
     0      0      0      0      0      0      0      0      0      0      0      0      0      0      0      0      0      0      0 
     0      0      0      0      0      0      0      0      0      0      0      0      0      0      0      0      0      0      0 
     0      0      0      0      0      0      0      0      0      0      0      0      0      0      0      0      0      0      0 
0 -1 -1
     0      0      0      0      0      0      0      0      0      0      0      0      0      0      0      0    142      0      0 
  2393   2502   2543   2640   2528   2313   2098   2679   2747   2658   2295   2216   2581   2937   2536   2378  15082   3074   2726 
 17236  13361     51    144   2543   2313   2502   2528   2393   2640   2658   2747   2679   2581  15082   2937   3074   2536   2726   2378   2216   2295   2098  13302  26304      0      0  65535 
     0      0      0      0      0      0      0      0      0      0      0      0      0      0      0      0      0      0      0 
     0      0      0      0      0      0      0      0      0      0      0      0      0      0      0      0      0      0      0 
     0      0      0      0      0      0      0      0      0      0      0      0      0      0      0      0      0      0      0 
0 -1 -1
     0      0      0      0      0      0      0      0      0      0      0      0      0      0      0      0    140      0      0 
  2392   2503   2543   2640   2529   2313   2098   2679   2746   2658   2293   2217   2581   2937   2537   2379  14994   3074   2726 
 17236  13361     51    144   2543   2313   2503   2529   2392   2640   2658   2746   2679   2581  14994   2937   3074   2537   2726   2379   2217   2293   2098  13298  26305      0      0  65535 
     0      0      0      0      0      0      0      0      0      0      0      0      0      0      0      0      0      0      0 
     0      0      0      0      0      0      0      0      0      0      0      0      0      0      0      0      0      0      0 
     0      0      0      0      0      0      0      0      0      0      0      0      0      0      0      0      0      0      0 
0 -1 -1
     0      0      0      0      0      0      0      0      0      0      0      0      0      0      0      0    144      0      0 
  2390   2501   2543   2638   2530   2314   2099   2679   2745   2658   2293   2216   2580   2937   2536   2379  15157   3075   2727 
 17236  13361     51    144   2543   2314   2501   2530   2390   2638   2658   2745   2679   2580  15157   2937   3075   2536   2727   2379   2216   2293   2099  13298  26305      0      0  65535 
     0      0      0      0      0      0      0      0      0      0      0      0      0      0      0      0      0      0      0 
     0      0      0      0      0      0      0      0      0      0      0      0      0      0      0      0      0      0      0 
     0      0      0      0      0      0      0      0      0      0      0      0      0      0      0      0      0      0      0 
0 -1 -1
     0      0      0      0      0      0      0      0      0      0      0      0      0      0      0      0    145      0      0 
  2390   2501   2544   2639   2529   2312   2099   2679   2745   2657   2292   2217   2580   2936   2536   2378  15217   3074   2726 
 17236  13361     51    144   2544   2312   2501   2529   2390   2639   2657   2745   2679   2580  15217   2936   3074   2536   2726   2378   2217   2292   2099  13301  26305      0      0  65535 
     0      0      0      0      0      0      0      0      0      0      0      0      0      0      0      0      0      0      0 
     0      0      0      0      0      0      0      0      0      0      0      0      0      0      0      0      0      0      0 
     0      0      0      0      0      0      0      0      0      0      0      0      0      0      0      0      0      0      0 
0 -1 -1
     0      0      0      0      0      0      0      0      0      0      0      0      0      0      0      0    147      0      0 
  2391   2501   2544   2638   2529   2314   2100   2679   2746   2657   2292   2216   2581   2936   2535   2378  15295   3075   2724 
 17236  13361     51    144   2544   2314   2501   2529   2391   2638   2657   2746   2679   2581  15295   2936   3075   2535   2724   2378   2216   2292   2100  13300  26304      0      1  65535 
     0      0      0      0      0      0      0      0      0      0      0      0      0      0      0      0      0      0      0 
     0      0      0      0      0      0      0      0      0      0      0      0      0      0      0      0      0      0      0 
     0      0      0      0      0      0      0      0      0      0      0      0      0      0      0      0      0      0      0 
0 -1 -1
     0      0      0      0      0      0      0      0      0      0      0      0      0      0      0      0    146      0      0 
  2391   2500   2543   2639   2528   2313   2097   2678   2744   2658   2292   2217   2580   2935   2535   2377  15260   3073   2725 
 17236  13361     51    144   2543   2313   2500   2528   2391   2639   2658   2744   2678   2580  15260   2935   3073   2535   2725   2377   2217   2292   2097  13308  26304      0      0  65535 
     0      0      0      0      0      0      0      0      0      0      0      0      0      0      0      0      0      0      0 
     0      0      0      0      0      0      0      0      0      0      0      0      0      0      0      0      0      0      0 
     0      0      0      0      0      0      0      0      0      0      0      0      0      0      0      0      0      0      0 
0 -1 -1
     0      0      0      0      0      0      0      0      0      0      0      0      0      0      0      0    145      0      0 
  2390   2502   2543   2638   2528   2313   2098   2678   2743   2656   2291   2215   2580   2936   2536   2378  15236   3072   2725 
 17236  13361     51    144   2543   2313   2502   2528   2390   2638   2656   2743   2678   2580  15236   2936   3072   2536   2725   2378   2215   2291   2098  13325  26304      0      0  65535 
     0      0      0      0      0      0      0      0      0      0      0      0      0      0      0      0      0      0      0 
     0      0      0      0      0      0      0      0      0      0      0      0      0      0      0      0      0      0      0 
     0      0      0      0      0      0      0      0      0      0      0      0      0      0      0      0      0      0      0 
0 -1 -1
     0      0      0      0      0      0      0      0      0      0      0      0      0      0      0      0    148      0      0 
  2391   2501   2544   2639   2528   2313   2098   2678   2743   2657   2291   2215   2580   2935   2535   2377  15363   3073   2725 
 17236  13361     51    144   2544   2313   2501   2528   2391   2639   2657   2743   2678   2580  15363   2935   3073   2535   2725   2377   2215   2291   2098  13299  26304      0      0  65535 
     0      0      0      0      0      0      0      0      0      0      0      0      0      0      0      0      0      0      0 
     0      0      0      0      0      0      0      0      0      0      0      0      0      0      0      0      0      0      0 
     0      0      0      0      0      0      0      0      0      0      0      0      0      0      0      0      0      0      0 
0 -1 -1
