     0      0      0      0      0      0      0      5     59     47     50      0      0      0      0      0      0      0      0 
  3874   3999   3927   4206   4130   3813   3473   4575   5873   5344   5199   3627   4174   4536   4101   3889   9036   4688   4257 
 17236  13361     51    153   3927   3813   3999   4130   3874   4206   5344   5873   4575   4174   9036   4536   4688   4101   4257   3889   3627   5199   3473  13290  26304      0      0  65535 
     0      0      0      0      0      0      0      0      0      0      0      0      0      0      0      0      0      0      0 
     0      0      0      0      0      0      0      0      0      0      0      0      0      0      0      0      0      0      0 
     0      0      0      0      0      0      0      0      0      0      0      0      0      0      0      0      0      0      0 
0 -1 -1
     0      0      0      0      0      0      0     17     81     65     52      0      0      0      0      0      0      0      0 
  3873   3998   3926   4209   4129   3810   3472   5322   6447   5769   5244   3627   4172   4533   4097   3887   9032   4687   4257 
 17236  13361     51    153   3926   3810   3998   4129   3873   4209   5769   6447   5322   4172   9032   4533   4687   4097   4257   3887   3627   5244   3472  13291  26304      0      0  65535 
     0      0      0      0      0      0      0      0      0      0      0      0      0      0      0      0      0      0      0 
     0      0      0      0      0      0      0      0      0      0      0      0      0      0      0      0      0      0      0 
     0      0      0      0      0      0      0      0      0      0      0      0      0      0      0      0      0      0      0 
0 -1 -1
     0      0      0      0      0      0      0     27     66     35      4      0      1     14     35     29      0      0      0 
  3871   4001   3927   4214   4130   3811   3470   6020   6065   5073   3949   3621   4213   4884   4983   5374   9051   4689   4267 
 17236  13361     51    154   3927   3811   4001   4130   3871   4214   5073   6065   6020   4213   9051   4884   4689   4983   4267   5374   3621   3949   3470  13294  26305      0      0  65535 
     0      0      0      0      0      0      0      0      0      0      0      0      0      0      0      0      0      0      0 
     0      0      0      0      0      0      0      0      0      0      0      0      0      0      0      0      0      0      0 
     0      0      0      0      0      0      0      0      0      0      0      0      0      0      0      0      0      0      0 
0 -1 -1
     0      0      0      0      0      0      0     34     76     46      5      0      0      5     22     24      0      0      0 
  3873   4001   3926   4214   4131   3810   3471   6485   6322   5321   3980   3622   4190   4652   4663   5121   9043   4689   4266 
 17236  13361     51    154   3926   3810   4001   4131   3873   4214   5321   6322   6485   4190   9043   4652   4689   4663   4266   5121   3622   3980   3471  13294  26304      0      0  65535 
     0      0      0      0      0      0      0      0      0      0      0      0      0      0      0      0      0      0      0 
     0      0      0      0      0      0      0      0      0      0      0      0      0      0      0      0      0      0      0 
     0      0      0      0      0      0      0      0      0      0      0      0      0      0      0      0      0      0      0 
0 -1 -1
     0      0      0      0      0      0      0     35     77     48      6      0      0      6     28     27      0      0      0 
  3873   4000   3926   4215   4130   3811   3469   6555   6341   5378   4007   3621   4193   4677   4807   5317   9050   4689   4266 
 17236  13361     51    153   3926   3811   4000   4130   3873   4215   5378   6341   6555   4193   9050   4677   4689   4807   4266   5317   3621   4007   3469  13294  26304      0      0  65535 
     0      0      0      0      0      0      0      0      0      0      0      0      0      0      0      0      0      0      0 
     0      0      0      0      0      0      0      0      0      0      0      0      0      0      0      0      0      0      0 
     0      0      0      0      0      0      0      0      0      0      0      0      0      0      0      0      0      0      0 
0 -1 -1
     0      0      0      0      0      0      0     43     95     66     18      0      1     12     39     35      0      0      0 
  3872   3998   3924   4217   4128   3808   3468   7084   6818   5781   4322   3618   4196   4839   5084   5706   9039   4689   4268 
 17236  13361     51    153   3924   3808   3998   4128   3872   4217   5781   6818   7084   4196   9039   4839   4689   5084   4268   5706   3618   4322   3468  13294  26305      0      0  65535 
     0      0      0      0      0      0      0      0      0      0      0      0      0      0      0      0      0      0      0 
     0      0      0      0      0      0      0      0      0      0      0      0      0      0      0      0      0      0      0 
     0      0      0      0      0      0      0      0      0      0      0      0      0      0      0      0      0      0      0 
0 -1 -1
     0      0      0      0      0      0      0     56    125     95     34      0      1     25     56     45      0      0      0 
  3871   3995   3923   4219   4121   3801   3465   7934   7608   6460   4750   3617   4218   5151   5503   6207   9054   4687   4269 
 17236  13361     51    154   3923   3801   3995   4121   3871   4219   6460   7608   7934   4218   9054   5151   4687   5503   4269   6207   3617   4750   3465  13294  26305      1      1  65535 
     0      0      0      0      0      0      0      0      0      0      0      0      0      0      0      0      0      0      0 
     0      0      0      0      0      0      0      0      0      0      0      0      0      0      0      0      0      0      0 
     0      0      0      0      0      0      0      0      0      0      0      0      0      0      0      0      0      0      0 
0 -1 -1
     0      0      0      0      0      0      0     61    133    104     40      0      3     37     69     51      1      0      0 
  3869   3995   3923   4220   4120   3800   3465   8267   7839   6682   4933   3622   4313   5439   5828   6530   9073   4688   4270 
 17236  13361     51    154   3923   3800   3995   4120   3869   4220   6682   7839   8267   4313   9073   5439   4688   5828   4270   6530   3622   4933   3465  13294  26305      0      0  65535 
     0      0      0      0      0      0      0      0      0      0      0      0      0      0      0      0      0      0      0 
     0      0      0      0      0      0      0      0      0      0      0      0      0      0      0      0      0      0      0 
     0      0      0      0      0      0      0      0      0      0      0      0      0      0      0      0      0      0      0 
0 -1 -1
     0      0      0      0      0      0      0     70    155    127     56      1      5     45     77     55      1      0      0 
  3868   3993   3920   4220   4115   3797   3464   8883   8423   7219   5352   3662   4388   5615   6032   6733   9087   4686   4271 
 17236  13361     51    154   3920   3797   3993   4115   3868   4220   7219   8423   8883   4388   9087   5615   4686   6032   4271   6733   3662   5352   3464  13294  26304      0      0  65535 
     0      0      0      0      0      0      0      0      0      0      0      0      0      0      0      0      0      0      0 
     0      0      0      0      0      0      0      0      0      0      0      0      0      0      0      0      0      0      0 
     0      0      0      0      0      0      0      0      0      0      0      0      0      0      0      0      0      0      0 
0 -1 -1
     0      0      0      0      0      0      0     76    174    151     72      4      7     49     82     57      1      0      0 
  3866   3989   3921   4221   4111   3793   3464   9308   8926   7780   5792   3745   4449   5724   6156   6839   9098   4686   4268 
 17236  13361     51    154   3921   3793   3989   4111   3866   4221   7780   8926   9308   4449   9098   5724   4686   6156   4268   6839   3745   5792   3464  13294  26304      0      0  65535 
     0      0      0      0      0      0      0      0      0      0      0      0      0      0      0      0      0      0      0 
     0      0      0      0      0      0      0      0      0      0      0      0      0      0      0      0      0      0      0 
     0      0      0      0      0      0      0      0      0      0      0      0      0      0      0      0      0      0      0 
0 -1 -1
     0      0      0      0      0      0      0     79    183    164     81      5      9     55     88     60      2      0      0 
  3867   3990   3918   4222   4109   3791   3462   9498   9148   8069   6049   3810   4534   5863   6314   6990   9119   4685   4269 
 17236  13361     51    154   3918   3791   3990   4109   3867   4222   8069   9148   9498   4534   9119   5863   4685   6314   4269   6990   3810   6049   3462  13294  26305      0      0  65535 
     0      0      0      0      0      0      0      0      0      0      0      0      0      0      0      0      0      0      0 
     0      0      0      0      0      0      0      0      0      0      0      0      0      0      0      0      0      0      0 
     0      0      0      0      0      0      0      0      0      0      0      0      0      0      0      0      0      0      0 
0 -1 -1
     0      0      0      0      0      0      0     85    200    184     96      8     12     64     98     65      2      0      0 
  3864   3987   3917   4222   4106   3788   3461   9919   9602   8549   6440   3913   4657   6063   6565   7267   9145   4685   4272 
 17236  13361     51    153   3917   3788   3987   4106   3864   4222   8549   9602   9919   4657   9145   6063   4685   6565   4272   7267   3913   6440   3461  13294  26304      0      0  65535 
     0      0      0      0      0      0      0      0      0      0      0      0      0      0      0      0      0      0      0 
     0      0      0      0      0      0      0      0      0      0      0      0      0      0      0      0      0      0      0 
     0      0      0      0      0      0      0      0      0      0      0      0      0      0      0      0      0      0      0 
0 -1 -1
     0      0      0      0      0      0      0     92    218    206    109     13     13     69    104     68      3      0      0 
  3864   3984   3916   4224   4103   3783   3459  10365  10072   9048   6812   4051   4734   6184   6710   7404   9168   4684   4271 
 17236  13361     51    153   3916   3783   3984   4103   3864   4224   9048  10072  10365   4734   9168   6184   4684   6710   4271   7404   4051   6812   3459  13295  26304      0      0  65535 
     0      0      0      0      0      0      0      0      0      0      0      0      0      0      0      0      0      0      0 
     0      0      0      0      0      0      0      0      0      0      0      0      0      0      0      0      0      0      0 
     0      0      0      0      0      0      0      0      0      0      0      0      0      0      0      0      0      0      0 
0 -1 -1
     0      0      0      0      0      0      0     91    215    206    110     14     14     70    105     67      3      0      0 
  3864   3986   3917   4225   4103   3784   3460  10296  10009   9049   6813   4091   4762   6214   6732   7389   9170   4685   4271 
 17236  13361     51    154   3917   3784   3986   4103   3864   4225   9049  10009  10296   4762   9170   6214   4685   6732   4271   7389   4091   6813   3460  13295  26304      0      0  65535 
     0      0      0      0      0      0      0      0      0      0      0      0      0      0      0      0      0      0      0 
     0      0      0      0      0      0      0      0      0      0      0      0      0      0      0      0      0      0      0 
     0      0      0      0      0      0      0      0      0      0      0      0      0      0      0      0      0      0      0 
0 -1 -1
     0      0      0      0      0      0      0     93    223    218    122     19     15     73    109     69      3      0      0 
  3865   3985   3914   4225   4100   3782   3458  10413  10211   9347   7156   4260   4808   6283   6822   7476   9179   4685   4272 
 17236  13361     51    153   3914   3782   3985   4100   3865   4225   9347  10211  10413   4808   9179   6283   4685   6822   4272   7476   4260   7156   3458  13296  26304      0      1  65535 
     0      0      0      0      0      0      0      0      0      0      0      0      0      0      0      0      0      0      0 
     0      0      0      0      0      0      0      0      0      0      0      0      0      0      0      0      0      0      0 
     0      0      0      0      0      0      0      0      0      0      0      0      0      0      0      0      0      0      0 
0 -1 -1
     0      0      0      0      0      0      0     97    235    235    135     24     18     80    118     74      3      0      0 
  3864   3984   3915   4225   4098   3778   3458  10693  10525   9738   7515   4455   4914   6452   7057   7749   9195   4685   4272 
 17236  13361     51    153   3915   3778   3984   4098   3864   4225   9738  10525  10693   4914   9195   6452   4685   7057   4272   7749   4455   7515   3458  13294  26304      0      0  65535 
     0      0      0      0      0      0      0      0      0      0      0      0      0      0      0      0      0      0      0 
     0      0      0      0      0      0      0      0      0      0      0      0      0      0      0      0      0      0      0 
     0      0      0      0      0      0      0      0      0      0      0      0      0      0      0      0      0      0      0 
0 -1 -1
     0      0      0      0      0      0      0    100    243    247    144     29     21     87    126     78      4      0      0 
  3864   3980   3913   4227   4098   3777   3458  10937  10752  10015   7747   4611   5037   6617   7251   7938   9235   4683   4273 
 17236  13361     51    154   3913   3777   3980   4098   3864   4227  10015  10752  10937   5037   9235   6617   4683   7251   4273   7938   4611   7747   3458  13290  26304      0      0  65535 
     0      0      0      0      0      0      0      0      0      0      0      0      0      0      0      0      0      0      0 
     0      0      0      0      0      0      0      0      0      0      0      0      0      0      0      0      0      0      0 
     0      0      0      0      0      0      0      0      0      0      0      0      0      0      0      0      0      0      0 
0 -1 -1
     0      0      0      0      0      0      0    105    254    255    153     34     24     94    133     81      5      0      0 
  3862   3980   3913   4227   4092   3773   3456  11266  11034  10322   7991   4781   5179   6789   7438   8105   9262   4685   4273 
 17236  13361     51    154   3913   3773   3980   4092   3862   4227  10322  11034  11266   5179   9262   6789   4685   7438   4273   8105   4781   7991   3456  13290  26304      0      0  65535 
     0      0      0      0      0      0      0      0      0      0      0      0      0      0      0      0      0      0      0 
     0      0      0      0      0      0      0      0      0      0      0      0      0      0      0      0      0      0      0 
     0      0      0      0      0      0      0      0      0      0      0      0      0      0      0      0      0      0      0 
0 -1 -1
     0      0      0      0      0      0      0    109    255    255    164     41     26    100    142     86      5      0      0 
  3861   3978   3912   4229   4091   3774   3455  11526  11284  10639   8286   5003   5283   6946   7651   8356   9283   4684   4275 
 17236  13361     51    154   3912   3774   3978   4091   3861   4229  10639  11284  11526   5283   9283   6946   4684   7651   4275   8356   5003   8286   3455  13290  26304      0      0  65535 
     0      0      0      0      0      0      0      0      0      0      0      0      0      0      0      0      0      0      0 
     0      0      0      0      0      0      0      0      0      0      0      0      0      0      0      0      0      0      0 
     0      0      0      0      0      0      0      0      0      0      0      0      0      0      0      0      0      0      0 
0 -1 -1
     0      0      0      0      0      0      0    113    255    255    183     53     28    104    147     89      6      0      0 
  3861   3977   3908   4228   4088   3768   3456  11767  11635  11146   8817   5433   5342   7039   7779   8502   9295   4683   4275 
 17236  13361     51    153   3908   3768   3977   4088   3861   4228  11146  11635  11767   5342   9295   7039   4683   7779   4275   8502   5433   8817   3456  13291  26304      0      0  65535 
     0      0      0      0      0      0      0      0      0      0      0      0      0      0      0      0      0      0      0 
     0      0      0      0      0      0      0      0      0      0      0      0      0      0      0      0      0      0      0 
     0      0      0      0      0      0      0      0      0      0      0      0      0      0      0      0      0      0      0 
0 -1 -1
     0      0      0      0      0      0      0    114    255    255    190     59     30    108    149     88      6      0      0 
  3861   3976   3909   4229   4087   3767   3455  11837  11694  11332   8998   5643   5429   7135   7833   8466   9313   4684   4275 
 17236  13361     51    154   3909   3767   3976   4087   3861   4229  11332  11694  11837   5429   9313   7135   4684   7833   4275   8466   5643   8998   3455  13293  26303      0      1  65535 
     0      0      0      0      0      0      0      0      0      0      0      0      0      0      0      0      0      0      0 
     0      0      0      0      0      0      0      0      0      0      0      0      0      0      0      0      0      0      0 
     0      0      0      0      0      0      0      0      0      0      0      0      0      0      0      0      0      0      0 
0 -1 -1
     0      0      0      0      0      0      0    116    255    255    198     65     32    112    152     88      6      0      0 
  3860   3976   3908   4230   4088   3767   3455  11943  11776  11472   9226   5847   5500   7218   7902   8488   9336   4685   4276 
 17236  13361     51    154   3908   3767   3976   4088   3860   4230  11472  11776  11943   5500   9336   7218   4685   7902   4276   8488   5847   9226   3455  13292  26303      0      0  65535 
     0      0      0      0      0      0      0      0      0      0      0      0      0      0      0      0      0      0      0 
     0      0      0      0      0      0      0      0      0      0      0      0      0      0      0      0      0      0      0 
     0      0      0      0      0      0      0      0      0      0      0      0      0      0      0      0      0      0      0 
0 -1 -1
     0      0      0      0      0      0      0    118    255    255    214     76     32    114    155     90      6      0      0 
  3859   3975   3908   4230   4086   3766   3454  12090  12008  11833   9658   6201   5510   7262   7973   8567   9332   4686   4276 
 17236  13361     51    154   3908   3766   3975   4086   3859   4230  11833  12008  12090   5510   9332   7262   4686   7973   4276   8567   6201   9658   3454  13293  26304      0      0  65535 
     0      0      0      0      0      0      0      0      0      0      0      0      0      0      0      0      0      0      0 
     0      0      0      0      0      0      0      0      0      0      0      0      0      0      0      0      0      0      0 
     0      0      0      0      0      0      0      0      0      0      0      0      0      0      0      0      0      0      0 
0 -1 -1
     0      0      0      0      0      0      0    120    255    255    225     83     33    117    159     91      7      0      0 
  3857   3974   3906   4231   4084   3762   3453  12244  12194  12092   9948   6445   5577   7355   8068   8637   9354   4685   4277 
 17236  13361     51    154   3906   3762   3974   4084   3857   4231  12092  12194  12244   5577   9354   7355   4685   8068   4277   8637   6445   9948   3453  13293  26303      0      1  65535 
     0      0      0      0      0      0      0      0      0      0      0      0      0      0      0      0      0      0      0 
     0      0      0      0      0      0      0      0      0      0      0      0      0      0      0      0      0      0      0 
     0      0      0      0      0      0      0      0      0      0      0      0      0      0      0      0      0      0      0 
0 -1 -1
     0      0      0      0      0      0      0    122    255    255    231     88     35    120    161     92      7      0      0 
  3857   3974   3906   4231   4084   3763   3452  12401  12351  12278  10129   6609   5628   7409   8120   8665   9355   4686   4277 
 17236  13361     51    154   3906   3763   3974   4084   3857   4231  12278  12351  12401   5628   9355   7409   4686   8120   4277   8665   6609  10129   3452  13293  26303      0      0  65535 
     0      0      0      0      0      0      0      0      0      0      0      0      0      0      0      0      0      0      0 
     0      0      0      0      0      0      0      0      0      0      0      0      0      0      0      0      0      0      0 
     0      0      0      0      0      0      0      0      0      0      0      0      0      0      0      0      0      0      0 
0 -1 -1
     0      0      0      0      0      0      0    125    255    255    246     98     36    124    167     96      7      0      0 
  3857   3972   3904   4231   4082   3758   3453  12588  12605  12618  10537   6944   5681   7510   8272   8856   9360   4684   4278 
 17236  13361     51    153   3904   3758   3972   4082   3857   4231  12618  12605  12588   5681   9360   7510   4684   8272   4278   8856   6944  10537   3453  13293  26303      0      0  65535 
     0      0      0      0      0      0      0      0      0      0      0      0      0      0      0      0      0      0      0 
     0      0      0      0      0      0      0      0      0      0      0      0      0      0      0      0      0      0      0 
     0      0      0      0      0      0      0      0      0      0      0      0      0      0      0      0      0      0      0 
0 -1 -1
     0      0      0      1      0      0      0    130    255    255    255    108     36    125    169     97      7      0      0 
  3856   3969   3904   4235   4079   3757   3450  12893  12964  13065  10951   7292   5687   7538   8332   8931   9378   4686   4279 
 17236  13361     51    153   3904   3757   3969   4079   3856   4235  13065  12964  12893   5687   9378   7538   4686   8332   4279   8931   7292  10951   3450  13294  26303      0      0  65535 
     0      0      0      0      0      0      0      0      0      0      0      0      0      0      0      0      0      0      0 
     0      0      0      0      0      0      0      0      0      0      0      0      0      0      0      0      0      0      0 
     0      0      0      0      0      0      0      0      0      0      0      0      0      0      0      0      0      0      0 
0 -1 -1
     0      0      0      1      0      0      0    133    255    255    255    115     35    122    166     95      7      0      0 
  3857   3970   3904   4237   4078   3756   3452  13114  13187  13338  11200   7523   5649   7469   8257   8842   9365   4685   4280 
 17236  13361     51    154   3904   3756   3970   4078   3857   4237  13338  13187  13114   5649   9365   7469   4685   8257   4280   8842   7523  11200   3452  13296  26304      0      0  65535 
     0      0      0      0      0      0      0      0      0      0      0      0      0      0      0      0      0      0      0 
     0      0      0      0      0      0      0      0      0      0      0      0      0      0      0      0      0      0      0 
     0      0      0      0      0      0      0      0      0      0      0      0      0      0      0      0      0      0      0 
0 -1 -1
     0      0      0      1      0      0      0    137    255    255    255    126     37    127    174    101      7      0      0 
  3856   3969   3902   4239   4076   3753   3450  13376  13499  13766  11596   7907   5719   7593   8463   9131   9380   4686   4282 
 17236  13361     51    154   3902   3753   3969   4076   3856   4239  13766  13499  13376   5719   9380   7593   4686   8463   4282   9131   7907  11596   3450  13298  26305      1      0  65535 
     0      0      0      0      0      0      0      0      0      0      0      0      0      0      0      0      0      0      0 
     0      0      0      0      0      0      0      0      0      0      0      0      0      0      0      0      0      0      0 
     0      0      0      0      0      0      0      0      0      0      0      0      0      0      0      0      0      0      0 
0 -1 -1
     0      0      0      1      0      0      0    139    255    255    255    136     38    132    181    105      8      0      0 
  3855   3966   3901   4238   4074   3752   3450  13522  13704  14070  11884   8235   5777   7691   8628   9357   9388   4687   4282 
 17236  13361     51    154   3901   3752   3966   4074   3855   4238  14070  13704  13522   5777   9388   7691   4687   8628   4282   9357   8235  11884   3450  13298  26303      1      0  65535 
     0      0      0      0      0      0      0      0      0      0      0      0      0      0      0      0      0      0      0 
     0      0      0      0      0      0      0      0      0      0      0      0      0      0      0      0      0      0      0 
     0      0      0      0      0      0      0      0      0      0      0      0      0      0      0      0      0      0      0 
0 -1 -1
     0      0      0      1      0      0      0    141    255    255    255    141     40    135    185    107      8      0      0 
  3854   3966   3901   4239   4074   3751   3449  13634  13803  14205  11974   8397   5862   7784   8736   9469   9412   4687   4285 
 17236  13361     51    154   3901   3751   3966   4074   3854   4239  14205  13803  13634   5862   9412   7784   4687   8736   4285   9469   8397  11974   3449  13298  26303      0      0  65535 
     0      0      0      0      0      0      0      0      0      0      0      0      0      0      0      0      0      0      0 
     0      0      0      0      0      0      0      0      0      0      0      0      0      0      0      0      0      0      0 
     0      0      0      0      0      0      0      0      0      0      0      0      0      0      0      0      0      0      0 
0 -1 -1
     0      0      0      1      0      0      0    141    255    255    255    143     41    137    187    108      8      0      0 
  3855   3967   3902   4240   4076   3750   3450  13660  13805  14230  11993   8478   5903   7818   8782   9522   9417   4689   4286 
 17236  13361     51    153   3902   3750   3967   4076   3855   4240  14230  13805  13660   5903   9417   7818   4689   8782   4286   9522   8478  11993   3450  13298  26304      0      0  65535 
     0      0      0      0      0      0      0      0      0      0      0      0      0      0      0      0      0      0      0 
     0      0      0      0      0      0      0      0      0      0      0      0      0      0      0      0      0      0      0 
     0      0      0      0      0      0      0      0      0      0      0      0      0      0      0      0      0      0      0 
0 -1 -1
     0      0      0      1      0      0      0    141    255    255    255    146     41    137    188    109      8      0      0 
  3855   3967   3902   4241   4076   3752   3450  13639  13805  14252  12071   8591   5907   7822   8810   9574   9419   4689   4287 
 17236  13361     51    154   3902   3752   3967   4076   3855   4241  14252  13805  13639   5907   9419   7822   4689   8810   4287   9574   8591  12071   3450  13297  26304      0      0  65535 
     0      0      0      0      0      0      0      0      0      0      0      0      0      0      0      0      0      0      0 
     0      0      0      0      0      0      0      0      0      0      0      0      0      0      0      0      0      0      0 
     0      0      0      0      0      0      0      0      0      0      0      0      0      0      0      0      0      0      0 
0 -1 -1
     0      0      0      1      0      0      0    141    255    255    255    149     42    139    191    111      8      0      0 
  3855   3967   3901   4243   4076   3753   3452  13628  13813  14278  12124   8683   5940   7861   8871   9662   9424   4691   4289 
 17236  13361     51    154   3901   3753   3967   4076   3855   4243  14278  13813  13628   5940   9424   7861   4691   8871   4289   9662   8683  12124   3452  13297  26304      0      0  65535 
     0      0      0      0      0      0      0      0      0      0      0      0      0      0      0      0      0      0      0 
     0      0      0      0      0      0      0      0      0      0      0      0      0      0      0      0      0      0      0 
     0      0      0      0      0      0      0      0      0      0      0      0      0      0      0      0      0      0      0 
0 -1 -1
     0      0      0      1      0      0      0    141    255    255    255    150     43    140    192    111      9      0      0 
  3856   3966   3901   4243   4076   3752   3451  13667  13838  14282  12148   8733   5997   7904   8904   9678   9438   4692   4289 
 17236  13361     51    153   3901   3752   3966   4076   3856   4243  14282  13838  13667   5997   9438   7904   4692   8904   4289   9678   8733  12148   3451  13298  26305      0      0  65535 
     0      0      0      0      0      0      0      0      0      0      0      0      0      0      0      0      0      0      0 
     0      0      0      0      0      0      0      0      0      0      0      0      0      0      0      0      0      0      0 
     0      0      0      0      0      0      0      0      0      0      0      0      0      0      0      0      0      0      0 
0 -1 -1
     0      0      0      1      0      0      0    143    255    255    255    152     46    144    196    114      9      0      0 
  3856   3965   3899   4244   4076   3751   3451  13763  13903  14350  12167   8778   6087   8001   9016   9796   9460   4692   4292 
 17236  13361     51    154   3899   3751   3965   4076   3856   4244  14350  13903  13763   6087   9460   8001   4692   9016   4292   9796   8778  12167   3451  13296  26305      0      0  65535 
     0      0      0      0      0      0      0      0      0      0      0      0      0      0      0      0      0      0      0 
     0      0      0      0      0      0      0      0      0      0      0      0      0      0      0      0      0      0      0 
     0      0      0      0      0      0      0      0      0      0      0      0      0      0      0      0      0      0      0 
0 -1 -1
     0      0      0      1      0      0      0    143    255    255    255    157     46    145    198    115      9      0      1 
  3855   3965   3899   4246   4076   3751   3452  13771  13942  14441  12330   8961   6088   8010   9054   9881   9457   4694   4293 
 17236  13361     51    154   3899   3751   3965   4076   3855   4246  14441  13942  13771   6088   9457   8010   4694   9054   4293   9881   8961  12330   3452  13296  26304      0      0  65535 
     0      0      0      0      0      0      0      0      0      0      0      0      0      0      0      0      0      0      0 
     0      0      0      0      0      0      0      0      0      0      0      0      0      0      0      0      0      0      0 
     0      0      0      0      0      0      0      0      0      0      0      0      0      0      0      0      0      0      0 
0 -1 -1
     0      0      0      1      0      0      0    145    255    255    255    163     45    143    196    114      9      0      1 
  3854   3964   3900   4246   4075   3751   3452  13885  14075  14628  12518   9150   6071   7963   8995   9804   9456   4693   4293 
 17236  13361     51    154   3900   3751   3964   4075   3854   4246  14628  14075  13885   6071   9456   7963   4693   8995   4293   9804   9150  12518   3452  13296  26304      0      0  65535 
     0      0      0      0      0      0      0      0      0      0      0      0      0      0      0      0      0      0      0 
     0      0      0      0      0      0      0      0      0      0      0      0      0      0      0      0      0      0      0 
     0      0      0      0      0      0      0      0      0      0      0      0      0      0      0      0      0      0      0 
0 -1 -1
     0      0      0      1      0      0      0    142    255    255    255    162     46    141    191    109      9      0      1 
  3856   3966   3901   4246   4077   3753   3453  13711  13902  14503  12399   9133   6112   7919   8868   9569   9468   4696   4294 
 17236  13361     51    154   3901   3753   3966   4077   3856   4246  14503  13902  13711   6112   9468   7919   4696   8868   4294   9569   9133  12399   3453  13296  26304      0      0  65535 
     0      0      0      0      0      0      0      0      0      0      0      0      0      0      0      0      0      0      0 
     0      0      0      0      0      0      0      0      0      0      0      0      0      0      0      0      0      0      0 
     0      0      0      0      0      0      0      0      0      0      0      0      0      0      0      0      0      0      0 
0 -1 -1
     0      0      0      1      0      0      0    133    255    255    255    156     44    134    183    106      9      0      1 
  3857   3969   3902   4246   4081   3758   3457  13131  13367  14003  12018   8930   5998   7756   8691   9385   9441   4698   4294 
 17236  13361     51    154   3902   3758   3969   4081   3857   4246  14003  13367  13131   5998   9441   7756   4698   8691   4294   9385   8930  12018   3457  13296  26304      0      0  65535 
     0      0      0      0      0      0      0      0      0      0      0      0      0      0      0      0      0      0      0 
     0      0      0      0      0      0      0      0      0      0      0      0      0      0      0      0      0      0      0 
     0      0      0      0      0      0      0      0      0      0      0      0      0      0      0      0      0      0      0 
0 -1 -1
     0      0      0      1      0      0      0    123    255    255    255    154     40    126    178    104      8      0      1 
  3859   3970   3903   4244   4086   3763   3458  12466  12823  13551  11780   8864   5837   7567   8542   9303   9400   4700   4296 
 17236  13361     51    154   3903   3763   3970   4086   3859   4244  13551  12823  12466   5837   9400   7567   4700   8542   4296   9303   8864  11780   3458  13296  26304      0      0  65535 
     0      0      0      0      0      0      0      0      0      0      0      0      0      0      0      0      0      0      0 
     0      0      0      0      0      0      0      0      0      0      0      0      0      0      0      0      0      0      0 
     0      0      0      0      0      0      0      0      0      0      0      0      0      0      0      0      0      0      0 
0 -1 -1
     0      0      0      1      0      0      0    120    255    255    255    151     41    129    182    107      8      0      1 
  3858   3972   3905   4246   4087   3763   3458  12233  12603  13312  11603   8740   5892   7632   8650   9461   9416   4702   4296 
 17236  13361     51    154   3905   3763   3972   4087   3858   4246  13312  12603  12233   5892   9416   7632   4702   8650   4296   9461   8740  11603   3458  13295  26304      0      0  65535 
     0      0      0      0      0      0      0      0      0      0      0      0      0      0      0      0      0      0      0 
     0      0      0      0      0      0      0      0      0      0      0      0      0      0      0      0      0      0      0 
     0      0      0      0      0      0      0      0      0      0      0      0      0      0      0      0      0      0      0 
0 -1 -1
     0      0      0      1      0      0      0    120    255    255    255    146     42    128    177    103      8      0      1 
  3860   3972   3905   4244   4089   3765   3459  12227  12555  13177  11453   8569   5940   7600   8538   9257   9425   4702   4296 
 17236  13361     51    154   3905   3765   3972   4089   3860   4244  13177  12555  12227   5940   9425   7600   4702   8538   4296   9257   8569  11453   3459  13295  26304      0      0  65535 
     0      0      0      0      0      0      0      0      0      0      0      0      0      0      0      0      0      0      0 
     0      0      0      0      0      0      0      0      0      0      0      0      0      0      0      0      0      0      0 
     0      0      0      0      0      0      0      0      0      0      0      0      0      0      0      0      0      0      0 
0 -1 -1
     0      0      0      1      0      0      0    118    255    255    255    144     41    124    172    100      8      0      1 
  3860   3973   3905   4245   4091   3767   3460  12109  12466  13086  11346   8501   5899   7503   8406   9084   9422   4702   4297 
 17236  13361     51    154   3905   3767   3973   4091   3860   4245  13086  12466  12109   5899   9422   7503   4702   8406   4297   9084   8501  11346   3460  13295  26304      0      0  65535 
     0      0      0      0      0      0      0      0      0      0      0      0      0      0      0      0      0      0      0 
     0      0      0      0      0      0      0      0      0      0      0      0      0      0      0      0      0      0      0 
     0      0      0      0      0      0      0      0      0      0      0      0      0      0      0      0      0      0      0 
0 -1 -1
     0      0      0      1      0      0      0    110    255    255    255    134     37    113    160     93      7      0      1 
  3862   3974   3908   4243   4097   3771   3465  11580  11980  12612  10887   8177   5729   7257   8111   8735   9378   4705   4296 
 17236  13361     51    154   3908   3771   3974   4097   3862   4243  12612  11980  11580   5729   9378   7257   4705   8111   4296   8735   8177  10887   3465  13288  26305      0      0  65535 
     0      0      0      0      0      0      0      0      0      0      0      0      0      0      0      0      0      0      0 
     0      0      0      0      0      0      0      0      0      0      0      0      0      0      0      0      0      0      0 
     0      0      0      0      0      0      0      0      0      0      0      0      0      0      0      0      0      0      0 
0 -1 -1
     0      0      0      1      0      0      0     98    255    255    231    115     31     97    141     82      6      0      1 
  3864   3979   3911   4244   4105   3782   3468  10745  11125  11697  10107   7548   5484   6864   7625   8154   9329   4708   4297 
 17236  13361     51    154   3911   3782   3979   4105   3864   4244  11697  11125  10745   5484   9329   6864   4708   7625   4297   8154   7548  10107   3468  13287  26305      0      0  65535 
     0      0      0      0      0      0      0      0      0      0      0      0      0      0      0      0      0      0      0 
     0      0      0      0      0      0      0      0      0      0      0      0      0      0      0      0      0      0      0 
     0      0      0      0      0      0      0      0      0      0      0      0      0      0      0      0      0      0      0 
0 -1 -1
     0      0      0      1      0      0      0     86    227    255    198     94     26     78    117     69      5      0      1 
  3867   3983   3914   4242   4113   3791   3470   9968  10315  10808   9223   6815   5253   6405   7040   7474   9277   4710   4297 
 17236  13361     51    154   3914   3791   3983   4113   3867   4242  10808  10315   9968   5253   9277   6405   4710   7040   4297   7474   6815   9223   3470  13288  26304      0      0  65535 
     0      0      0      0      0      0      0      0      0      0      0      0      0      0      0      0      0      0      0 
     0      0      0      0      0      0      0      0      0      0      0      0      0      0      0      0      0      0      0 
     0      0      0      0      0      0      0      0      0      0      0      0      0      0      0      0      0      0      0 
0 -1 -1
     0      0      0      1      0      0      0     70    182    226    154     67     22     65    100     59      4      0      1 
  3871   3990   3919   4242   4124   3800   3473   8897   9137   9517   8013   5916   5106   6103   6597   6949   9238   4712   4297 
 17236  13361     51    154   3919   3800   3990   4124   3871   4242   9517   9137   8897   5106   9238   6103   4712   6597   4297   6949   5916   8013   3473  13289  26304      1      0  65535 
     0      0      0      0      0      0      0      0      0      0      0      0      0      0      0      0      0      0      0 
     0      0      0      0      0      0      0      0      0      0      0      0      0      0      0      0      0      0      0 
     0      0      0      0      0      0      0      0      0      0      0      0      0      0      0      0      0      0      0 
0 -1 -1
     0      0      0      1      0      0      0     57    148    185    125     51     18     50     75     44      4      0      1 
  3872   3994   3922   4238   4132   3810   3478   8026   8236   8566   7227   5368   4923   5750   5985   6174   9207   4714   4294 
 17236  13361     51    154   3922   3810   3994   4132   3872   4238   8566   8236   8026   4923   9207   5750   4714   5985   4294   6174   5368   7227   3478  13289  26304      0      0  65535 
     0      0      0      0      0      0      0      0      0      0      0      0      0      0      0      0      0      0      0 
     0      0      0      0      0      0      0      0      0      0      0      0      0      0      0      0      0      0      0 
     0      0      0      0      0      0      0      0      0      0      0      0      0      0      0      0      0      0      0 
0 -1 -1
     0      0      0      0      0      0      0     44    116    146     93     35     14     41     55     30      3      0      1 
  3874   3998   3923   4233   4136   3820   3482   7180   7378   7649   6351   4811   4774   5525   5472   5451   9169   4713   4293 
 17236  13361     51    154   3923   3820   3998   4136   3874   4233   7649   7378   7180   4774   9169   5525   4713   5472   4293   5451   4811   6351   3482  13289  26304      0      0  65535 
     0      0      0      0      0      0      0      0      0      0      0      0      0      0      0      0      0      0      0 
     0      0      0      0      0      0      0      0      0      0      0      0      0      0      0      0      0      0      0 
     0      0      0      0      0      0      0      0      0      0      0      0      0      0      0      0      0      0      0 
0 -1 -1
     0      0      0      0      0      0      0     30     79     99     61     18      7     25     31     16      1      0      0 
  3877   4002   3928   4231   4143   3826   3482   6217   6394   6571   5487   4224   4463   5130   4892   4732   9101   4710   4284 
 17236  13361     51    154   3928   3826   4002   4143   3877   4231   6571   6394   6217   4463   9101   5130   4710   4892   4284   4732   4224   5487   3482  13289  26303      0      0  65535 
     0      0      0      0      0      0      0      0      0      0      0      0      0      0      0      0      0      0      0 
     0      0      0      0      0      0      0      0      0      0      0      0      0      0      0      0      0      0      0 
     0      0      0      0      0      0      0      0      0      0      0      0      0      0      0      0      0      0      0 
0 -1 -1
     0      0      0      0      0      0      0     13     34     47     21      4      2     12     16      8      0      0      0 
  3880   4006   3930   4221   4148   3831   3483   5079   5217   5340   4402   3749   4252   4834   4495   4310   9047   4706   4277 
 17236  13361     51    154   3930   3831   4006   4148   3880   4221   5340   5217   5079   4252   9047   4834   4706   4495   4277   4310   3749   4402   3483  13289  26303      0      0  65535 
     0      0      0      0      0      0      0      0      0      0      0      0      0      0      0      0      0      0      0 
     0      0      0      0      0      0      0      0      0      0      0      0      0      0      0      0      0      0      0 
     0      0      0      0      0      0      0      0      0      0      0      0      0      0      0      0      0      0      0 
0 -1 -1
     0      0      0      0      0      0      0      2      7     11      2      0      0      3      4      2      0      0      0 
  3882   4010   3933   4217   4148   3830   3481   4317   4512   4505   3895   3632   4184   4612   4207   3994   9044   4702   4270 
 17236  13361     51    154   3933   3830   4010   4148   3882   4217   4505   4512   4317   4184   9044   4612   4702   4207   4270   3994   3632   3895   3481  13289  26304      0      0  65535 
     0      0      0      0      0      0      0      0      0      0      0      0      0      0      0      0      0      0      0 
     0      0      0      0      0      0      0      0      0      0      0      0      0      0      0      0      0      0      0 
     0      0      0      0      0      0      0      0      0      0      0      0      0      0      0      0      0      0      0 
0 -1 -1
     0      0      0      0      0      0      0      0      1      1      0      0      0      1      0      0      0      0      0 
  3882   4009   3933   4216   4147   3827   3481   4228   4337   4274   3845   3633   4181   4558   4118   3902   9038   4699   4267 
 17236  13361     51    154   3933   3827   4009   4147   3882   4216   4274   4337   4228   4181   9038   4558   4699   4118   4267   3902   3633   3845   3481  13293  26304      0      0  65535 
     0      0      0      0      0      0      0      0      0      0      0      0      0      0      0      0      0      0      0 
     0      0      0      0      0      0      0      0      0      0      0      0      0      0      0      0      0      0      0 
     0      0      0      0      0      0      0      0      0      0      0      0      0      0      0      0      0      0      0 
0 -1 -1
     0      0      0      0      0      0      0      0      1      1      0      0      0      1      0      0      0      0      0 
  3883   4008   3934   4215   4147   3828   3482   4226   4335   4269   3845   3633   4183   4555   4119   3903   9036   4699   4268 
 17236  13361     51    154   3934   3828   4008   4147   3883   4215   4269   4335   4226   4183   9036   4555   4699   4119   4268   3903   3633   3845   3482  13293  26304      0      0  65535 
     0      0      0      0      0      0      0      0      0      0      0      0      0      0      0      0      0      0      0 
     0      0      0      0      0      0      0      0      0      0      0      0      0      0      0      0      0      0      0 
     0      0      0      0      0      0      0      0      0      0      0      0      0      0      0      0      0      0      0 
0 -1 -1
     0      0      0      0      0      0      0      0      1      1      0      0      0      1      0      0      0      0      0 
  3883   4010   3934   4216   4146   3828   3480   4225   4333   4268   3844   3632   4184   4556   4118   3902   9037   4700   4267 
 17236  13361     51    154   3934   3828   4010   4146   3883   4216   4268   4333   4225   4184   9037   4556   4700   4118   4267   3902   3632   3844   3480  13294  26304      0      0  65535 
     0      0      0      0      0      0      0      0      0      0      0      0      0      0      0      0      0      0      0 
     0      0      0      0      0      0      0      0      0      0      0      0      0      0      0      0      0      0      0 
     0      0      0      0      0      0      0      0      0      0      0      0      0      0      0      0      0      0      0 
0 -1 -1
     0      0      0      0      0      0      0      0      1      1      0      0      0      1      0      0      0      0      0 
  3883   4009   3935   4214   4146   3827   3480   4224   4333   4267   3843   3632   4184   4555   4119   3902   9029   4700   4266 
 17236  13361     51    153   3935   3827   4009   4146   3883   4214   4267   4333   4224   4184   9029   4555   4700   4119   4266   3902   3632   3843   3480  13295  26304      0      0  65535 
     0      0      0      0      0      0      0      0      0      0      0      0      0      0      0      0      0      0      0 
     0      0      0      0      0      0      0      0      0      0      0      0      0      0      0      0      0      0      0 
     0      0      0      0      0      0      0      0      0      0      0      0      0      0      0      0      0      0      0 
0 -1 -1
     0      0      0      0      0      0      0      0      1      1      0      0      0      0      0      0      0      0      0 
  3882   4010   3934   4215   4147   3828   3481   4222   4333   4266   3844   3632   4184   4554   4117   3901   9032   4701   4267 
 17236  13361     51    153   3934   3828   4010   4147   3882   4215   4266   4333   4222   4184   9032   4554   4701   4117   4267   3901   3632   3844   3481  13296  26303      0      0  65535 
     0      0      0      0      0      0      0      0      0      0      0      0      0      0      0      0      0      0      0 
     0      0      0      0      0      0      0      0      0      0      0      0      0      0      0      0      0      0      0 
     0      0      0      0      0      0      0      0      0      0      0      0      0      0      0      0      0      0      0 
0 -1 -1
     0      0      0      0      0      0      0      0      1      1      0      0      0      1      0      0      0      0      0 
  3882   4010   3936   4214   4147   3829   3481   4224   4333   4266   3843   3633   4182   4555   4118   3902   9033   4701   4268 
 17236  13361     51    154   3936   3829   4010   4147   3882   4214   4266   4333   4224   4182   9033   4555   4701   4118   4268   3902   3633   3843   3481  13296  26303      0      0  65535 
     0      0      0      0      0      0      0      0      0      0      0      0      0      0      0      0      0      0      0 
     0      0      0      0      0      0      0      0      0      0      0      0      0      0      0      0      0      0      0 
     0      0      0      0      0      0      0      0      0      0      0      0      0      0      0      0      0      0      0 
0 -1 -1
     0      0      0      0      0      0      0      0      1      1      0      0      0      0      0      0      0      0      0 
  3881   4010   3935   4214   4146   3828   3481   4224   4332   4265   3843   3631   4182   4553   4119   3901   9039   4700   4267 
 17236  13361     51    154   3935   3828   4010   4146   3881   4214   4265   4332   4224   4182   9039   4553   4700   4119   4267   3901   3631   3843   3481  13296  26304      0      0  65535 
     0      0      0      0      0      0      0      0      0      0      0      0      0      0      0      0      0      0      0 
     0      0      0      0      0      0      0      0      0      0      0      0      0      0      0      0      0      0      0 
     0      0      0      0      0      0      0      0      0      0      0      0      0      0      0      0      0      0      0 
0 -1 -1
     0      0      0      0      0      0      0      0      1      1      0      0      0      1      0      0      0      0      0 
  3883   4011   3933   4215   4146   3829   3481   4224   4331   4264   3842   3632   4184   4555   4117   3902   9038   4698   4266 
 17236  13361     51    154   3933   3829   4011   4146   3883   4215   4264   4331   4224   4184   9038   4555   4698   4117   4266   3902   3632   3842   3481  13297  26304      0      0  65535 
     0      0      0      0      0      0      0      0      0      0      0      0      0      0      0      0      0      0      0 
     0      0      0      0      0      0      0      0      0      0      0      0      0      0      0      0      0      0      0 
     0      0      0      0      0      0      0      0      0      0      0      0      0      0      0      0      0      0      0 
0 -1 -1
     0      0      0      0      0      0      0      0      1      1      0      0      0      0      0      0      0      0      0 
  3882   4010   3933   4216   4146   3827   3481   4222   4331   4266   3844   3632   4183   4554   4118   3901   9040   4699   4268 
 17236  13361     51    153   3933   3827   4010   4146   3882   4216   4266   4331   4222   4183   9040   4554   4699   4118   4268   3901   3632   3844   3481  13297  26305      0      0  65535 
     0      0      0      0      0      0      0      0      0      0      0      0      0      0      0      0      0      0      0 
     0      0      0      0      0      0      0      0      0      0      0      0      0      0      0      0      0      0      0 
     0      0      0      0      0      0      0      0      0      0      0      0      0      0      0      0      0      0      0 
0 -1 -1
     0      0      0      0      0      0      0      0      0      1      0      0      0      0      0      0      0      0      0 
  3884   4009   3934   4215   4147   3828   3480   4223   4330   4266   3842   3632   4183   4553   4117   3900   9038   4700   4267 
 17236  13361     51    154   3934   3828   4009   4147   3884   4215   4266   4330   4223   4183   9038   4553   4700   4117   4267   3900   3632   3842   3480  13299  26305      0      0  65535 
     0      0      0      0      0      0      0      0      0      0      0      0      0      0      0      0      0      0      0 
     0      0      0      0      0      0      0      0      0      0      0      0      0      0      0      0      0      0      0 
     0      0      0      0      0      0      0      0      0      0      0      0      0      0      0      0      0      0      0 
0 -1 -1
     0      0      0      0      0      0      0      0      1      1      0      0      0      0      0      0      0      0      0 
  3883   4011   3935   4215   4146   3828   3481   4224   4331   4265   3843   3632   4183   4553   4117   3901   9036   4699   4266 
 17236  13361     51    153   3935   3828   4011   4146   3883   4215   4265   4331   4224   4183   9036   4553   4699   4117   4266   3901   3632   3843   3481  13298  26305      0      0  65535 
     0      0      0      0      0      0      0      0      0      0      0      0      0      0      0      0      0      0      0 
     0      0      0      0      0      0      0      0      0      0      0      0      0      0      0      0      0      0      0 
     0      0      0      0      0      0      0      0      0      0      0      0      0      0      0      0      0      0      0 
0 -1 -1
     0      0      0      0      0      0      0      0      0      1      0      0      0      0      0      0      0      0      0 
  3883   4011   3935   4215   4146   3828   3480   4223   4330   4268   3844   3632   4182   4554   4116   3901   9042   4700   4267 
 17236  13361     51    154   3935   3828   4011   4146   3883   4215   4268   4330   4223   4182   9042   4554   4700   4116   4267   3901   3632   3844   3480  13298  26304      0      1  65535 
     0      0      0      0      0      0      0      0      0      0      0      0      0      0      0      0      0      0      0 
     0      0      0      0      0      0      0      0      0      0      0      0      0      0      0      0      0      0      0 
     0      0      0      0      0      0      0      0      0      0      0      0      0      0      0      0      0      0      0 
0 -1 -1
     0      0      0      0      0      0      0      0      0      1      0      0      0      0      0      0      0      0      0 
  3882   4011   3936   4214   4147   3827   3481   4224   4330   4266   3845   3633   4184   4554   4116   3901   9044   4701   4267 
 17236  13361     51    153   3936   3827   4011   4147   3882   4214   4266   4330   4224   4184   9044   4554   4701   4116   4267   3901   3633   3845   3481  13298  26304      0      0  65535 
     0      0      0      0      0      0      0      0      0      0      0      0      0      0      0      0      0      0      0 
     0      0      0      0      0      0      0      0      0      0      0      0      0      0      0      0      0      0      0 
     0      0      0      0      0      0      0      0      0      0      0      0      0      0      0      0      0      0      0 
0 -1 -1
     0      0      0      0      0      0      0      0      0      1      0      0      0      0      0      0      0      0      0 
  3882   4011   3935   4216   4147   3828   3479   4224   4330   4265   3841   3630   4184   4553   4118   3903   9037   4699   4267 
 17236  13361     51    153   3935   3828   4011   4147   3882   4216   4265   4330   4224   4184   9037   4553   4699   4118   4267   3903   3630   3841   3479  13299  26304      0      0  65535 
     0      0      0      0      0      0      0      0      0      0      0      0      0      0      0      0      0      0      0 
     0      0      0      0      0      0      0      0      0      0      0      0      0      0      0      0      0      0      0 
     0      0      0      0      0      0      0      0      0      0      0      0      0      0      0      0      0      0      0 
0 -1 -1
     0      0      0      0      0      0      0      0      1      1      0      0      0      0      0      0      0      0      0 
  3883   4011   3935   4216   4147   3828   3480   4224   4331   4265   3843   3632   4183   4554   4118   3901   9037   4701   4267 
 17236  13361     51    154   3935   3828   4011   4147   3883   4216   4265   4331   4224   4183   9037   4554   4701   4118   4267   3901   3632   3843   3480  13298  26304      0      0  65535 
     0      0      0      0      0      0      0      0      0      0      0      0      0      0      0      0      0      0      0 
     0      0      0      0      0      0      0      0      0      0      0      0      0      0      0      0      0      0      0 
     0      0      0      0      0      0      0      0      0      0      0      0      0      0      0      0      0      0      0 
0 -1 -1
     0      0      0      0      0      0      0      0      1      1      0      0      0      0      0      0      0      0      0 
  3883   4011   3934   4215   4146   3828   3481   4224   4331   4266   3843   3631   4182   4553   4117   3902   9048   4700   4269 
 17236  13361     51    154   3934   3828   4011   4146   3883   4215   4266   4331   4224   4182   9048   4553   4700   4117   4269   3902   3631   3843   3481  13299  26304      0      0  65535 
     0      0      0      0      0      0      0      0      0      0      0      0      0      0      0      0      0      0      0 
     0      0      0      0      0      0      0      0      0      0      0      0      0      0      0      0      0      0      0 
     0      0      0      0      0      0      0      0      0      0      0      0      0      0      0      0      0      0      0 
0 -1 -1
     0      0      0      0      0      0      0      0      0      1      0      0      0      0      0      0      0      0      0 
  3883   4011   3935   4215   4148   3829   3481   4224   4330   4265   3843   3634   4183   4553   4117   3902   9044   4700   4267 
 17236  13361     51    154   3935   3829   4011   4148   3883   4215   4265   4330   4224   4183   9044   4553   4700   4117   4267   3902   3634   3843   3481  13298  26304      0      0  65535 
     0      0      0      0      0      0      0      0      0      0      0      0      0      0      0      0      0      0      0 
     0      0      0      0      0      0      0      0      0      0      0      0      0      0      0      0      0      0      0 
     0      0      0      0      0      0      0      0      0      0      0      0      0      0      0      0      0      0      0 
0 -1 -1
     0      0      0      0      0      0      0      0      1      1      0      0      0      1      0      0      0      0      0 
  3885   4010   3936   4215   4146   3829   3481   4224   4332   4265   3842   3633   4183   4555   4117   3901   9041   4700   4268 
 17236  13361     51    154   3936   3829   4010   4146   3885   4215   4265   4332   4224   4183   9041   4555   4700   4117   4268   3901   3633   3842   3481  13292  26304      0      0  65535 
     0      0      0      0      0      0      0      0      0      0      0      0      0      0      0      0      0      0      0 
     0      0      0      0      0      0      0      0      0      0      0      0      0      0      0      0      0      0      0 
     0      0      0      0      0      0      0      0      0      0      0      0      0      0      0      0      0      0      0 
0 -1 -1
     0      0      0      0      0      0      0      0      1      1      0      0      0      0      0      0      0      0      0 
  3883   4012   3934   4214   4146   3827   3481   4224   4331   4265   3843   3633   4183   4554   4116   3901   9038   4700   4267 
 17236  13361     51    154   3934   3827   4012   4146   3883   4214   4265   4331   4224   4183   9038   4554   4700   4116   4267   3901   3633   3843   3481  13291  26304      0      0  65535 
     0      0      0      0      0      0      0      0      0      0      0      0      0      0      0      0      0      0      0 
     0      0      0      0      0      0      0      0      0      0      0      0      0      0      0      0      0      0      0 
     0      0      0      0      0      0      0      0      0      0      0      0      0      0      0      0      0      0      0 
0 -1 -1
     0      0      0      0      0      0      0      0      0      1      0      0      0      0      0      0      0      0      0 
  3884   4011   3935   4216   4148   3829   3480   4223   4330   4267   3845   3633   4184   4554   4118   3901   9042   4701   4269 
 17236  13361     51    153   3935   3829   4011   4148   3884   4216   4267   4330   4223   4184   9042   4554   4701   4118   4269   3901   3633   3845   3480  13291  26304      0      0  65535 
     0      0      0      0      0      0      0      0      0      0      0      0      0      0      0      0      0      0      0 
     0      0      0      0      0      0      0      0      0      0      0      0      0      0      0      0      0      0      0 
     0      0      0      0      0      0      0      0      0      0      0      0      0      0      0      0      0      0      0 
0 -1 -1
     0      0      0      0      0      0      0      0      0      1      0      0      0      0      0      0      0      0      0 
  3883   4011   3936   4215   4146   3829   3480   4224   4330   4265   3843   3633   4184   4554   4117   3900   9040   4701   4266 
 17236  13361     51    154   3936   3829   4011   4146   3883   4215   4265   4330   4224   4184   9040   4554   4701   4117   4266   3900   3633   3843   3480  13291  26304      0      0  65535 
     0      0      0      0      0      0      0      0      0      0      0      0      0      0      0      0      0      0      0 
     0      0      0      0      0      0      0      0      0      0      0      0      0      0      0      0      0      0      0 
     0      0      0      0      0      0      0      0      0      0      0      0      0      0      0      0      0      0      0 
0 -1 -1
     0      0      0      0      0      0      0      0      1      1      0      0      0      0      0      0      0      0      0 
  3883   4011   3935   4215   4146   3829   3480   4222   4332   4265   3843   3634   4183   4552   4116   3900   9042   4700   4269 
 17236  13361     51    153   3935   3829   4011   4146   3883   4215   4265   4332   4222   4183   9042   4552   4700   4116   4269   3900   3634   3843   3480  13293  26304      0      0  65535 
     0      0      0      0      0      0      0      0      0      0      0      0      0      0      0      0      0      0      0 
     0      0      0      0      0      0      0      0      0      0      0      0      0      0      0      0      0      0      0 
     0      0      0      0      0      0      0      0      0      0      0      0      0      0      0      0      0      0      0 
0 -1 -1
     0      0      0      0      0      0      0      0      0      1      0      0      0      0      0      0      0      0      0 
  3884   4011   3935   4214   4146   3829   3481   4224   4330   4264   3844   3632   4183   4554   4116   3900   9041   4701   4268 
 17236  13361     51    154   3935   3829   4011   4146   3884   4214   4264   4330   4224   4183   9041   4554   4701   4116   4268   3900   3632   3844   3481  13291  26304      0      0  65535 
     0      0      0      0      0      0      0      0      0      0      0      0      0      0      0      0      0      0      0 
     0      0      0      0      0      0      0      0      0      0      0      0      0      0      0      0      0      0      0 
     0      0      0      0      0      0      0      0      0      0      0      0      0      0      0      0      0      0      0 
0 -1 -1
     0      0      0      0      0      0      0      0      0      1      0      0      0      1      0      0      0      0      0 
  3883   4012   3937   4216   4148   3828   3481   4223   4329   4265   3843   3633   4185   4555   4116   3900   9041   4702   4267 
 17236  13361     51    154   3937   3828   4012   4148   3883   4216   4265   4329   4223   4185   9041   4555   4702   4116   4267   3900   3633   3843   3481  13290  26305      0      0  65535 
     0      0      0      0      0      0      0      0      0      0      0      0      0      0      0      0      0      0      0 
     0      0      0      0      0      0      0      0      0      0      0      0      0      0      0      0      0      0      0 
     0      0      0      0      0      0      0      0      0      0      0      0      0      0      0      0      0      0      0 
0 -1 -1
     0      0      0      0      0      0      0      0      0      1      0      0      0      0      0      0      0      0      0 
  3883   4011   3937   4216   4148   3828   3481   4224   4329   4266   3844   3634   4183   4553   4117   3901   9043   4701   4268 
 17236  13361     51    154   3937   3828   4011   4148   3883   4216   4266   4329   4224   4183   9043   4553   4701   4117   4268   3901   3634   3844   3481  13291  26305      0      0  65535 
     0      0      0      0      0      0      0      0      0      0      0      0      0      0      0      0      0      0      0 
     0      0      0      0      0      0      0      0      0      0      0      0      0      0      0      0      0      0      0 
     0      0      0      0      0      0      0      0      0      0      0      0      0      0      0      0      0      0      0 
0 -1 -1
     0      0      0      0      0      0      0      0      0      1      0      0      0      0      0      0      0      0      0 
  3886   4011   3935   4215   4148   3827   3480   4224   4330   4266   3843   3633   4182   4552   4116   3901   9030   4700   4268 
 17236  13361     51    154   3935   3827   4011   4148   3886   4215   4266   4330   4224   4182   9030   4552   4700   4116   4268   3901   3633   3843   3480  13291  26303      0      0  65535 
     0      0      0      0      0      0      0      0      0      0      0      0      0      0      0      0      0      0      0 
     0      0      0      0      0      0      0      0      0      0      0      0      0      0      0      0      0      0      0 
     0      0      0      0      0      0      0      0      0      0      0      0      0      0      0      0      0      0      0 
0 -1 -1
     0      0      0      0      0      0      0      0      0      1      0      0      0      0      0      0      0      0      0 
  3884   4012   3936   4215   4147   3829   3482   4223   4330   4265   3842   3632   4184   4554   4117   3900   9033   4701   4268 
 17236  13361     51    153   3936   3829   4012   4147   3884   4215   4265   4330   4223   4184   9033   4554   4701   4117   4268   3900   3632   3842   3482  13289  26303      0      0  65535 
     0      0      0      0      0      0      0      0      0      0      0      0      0      0      0      0      0      0      0 
     0      0      0      0      0      0      0      0      0      0      0      0      0      0      0      0      0      0      0 
     0      0      0      0      0      0      0      0      0      0      0      0      0      0      0      0      0      0      0 
0 -1 -1
     0      0      0      0      0      0      0      0      0      1      0      0      0      0      0      0      0      0      0 
  3885   4012   3936   4216   4148   3828   3480   4224   4329   4265   3841   3632   4184   4554   4117   3901   9042   4699   4268 
 17236  13361     51    153   3936   3828   4012   4148   3885   4216   4265   4329   4224   4184   9042   4554   4699   4117   4268   3901   3632   3841   3480  13289  26304      1      0  65535 
     0      0      0      0      0      0      0      0      0      0      0      0      0      0      0      0      0      0      0 
     0      0      0      0      0      0      0      0      0      0      0      0      0      0      0      0      0      0      0 
     0      0      0      0      0      0      0      0      0      0      0      0      0      0      0      0      0      0      0 
0 -1 -1
     0      0      0      0      0      0      0      0      0      1      0      0      0      0      0      0      0      0      0 
  3884   4012   3935   4216   4148   3828   3481   4223   4329   4266   3841   3632   4183   4554   4117   3900   9035   4701   4267 
 17236  13361     51    153   3935   3828   4012   4148   3884   4216   4266   4329   4223   4183   9035   4554   4701   4117   4267   3900   3632   3841   3481  13290  26304      0      0  65535 
     0      0      0      0      0      0      0      0      0      0      0      0      0      0      0      0      0      0      0 
     0      0      0      0      0      0      0      0      0      0      0      0      0      0      0      0      0      0      0 
     0      0      0      0      0      0      0      0      0      0      0      0      0      0      0      0      0      0      0 
0 -1 -1
     0      0      0      0      0      0      0      0      0      1      0      0      0      0      0      0      0      0      0 
  3885   4012   3935   4216   4147   3830   3481   4222   4330   4264   3843   3633   4182   4553   4117   3900   9038   4700   4268 
 17236  13361     51    154   3935   3830   4012   4147   3885   4216   4264   4330   4222   4182   9038   4553   4700   4117   4268   3900   3633   3843   3481  13289  26304      0      0  65535 
     0      0      0      0      0      0      0      0      0      0      0      0      0      0      0      0      0      0      0 
     0      0      0      0      0      0      0      0      0      0      0      0      0      0      0      0      0      0      0 
     0      0      0      0      0      0      0      0      0      0      0      0      0      0      0      0      0      0      0 
0 -1 -1
     0      0      0      0      0      0      0      0      0      1      0      0      0      0      0      0      0      0      0 
  3885   4011   3936   4217   4147   3828   3482   4222   4329   4265   3844   3634   4183   4553   4118   3901   9039   4700   4268 
 17236  13361     51    154   3936   3828   4011   4147   3885   4217   4265   4329   4222   4183   9039   4553   4700   4118   4268   3901   3634   3844   3482  13291  26304      0      0  65535 
     0      0      0      0      0      0      0      0      0      0      0      0      0      0      0      0      0      0      0 
     0      0      0      0      0      0      0      0      0      0      0      0      0      0      0      0      0      0      0 
     0      0      0      0      0      0      0      0      0      0      0      0      0      0      0      0      0      0      0 
0 -1 -1
     0      0      0      0      0      0      0      0      0      1      0      0      0      0      0      0      0      0      0 
  3883   4013   3936   4216   4148   3828   3482   4224   4329   4266   3845   3633   4183   4554   4116   3901   9044   4700   4268 
 17236  13361     51    153   3936   3828   4013   4148   3883   4216   4266   4329   4224   4183   9044   4554   4700   4116   4268   3901   3633   3845   3482  13293  26304      0      0  65535 
     0      0      0      0      0      0      0      0      0      0      0      0      0      0      0      0      0      0      0 
     0      0      0      0      0      0      0      0      0      0      0      0      0      0      0      0      0      0      0 
     0      0      0      0      0      0      0      0      0      0      0      0      0      0      0      0      0      0      0 
0 -1 -1
     0      0      0      0      0      0      0      0      0      1      0      0      0      0      0      0      0      0      0 
  3885   4014   3936   4216   4147   3828   3481   4222   4328   4263   3843   3634   4184   4552   4118   3901   9041   4701   4268 
 17236  13361     51    154   3936   3828   4014   4147   3885   4216   4263   4328   4222   4184   9041   4552   4701   4118   4268   3901   3634   3843   3481  13293  26304      0      0  65535 
     0      0      0      0      0      0      0      0      0      0      0      0      0      0      0      0      0      0      0 
     0      0      0      0      0      0      0      0      0      0      0      0      0      0      0      0      0      0      0 
     0      0      0      0      0      0      0      0      0      0      0      0      0      0      0      0      0      0      0 
0 -1 -1
     0      0      0      0      0      0      0      0      0      1      0      0      0      0      0      0      0      0      0 
  3884   4012   3936   4217   4148   3829   3482   4222   4329   4265   3843   3634   4183   4553   4116   3902   9038   4701   4268 
 17236  13361     51    154   3936   3829   4012   4148   3884   4217   4265   4329   4222   4183   9038   4553   4701   4116   4268   3902   3634   3843   3482  13293  26304      0      0  65535 
     0      0      0      0      0      0      0      0      0      0      0      0      0      0      0      0      0      0      0 
     0      0      0      0      0      0      0      0      0      0      0      0      0      0      0      0      0      0      0 
     0      0      0      0      0      0      0      0      0      0      0      0      0      0      0      0      0      0      0 
0 -1 -1
     0      0      0      0      0      0      0      0      1      1      0      0      0      0      0      0      0      0      0 
  3885   4014   3937   4218   4148   3827   3482   4225   4331   4264   3842   3633   4184   4554   4116   3901   9044   4701   4268 
 17236  13361     51    153   3937   3827   4014   4148   3885   4218   4264   4331   4225   4184   9044   4554   4701   4116   4268   3901   3633   3842   3482  13294  26304      0      0  65535 
     0      0      0      0      0      0      0      0      0      0      0      0      0      0      0      0      0      0      0 
     0      0      0      0      0      0      0      0      0      0      0      0      0      0      0      0      0      0      0 
     0      0      0      0      0      0      0      0      0      0      0      0      0      0      0      0      0      0      0 
0 -1 -1
     0      0      0      0      0      0      0      0      0      1      0      0      0      0      0      0      0      0      0 
  3884   4013   3936   4217   4147   3830   3481   4224   4330   4265   3843   3634   4184   4553   4116   3901   9035   4702   4269 
 17236  13361     51    154   3936   3830   4013   4147   3884   4217   4265   4330   4224   4184   9035   4553   4702   4116   4269   3901   3634   3843   3481  13293  26304      0      0  65535 
     0      0      0      0      0      0      0      0      0      0      0      0      0      0      0      0      0      0      0 
     0      0      0      0      0      0      0      0      0      0      0      0      0      0      0      0      0      0      0 
     0      0      0      0      0      0      0      0      0      0      0      0      0      0      0      0      0      0      0 
0 -1 -1
