     0      0      0      0      0      0      0     50     72     46      0      0     40     69     47      1      8      0      0 
  3849   3970   3902   4233   4081   3773   3449  11512  10300   8865   6289   4026   7867   9611  10113  10083   9845   4688   4281 
 17236  13361     51    154   3902   3773   3970   4081   3849   4233   8865  10300  11512   7867   9845   9611   4688  10113   4281  10083   4026   6289   3449  13285  26304      0      0  65535 
     0      0      0      0      0      0      0      0      0      0      0      0      0      0      0      0      0      0      0 
     0      0      0      0      0      0      0      0      0      0      0      0      0      0      0      0      0      0      0 
     0      0      0      0      0      0      0      0      0      0      0      0      0      0      0      0      0      0      0 
0 -1 -1
     0      0      0      0      0      0      0     25     13      0      0      0     11      2      0      0      2      0      0 
  3856   3980   3908   4232   4100   3790   3458   9854   8744   7510   5287   3763   6636   8009   8145   8015   9567   4694   4278 
 17236  13361     51    154   3908   3790   3980   4100   3856   4232   7510   8744   9854   6636   9567   8009   4694   8145   4278   8015   3763   5287   3458  13285  26304      0      0  65535 
     0      0      0      0      0      0      0      0      0      0      0      0      0      0      0      0      0      0      0 
     0      0      0      0      0      0      0      0      0      0      0      0      0      0      0      0      0      0      0 
     0      0      0      0      0      0      0      0      0      0      0      0      0      0      0      0      0      0      0 
0 -1 -1
     0      0      0      0      1      1      0      0      0      0      0      0      0      0      0      0      0      0      0 
  3860   3989   3916   4225   4123   3814   3467   7334   6558   5711   4174   3623   5138   6010   5804   5574   9240   4701   4271 
 17236  13361     51    154   3916   3814   3989   4123   3860   4225   5711   6558   7334   5138   9240   6010   4701   5804   4271   5574   3623   4174   3467  13285  26305      0      0  65535 
     0      0      0      0      0      0      0      0      0      0      0      0      0      0      0      0      0      0      0 
     0      0      0      0      0      0      0      0      0      0      0      0      0      0      0      0      0      0      0 
     0      0      0      0      0      0      0      0      0      0      0      0      0      0      0      0      0      0      0 
0 -1 -1
     0      0      0      0      1      1      0      0      0      0      0      0      0      0      0      0      0      0      0 
  3865   3997   3919   4215   4133   3825   3470   5354   4924   4547   3852   3619   4444   4888   4554   4296   9087   4700   4264 
 17236  13361     51    154   3919   3825   3997   4133   3865   4215   4547   4924   5354   4444   9087   4888   4700   4554   4264   4296   3619   3852   3470  13284  26304      0      0  65535 
     0      0      0      0      0      0      0      0      0      0      0      0      0      0      0      0      0      0      0 
     0      0      0      0      0      0      0      0      0      0      0      0      0      0      0      0      0      0      0 
     0      0      0      0      0      0      0      0      0      0      0      0      0      0      0      0      0      0      0 
0 -1 -1
     0      0      0      0      1      1      0      0      0      0      0      0      0      0      0      0      0      0      0 
  3866   3997   3920   4202   4128   3823   3469   4216   4334   4270   3834   3621   4180   4545   4116   3903   9030   4693   4259 
 17236  13361     51    154   3920   3823   3997   4128   3866   4202   4270   4334   4216   4180   9030   4545   4693   4116   4259   3903   3621   3834   3469  13287  26304      0      0  65535 
     0      0      0      0      0      0      0      0      0      0      0      0      0      0      0      0      0      0      0 
     0      0      0      0      0      0      0      0      0      0      0      0      0      0      0      0      0      0      0 
     0      0      0      0      0      0      0      0      0      0      0      0      0      0      0      0      0      0      0 
0 -1 -1
     0      0      0      0      1      1      0      0      0      0      0      0      0      0      0      0      0      0      0 
  3866   3998   3919   4202   4126   3823   3471   4206   4317   4258   3834   3621   4166   4542   4113   3893   9033   4694   4256 
 17236  13361     51    154   3919   3823   3998   4126   3866   4202   4258   4317   4206   4166   9033   4542   4694   4113   4256   3893   3621   3834   3471  13286  26305      0      1  65535 
     0      0      0      0      0      0      0      0      0      0      0      0      0      0      0      0      0      0      0 
     0      0      0      0      0      0      0      0      0      0      0      0      0      0      0      0      0      0      0 
     0      0      0      0      0      0      0      0      0      0      0      0      0      0      0      0      0      0      0 
0 -1 -1
     0      0      0      0      1      1      0      0      0      0      0      0      0      0      0      0      0      0      0 
  3866   3997   3920   4201   4126   3825   3470   4203   4316   4256   3834   3620   4165   4541   4112   3892   9024   4692   4258 
 17236  13361     51    154   3920   3825   3997   4126   3866   4201   4256   4316   4203   4165   9024   4541   4692   4112   4258   3892   3620   3834   3470  13286  26305      0      0  65535 
     0      0      0      0      0      0      0      0      0      0      0      0      0      0      0      0      0      0      0 
     0      0      0      0      0      0      0      0      0      0      0      0      0      0      0      0      0      0      0 
     0      0      0      0      0      0      0      0      0      0      0      0      0      0      0      0      0      0      0 
0 -1 -1
     0      0      0      0      1      1      0      0      0      0      0      0      0      0      0      0      0      0      0 
  3868   3997   3920   4200   4127   3824   3470   4201   4316   4256   3833   3621   4165   4541   4110   3891   9031   4693   4258 
 17236  13361     51    154   3920   3824   3997   4127   3868   4200   4256   4316   4201   4165   9031   4541   4693   4110   4258   3891   3621   3833   3470  13285  26305      0      0  65535 
     0      0      0      0      0      0      0      0      0      0      0      0      0      0      0      0      0      0      0 
     0      0      0      0      0      0      0      0      0      0      0      0      0      0      0      0      0      0      0 
     0      0      0      0      0      0      0      0      0      0      0      0      0      0      0      0      0      0      0 
0 -1 -1
     0      0      0      0      1      1      0      0      0      0      0      0      0      0      0      0      0      0      0 
  3866   3997   3920   4199   4126   3822   3469   4201   4314   4255   3833   3621   4164   4539   4109   3891   9034   4691   4257 
 17236  13361     51    154   3920   3822   3997   4126   3866   4199   4255   4314   4201   4164   9034   4539   4691   4109   4257   3891   3621   3833   3469  13285  26305      0      0  65535 
     0      0      0      0      0      0      0      0      0      0      0      0      0      0      0      0      0      0      0 
     0      0      0      0      0      0      0      0      0      0      0      0      0      0      0      0      0      0      0 
     0      0      0      0      0      0      0      0      0      0      0      0      0      0      0      0      0      0      0 
0 -1 -1
     0      0      0      0      1      1      0      0      0      0      0      0      0      0      0      0      0      0      0 
  3865   3997   3920   4199   4127   3823   3470   4199   4315   4252   3833   3620   4163   4538   4109   3890   9018   4693   4256 
 17236  13361     51    154   3920   3823   3997   4127   3865   4199   4252   4315   4199   4163   9018   4538   4693   4109   4256   3890   3620   3833   3470  13285  26303      0      0  65535 
     0      0      0      0      0      0      0      0      0      0      0      0      0      0      0      0      0      0      0 
     0      0      0      0      0      0      0      0      0      0      0      0      0      0      0      0      0      0      0 
     0      0      0      0      0      0      0      0      0      0      0      0      0      0      0      0      0      0      0 
0 -1 -1
     0      0      0      0      1      1      0      0      0      0      0      0      0      0      0      0      0      0      0 
  3865   3996   3921   4199   4128   3823   3468   4199   4312   4254   3834   3620   4164   4537   4109   3887   9027   4692   4256 
 17236  13361     51    154   3921   3823   3996   4128   3865   4199   4254   4312   4199   4164   9027   4537   4692   4109   4256   3887   3620   3834   3468  13283  26303      0      0  65535 
     0      0      0      0      0      0      0      0      0      0      0      0      0      0      0      0      0      0      0 
     0      0      0      0      0      0      0      0      0      0      0      0      0      0      0      0      0      0      0 
     0      0      0      0      0      0      0      0      0      0      0      0      0      0      0      0      0      0      0 
0 -1 -1
     0      0      0      0      1      1      0      0      0      0      0      0      0      0      0      0      0      0      0 
  3865   3997   3921   4200   4126   3822   3468   4199   4313   4252   3832   3621   4164   4538   4109   3889   9025   4690   4258 
 17236  13361     51    154   3921   3822   3997   4126   3865   4200   4252   4313   4199   4164   9025   4538   4690   4109   4258   3889   3621   3832   3468  13282  26304      0      0  65535 
     0      0      0      0      0      0      0      0      0      0      0      0      0      0      0      0      0      0      0 
     0      0      0      0      0      0      0      0      0      0      0      0      0      0      0      0      0      0      0 
     0      0      0      0      0      0      0      0      0      0      0      0      0      0      0      0      0      0      0 
0 -1 -1
     0      0      0      0      1      1      0      0      0      0      0      0      0      0      0      0      0      0      0 
  3865   3997   3920   4199   4126   3824   3469   4200   4313   4252   3832   3619   4161   4538   4108   3889   9028   4692   4257 
 17236  13361     51    154   3920   3824   3997   4126   3865   4199   4252   4313   4200   4161   9028   4538   4692   4108   4257   3889   3619   3832   3469  13282  26305      0      0  65535 
     0      0      0      0      0      0      0      0      0      0      0      0      0      0      0      0      0      0      0 
     0      0      0      0      0      0      0      0      0      0      0      0      0      0      0      0      0      0      0 
     0      0      0      0      0      0      0      0      0      0      0      0      0      0      0      0      0      0      0 
0 -1 -1
     0      0      0      0      1      1      0      0      0      0      0      0      0      0      0      0      0      0      0 
  3865   3997   3920   4201   4126   3823   3469   4198   4312   4254   3831   3620   4161   4538   4108   3889   9021   4693   4256 
 17236  13361     51    154   3920   3823   3997   4126   3865   4201   4254   4312   4198   4161   9021   4538   4693   4108   4256   3889   3620   3831   3469  13287  26303      0      0  65535 
     0      0      0      0      0      0      0      0      0      0      0      0      0      0      0      0      0      0      0 
     0      0      0      0      0      0      0      0      0      0      0      0      0      0      0      0      0      0      0 
     0      0      0      0      0      0      0      0      0      0      0      0      0      0      0      0      0      0      0 
0 -1 -1
     0      0      0      0      1      1      0      0      0      0      0      0      0      0      0      0      0      0      0 
  3864   3996   3920   4200   4126   3823   3470   4198   4313   4253   3832   3620   4162   4538   4110   3889   9030   4692   4256 
 17236  13361     51    154   3920   3823   3996   4126   3864   4200   4253   4313   4198   4162   9030   4538   4692   4110   4256   3889   3620   3832   3470  13287  26303      0      1  65535 
     0      0      0      0      0      0      0      0      0      0      0      0      0      0      0      0      0      0      0 
     0      0      0      0      0      0      0      0      0      0      0      0      0      0      0      0      0      0      0 
     0      0      0      0      0      0      0      0      0      0      0      0      0      0      0      0      0      0      0 
0 -1 -1
     0      0      0      0      1      1      0      0      0      0      0      0      0      0      0      0      0      0      0 
  3865   3995   3921   4198   4126   3822   3471   4199   4312   4251   3830   3621   4162   4537   4107   3888   9030   4691   4256 
 17236  13361     51    154   3921   3822   3995   4126   3865   4198   4251   4312   4199   4162   9030   4537   4691   4107   4256   3888   3621   3830   3471  13287  26304      0      0  65535 
     0      0      0      0      0      0      0      0      0      0      0      0      0      0      0      0      0      0      0 
     0      0      0      0      0      0      0      0      0      0      0      0      0      0      0      0      0      0      0 
     0      0      0      0      0      0      0      0      0      0      0      0      0      0      0      0      0      0      0 
0 -1 -1
     0      0      0      0      1      1      0      0      0      0      0      0      0      0      0      0      0      0      0 
  3864   3996   3919   4199   4126   3823   3469   4197   4312   4252   3831   3619   4162   4537   4108   3889   9030   4690   4256 
 17236  13361     51    154   3919   3823   3996   4126   3864   4199   4252   4312   4197   4162   9030   4537   4690   4108   4256   3889   3619   3831   3469  13287  26304      0      0  65535 
     0      0      0      0      0      0      0      0      0      0      0      0      0      0      0      0      0      0      0 
     0      0      0      0      0      0      0      0      0      0      0      0      0      0      0      0      0      0      0 
     0      0      0      0      0      0      0      0      0      0      0      0      0      0      0      0      0      0      0 
0 -1 -1
     0      0      0      0      1      1      0      0      0      0      0      0      0      0      0      0      0      0      0 
  3865   3997   3919   4199   4125   3822   3468   4199   4311   4253   3831   3619   4160   4536   4108   3888   9026   4693   4256 
 17236  13361     51    154   3919   3822   3997   4125   3865   4199   4253   4311   4199   4160   9026   4536   4693   4108   4256   3888   3619   3831   3468  13288  26304      0      0  65535 
     0      0      0      0      0      0      0      0      0      0      0      0      0      0      0      0      0      0      0 
     0      0      0      0      0      0      0      0      0      0      0      0      0      0      0      0      0      0      0 
     0      0      0      0      0      0      0      0      0      0      0      0      0      0      0      0      0      0      0 
0 -1 -1
     0      0      0      0      1      1      0      0      0      0      0      0      0      0      0      0      0      0      0 
  3864   3996   3919   4198   4125   3823   3470   4197   4311   4252   3831   3621   4162   4536   4106   3888   9026   4691   4254 
 17236  13361     51    154   3919   3823   3996   4125   3864   4198   4252   4311   4197   4162   9026   4536   4691   4106   4254   3888   3621   3831   3470  13287  26304      0      0  65535 
     0      0      0      0      0      0      0      0      0      0      0      0      0      0      0      0      0      0      0 
     0      0      0      0      0      0      0      0      0      0      0      0      0      0      0      0      0      0      0 
     0      0      0      0      0      0      0      0      0      0      0      0      0      0      0      0      0      0      0 
0 -1 -1
     0      0      0      0      1      1      0      0      0      0      0      0      0      0      0      0      0      0      0 
  3864   3997   3920   4198   4125   3821   3467   4196   4313   4251   3831   3619   4160   4537   4107   3889   9031   4691   4255 
 17236  13361     51    154   3920   3821   3997   4125   3864   4198   4251   4313   4196   4160   9031   4537   4691   4107   4255   3889   3619   3831   3467  13286  26304      0      0  65535 
     0      0      0      0      0      0      0      0      0      0      0      0      0      0      0      0      0      0      0 
     0      0      0      0      0      0      0      0      0      0      0      0      0      0      0      0      0      0      0 
     0      0      0      0      0      0      0      0      0      0      0      0      0      0      0      0      0      0      0 
0 -1 -1
     0      0      0      0      1      1      0      0      0      0      0      0      0      0      0      0      0      0      0 
  3864   3995   3918   4198   4124   3821   3467   4197   4312   4251   3830   3620   4161   4536   4106   3887   9026   4691   4255 
 17236  13361     51    154   3918   3821   3995   4124   3864   4198   4251   4312   4197   4161   9026   4536   4691   4106   4255   3887   3620   3830   3467  13286  26305      0      0  65535 
     0      0      0      0      0      0      0      0      0      0      0      0      0      0      0      0      0      0      0 
     0      0      0      0      0      0      0      0      0      0      0      0      0      0      0      0      0      0      0 
     0      0      0      0      0      0      0      0      0      0      0      0      0      0      0      0      0      0      0 
0 -1 -1
     0      0      0      0      1      1      0      0      0      0      0      0      0      0      0      0      0      0      0 
  3863   3995   3919   4198   4125   3822   3468   4198   4309   4251   3830   3619   4161   4535   4107   3888   9031   4692   4255 
 17236  13361     51    154   3919   3822   3995   4125   3863   4198   4251   4309   4198   4161   9031   4535   4692   4107   4255   3888   3619   3830   3468  13287  26306      0      0  65535 
     0      0      0      0      0      0      0      0      0      0      0      0      0      0      0      0      0      0      0 
     0      0      0      0      0      0      0      0      0      0      0      0      0      0      0      0      0      0      0 
     0      0      0      0      0      0      0      0      0      0      0      0      0      0      0      0      0      0      0 
0 -1 -1
     0      0      0      0      1      1      0      0      0      0      0      0      0      0      0      0      0      0      0 
  3863   3997   3919   4199   4125   3822   3470   4195   4309   4251   3831   3619   4161   4536   4106   3887   9028   4691   4255 
 17236  13361     51    154   3919   3822   3997   4125   3863   4199   4251   4309   4195   4161   9028   4536   4691   4106   4255   3887   3619   3831   3470  13287  26304      0      0  65535 
     0      0      0      0      0      0      0      0      0      0      0      0      0      0      0      0      0      0      0 
     0      0      0      0      0      0      0      0      0      0      0      0      0      0      0      0      0      0      0 
     0      0      0      0      0      0      0      0      0      0      0      0      0      0      0      0      0      0      0 
0 -1 -1
     0      0      0      0      1      1      0      0      0      0      0      0      0      0      0      0      0      0      0 
  3864   3995   3919   4198   4125   3821   3469   4196   4309   4250   3830   3621   4161   4536   4105   3888   9022   4690   4255 
 17236  13361     51    154   3919   3821   3995   4125   3864   4198   4250   4309   4196   4161   9022   4536   4690   4105   4255   3888   3621   3830   3469  13287  26304      1      0  65535 
     0      0      0      0      0      0      0      0      0      0      0      0      0      0      0      0      0      0      0 
     0      0      0      0      0      0      0      0      0      0      0      0      0      0      0      0      0      0      0 
     0      0      0      0      0      0      0      0      0      0      0      0      0      0      0      0      0      0      0 
0 -1 -1
     0      0      0      0      1      1      0      0      0      0      0      0      0      0      0      0      0      0      0 
  3864   3996   3919   4197   4125   3820   3469   4195   4310   4251   3830   3618   4160   4536   4107   3887   9024   4690   4254 
 17236  13361     51    154   3919   3820   3996   4125   3864   4197   4251   4310   4195   4160   9024   4536   4690   4107   4254   3887   3618   3830   3469  13288  26304      0      0  65535 
     0      0      0      0      0      0      0      0      0      0      0      0      0      0      0      0      0      0      0 
     0      0      0      0      0      0      0      0      0      0      0      0      0      0      0      0      0      0      0 
     0      0      0      0      0      0      0      0      0      0      0      0      0      0      0      0      0      0      0 
0 -1 -1
     0      0      0      0      1      1      0      0      0      0      0      0      0      0      0      0      0      0      0 
  3865   3996   3921   4197   4125   3820   3468   4197   4310   4251   3830   3618   4159   4535   4104   3887   9027   4689   4255 
 17236  13361     51    154   3921   3820   3996   4125   3865   4197   4251   4310   4197   4159   9027   4535   4689   4104   4255   3887   3618   3830   3468  13288  26305      0      0  65535 
     0      0      0      0      0      0      0      0      0      0      0      0      0      0      0      0      0      0      0 
     0      0      0      0      0      0      0      0      0      0      0      0      0      0      0      0      0      0      0 
     0      0      0      0      0      0      0      0      0      0      0      0      0      0      0      0      0      0      0 
0 -1 -1
     0      0      0      0      1      1      0      0      0      0      0      0      0      0      0      0      0      0      0 
  3863   3995   3919   4198   4124   3822   3468   4197   4309   4251   3829   3620   4161   4536   4108   3888   9014   4690   4255 
 17236  13361     51    154   3919   3822   3995   4124   3863   4198   4251   4309   4197   4161   9014   4536   4690   4108   4255   3888   3620   3829   3468  13288  26303      0      0  65535 
     0      0      0      0      0      0      0      0      0      0      0      0      0      0      0      0      0      0      0 
     0      0      0      0      0      0      0      0      0      0      0      0      0      0      0      0      0      0      0 
     0      0      0      0      0      0      0      0      0      0      0      0      0      0      0      0      0      0      0 
0 -1 -1
