     0      0      0     42     84     29      2    255    255    255    106      0    105     96      9      0     14      0      0 
  2852   2951   2974   6567   5489   3620   2639  32766  23765  12133   6491   2662   8523   5770   3271   2855  11293   3543   3192 
 17236  13361     51    147   2974   3620   2951   5489   2852   6567  12133  23765  32766   8523  11293   5770   3543   3271   3192   2855   2662   6491   2639  13383  26304      0      0  65535 
     0      0      0      0      0      0      0      0      0      0      0      0      0      0      0      0      0      0      0 
     0      0      0      0      0      0      0      0      0      0      0      0      0      0      0      0      0      0      0 
     0      0      0      0      0      0      0      0      0      0      0      0      0      0      0      0      0      0      0 
0 -1 -1
     0      0      0     44     86     29      1    255    255    255    111      0    110    101     11      0     18      0      0 
  2850   2947   2972   6709   5528   3624   2628  32766  24535  12428   6629   2663   8703   5884   3337   2851  11470   3539   3190 
 17236  13361     51    147   2972   3624   2947   5528   2850   6709  12428  24535  32766   8703  11470   5884   3539   3337   3190   2851   2663   6629   2628  13384  26304      0      0  65535 
     0      0      0      0      0      0      0      0      0      0      0      0      0      0      0      0      0      0      0 
     0      0      0      0      0      0      0      0      0      0      0      0      0      0      0      0      0      0      0 
     0      0      0      0      0      0      0      0      0      0      0      0      0      0      0      0      0      0      0 
0 -1 -1
     0      0      0     45     86     32      2    255    255    255    123      0    118    112     18      0     18      0      0 
  2848   2944   2969   6760   5548   3696   2650  32766  25743  13138   6966   2660   9075   6164   3496   2849  11465   3537   3189 
 17236  13361     51    147   2969   3696   2944   5548   2848   6760  13138  25743  32766   9075  11465   6164   3537   3496   3189   2849   2660   6966   2650  13385  26304      0      0  65535 
     0      0      0      0      0      0      0      0      0      0      0      0      0      0      0      0      0      0      0 
     0      0      0      0      0      0      0      0      0      0      0      0      0      0      0      0      0      0      0 
     0      0      0      0      0      0      0      0      0      0      0      0      0      0      0      0      0      0      0 
0 -1 -1
     0      0      0     46     87     34      2    255    255    255    129      0    125    120     21      0     22      0      0 
  2844   2939   2968   6797   5572   3757   2667  32766  26671  13624   7137   2659   9371   6354   3595   2849  11679   3534   3186 
 17236  13361     51    147   2968   3757   2939   5572   2844   6797  13624  26671  32766   9371  11679   6354   3534   3595   3186   2849   2659   7137   2667  13385  26305      0      0  65535 
     0      0      0      0      0      0      0      0      0      0      0      0      0      0      0      0      0      0      0 
     0      0      0      0      0      0      0      0      0      0      0      0      0      0      0      0      0      0      0 
     0      0      0      0      0      0      0      0      0      0      0      0      0      0      0      0      0      0      0 
0 -1 -1
     0      0      0     48     88     34      2    255    255    255    128      0    129    122     21      0     25      0      0 
  2844   2939   2966   6889   5594   3754   2656  32766  27203  13701   7103   2657   9529   6400   3595   2847  11800   3531   3184 
 17236  13361     51    147   2966   3754   2939   5594   2844   6889  13701  27203  32766   9529  11800   6400   3531   3595   3184   2847   2657   7103   2656  13385  26305      0      0  65535 
     0      0      0      0      0      0      0      0      0      0      0      0      0      0      0      0      0      0      0 
     0      0      0      0      0      0      0      0      0      0      0      0      0      0      0      0      0      0      0 
     0      0      0      0      0      0      0      0      0      0      0      0      0      0      0      0      0      0      0 
0 -1 -1
     0      0      0     51     93     36      2    255    255    255    134      0    132    125     23      0     22      0      0 
  2841   2936   2964   7068   5708   3821   2680  32766  28003  14026   7264   2656   9647   6479   3642   2844  11673   3527   3181 
 17236  13361     51    147   2964   3821   2936   5708   2841   7068  14026  28003  32766   9647  11673   6479   3527   3642   3181   2844   2656   7264   2680  13386  26304      0      0  65535 
     0      0      0      0      0      0      0      0      0      0      0      0      0      0      0      0      0      0      0 
     0      0      0      0      0      0      0      0      0      0      0      0      0      0      0      0      0      0      0 
     0      0      0      0      0      0      0      0      0      0      0      0      0      0      0      0      0      0      0 
0 -1 -1
     0      0      0     53     99     41      4    255    255    255    147      0    135    131     28      0     30      0      0 
  2840   2932   2962   7203   5860   3950   2736  32766  28942  14642   7607   2661   9770   6624   3754   2843  12036   3523   3180 
 17236  13361     51    147   2962   3950   2932   5860   2840   7203  14642  28942  32766   9770  12036   6624   3523   3754   3180   2843   2661   7607   2736  13387  26304      0      0  65535 
     0      0      0      0      0      0      0      0      0      0      0      0      0      0      0      0      0      0      0 
     0      0      0      0      0      0      0      0      0      0      0      0      0      0      0      0      0      0      0 
     0      0      0      0      0      0      0      0      0      0      0      0      0      0      0      0      0      0      0 
0 -1 -1
     0      0      0     54    103     45      5    255    255    255    158      0    140    139     33      0     35      0      0 
  2837   2930   2960   7264   5961   4055   2771  32766  29912  15281   7923   2673   9976   6807   3872   2840  12244   3521   3176 
 17236  13361     51    147   2960   4055   2930   5961   2837   7264  15281  29912  32766   9976  12244   6807   3521   3872   3176   2840   2673   7923   2771  13388  26304      0      0  65535 
     0      0      0      0      0      0      0      0      0      0      0      0      0      0      0      0      0      0      0 
     0      0      0      0      0      0      0      0      0      0      0      0      0      0      0      0      0      0      0 
     0      0      0      0      0      0      0      0      0      0      0      0      0      0      0      0      0      0      0 
0 -1 -1
     0      0      0     57    105     47      4    255    255    255    159      0    143    141     32      0     27      0      0 
  2835   2924   2957   7398   6027   4094   2765  32766  30665  15499   7946   2670  10111   6843   3869   2840  11889   3517   3174 
 17236  13361     51    147   2957   4094   2924   6027   2835   7398  15499  30665  32766  10111  11889   6843   3517   3869   3174   2840   2670   7946   2765  13386  26304      0      0  65535 
     0      0      0      0      0      0      0      0      0      0      0      0      0      0      0      0      0      0      0 
     0      0      0      0      0      0      0      0      0      0      0      0      0      0      0      0      0      0      0 
     0      0      0      0      0      0      0      0      0      0      0      0      0      0      0      0      0      0      0 
0 -1 -1
     0      0      0     60    110     49      5    255    255    255    164      0    147    143     33      0     35      0      0 
  2834   2922   2956   7591   6149   4166   2791  32766  31722  15836   8089   2677  10279   6899   3885   2838  12246   3513   3170 
 17236  13361     51    147   2956   4166   2922   6149   2834   7591  15836  31722  32766  10279  12246   6899   3513   3885   3170   2838   2677   8089   2791  13387  26304      0      0  65535 
     0      0      0      0      0      0      0      0      0      0      0      0      0      0      0      0      0      0      0 
     0      0      0      0      0      0      0      0      0      0      0      0      0      0      0      0      0      0      0 
     0      0      0      0      0      0      0      0      0      0      0      0      0      0      0      0      0      0      0 
0 -1 -1
     0      0      0     62    116     54      6    255    255    255    178      1    152    150     37      0     42      0      0 
  2828   2918   2952   7705   6303   4283   2844  32766  32732  16532   8465   2701  10496   7068   3992   2837  12546   3509   3170 
 17236  13361     51    147   2952   4283   2918   6303   2828   7705  16532  32732  32766  10496  12546   7068   3509   3992   3170   2837   2701   8465   2844  13384  26304      0      0  65535 
     0      0      0      0      0      0      0      0      0      0      0      0      0      0      0      0      0      0      0 
     0      0      0      0      0      0      0      0      0      0      0      0      0      0      0      0      0      0      0 
     0      0      0      0      0      0      0      0      0      0      0      0      0      0      0      0      0      0      0 
0 -1 -1
     0      0      0     61    118     54      7    255    255    255    189      1    158    157     42      0     47      0      0 
  2826   2914   2950   7657   6335   4304   2871  32766  32766  17036   8745   2729  10731   7243   4101   2840  12815   3505   3164 
 17236  13361     51    146   2950   4304   2914   6335   2826   7657  17036  32766  32766  10731  12815   7243   3505   4101   3164   2840   2729   8745   2871  13381  26305      0      0  65535 
     0      0      0      0      0      0      0      0      0      0      0      0      0      0      0      0      0      0      0 
     0      0      0      0      0      0      0      0      0      0      0      0      0      0      0      0      0      0      0 
     0      0      0      0      0      0      0      0      0      0      0      0      0      0      0      0      0      0      0 
0 -1 -1
     0      0      0     61    119     56      8    255    255    255    198      2    163    164     46      0     51      0      0 
  2826   2912   2950   7624   6366   4337   2907  32766  32766  17501   9013   2765  10926   7398   4201   2843  12986   3503   3164 
 17236  13361     51    146   2950   4337   2912   6366   2826   7624  17501  32766  32766  10926  12986   7398   3503   4201   3164   2843   2765   9013   2907  13379  26305      0      0  65535 
     0      0      0      0      0      0      0      0      0      0      0      0      0      0      0      0      0      0      0 
     0      0      0      0      0      0      0      0      0      0      0      0      0      0      0      0      0      0      0 
     0      0      0      0      0      0      0      0      0      0      0      0      0      0      0      0      0      0      0 
0 -1 -1
     0      0      0     61    121     58      9    255    255    255    207      3    165    168     48      0     39      0      0 
  2823   2911   2949   7621   6415   4396   2953  32766  32766  17863   9239   2799  11012   7493   4269   2851  12407   3501   3162 
 17236  13361     51    146   2949   4396   2911   6415   2823   7621  17863  32766  32766  11012  12407   7493   3501   4269   3162   2851   2799   9239   2953  13381  26305      0      0  65535 
     0      0      0      0      0      0      0      0      0      0      0      0      0      0      0      0      0      0      0 
     0      0      0      0      0      0      0      0      0      0      0      0      0      0      0      0      0      0      0 
     0      0      0      0      0      0      0      0      0      0      0      0      0      0      0      0      0      0      0 
0 -1 -1
     0      0      0     61    122     58      9    255    255    255    207      4    165    169     49      0     34      0      0 
  2825   2910   2946   7643   6441   4412   2955  32766  32766  17982   9261   2806  11031   7512   4283   2856  12184   3499   3164 
 17236  13361     51    146   2946   4412   2910   6441   2825   7643  17982  32766  32766  11031  12184   7512   3499   4283   3164   2856   2806   9261   2955  13381  26305      0      1  65535 
     0      0      0      0      0      0      0      0      0      0      0      0      0      0      0      0      0      0      0 
     0      0      0      0      0      0      0      0      0      0      0      0      0      0      0      0      0      0      0 
     0      0      0      0      0      0      0      0      0      0      0      0      0      0      0      0      0      0      0 
0 -1 -1
     0      0      0     62    120     56      7    255    255    255    199      2    165    166     47      0     39      0      0 
  2824   2909   2947   7672   6394   4338   2890  32766  32766  17685   9017   2768  11025   7446   4225   2847  12436   3500   3161 
 17236  13361     51    147   2947   4338   2909   6394   2824   7672  17685  32766  32766  11025  12436   7446   3500   4225   3161   2847   2768   9017   2890  13380  26305      0      0  65535 
     0      0      0      0      0      0      0      0      0      0      0      0      0      0      0      0      0      0      0 
     0      0      0      0      0      0      0      0      0      0      0      0      0      0      0      0      0      0      0 
     0      0      0      0      0      0      0      0      0      0      0      0      0      0      0      0      0      0      0 
0 -1 -1
     0      0      0     62    118     52      6    255    255    255    190      2    165    163     44      0     36      0      0 
  2824   2909   2948   7688   6335   4249   2829  32766  32766  17349   8779   2737  11015   7377   4161   2841  12300   3500   3163 
 17236  13361     51    147   2948   4249   2909   6335   2824   7688  17349  32766  32766  11015  12300   7377   3500   4161   3163   2841   2737   8779   2829  13378  26305      0      0  65535 
     0      0      0      0      0      0      0      0      0      0      0      0      0      0      0      0      0      0      0 
     0      0      0      0      0      0      0      0      0      0      0      0      0      0      0      0      0      0      0 
     0      0      0      0      0      0      0      0      0      0      0      0      0      0      0      0      0      0      0 
0 -1 -1
     0      0      0     61    117     52      6    255    255    255    191      2    165    164     45      0     37      0      0 
  2824   2908   2948   7647   6309   4229   2825  32766  32766  17348   8821   2741  11034   7409   4187   2845  12334   3501   3163 
 17236  13361     51    146   2948   4229   2908   6309   2824   7647  17348  32766  32766  11034  12334   7409   3501   4187   3163   2845   2741   8821   2825  13380  26304      0      0  65535 
     0      0      0      0      0      0      0      0      0      0      0      0      0      0      0      0      0      0      0 
     0      0      0      0      0      0      0      0      0      0      0      0      0      0      0      0      0      0      0 
     0      0      0      0      0      0      0      0      0      0      0      0      0      0      0      0      0      0      0 
0 -1 -1
     0      0      0     61    116     52      6    255    255    255    193      2    164    165     46      0     30      0      0 
  2824   2909   2948   7623   6300   4230   2823  32766  32766  17411   8855   2747  10998   7422   4207   2848  12005   3500   3163 
 17236  13361     51    146   2948   4230   2909   6300   2824   7623  17411  32766  32766  10998  12005   7422   3500   4207   3163   2848   2747   8855   2823  13379  26304      0      0  65535 
     0      0      0      0      0      0      0      0      0      0      0      0      0      0      0      0      0      0      0 
     0      0      0      0      0      0      0      0      0      0      0      0      0      0      0      0      0      0      0 
     0      0      0      0      0      0      0      0      0      0      0      0      0      0      0      0      0      0      0 
0 -1 -1
     0      0      0     61    115     50      5    255    255    255    186      1    160    160     44      0     21      0      0 
  2827   2911   2947   7649   6270   4181   2772  32766  32766  17100   8676   2728  10800   7301   4146   2850  11626   3505   3165 
 17236  13361     51    147   2947   4181   2911   6270   2827   7649  17100  32766  32766  10800  11626   7301   3505   4146   3165   2850   2728   8676   2772  13379  26304      0      0  65535 
     0      0      0      0      0      0      0      0      0      0      0      0      0      0      0      0      0      0      0 
     0      0      0      0      0      0      0      0      0      0      0      0      0      0      0      0      0      0      0 
     0      0      0      0      0      0      0      0      0      0      0      0      0      0      0      0      0      0      0 
0 -1 -1
     0      0      0     61    114     48      4    255    255    255    184      1    155    157     43      0     24      0      0 
  2828   2913   2948   7659   6251   4144   2744  32766  32766  16909   8630   2725  10628   7226   4124   2854  11755   3505   3166 
 17236  13361     51    147   2948   4144   2913   6251   2828   7659  16909  32766  32766  10628  11755   7226   3505   4124   3166   2854   2725   8630   2744  13379  26304      0      0  65535 
     0      0      0      0      0      0      0      0      0      0      0      0      0      0      0      0      0      0      0 
     0      0      0      0      0      0      0      0      0      0      0      0      0      0      0      0      0      0      0 
     0      0      0      0      0      0      0      0      0      0      0      0      0      0      0      0      0      0      0 
0 -1 -1
     0      0      0     59    113     48      4    255    255    255    185      1    152    155     43      0     31      0      0 
  2830   2915   2949   7539   6212   4145   2746  32766  32766  16884   8655   2729  10481   7195   4130   2855  12070   3509   3167 
 17236  13361     51    147   2949   4145   2915   6212   2830   7539  16884  32766  32766  10481  12070   7195   3509   4130   3167   2855   2729   8655   2746  13380  26304      0      0  65535 
     0      0      0      0      0      0      0      0      0      0      0      0      0      0      0      0      0      0      0 
     0      0      0      0      0      0      0      0      0      0      0      0      0      0      0      0      0      0      0 
     0      0      0      0      0      0      0      0      0      0      0      0      0      0      0      0      0      0      0 
0 -1 -1
     0      0      0     54    106     45      3    255    255    255    175      1    144    148     39      0     32      0      0 
  2834   2919   2952   7271   6051   4054   2705  32766  32035  16322   8382   2707  10161   7026   4041   2848  12127   3514   3170 
 17236  13361     51    147   2952   4054   2919   6051   2834   7271  16322  32035  32766  10161  12127   7026   3514   4041   3170   2848   2707   8382   2705  13382  26304      0      0  65535 
     0      0      0      0      0      0      0      0      0      0      0      0      0      0      0      0      0      0      0 
     0      0      0      0      0      0      0      0      0      0      0      0      0      0      0      0      0      0      0 
     0      0      0      0      0      0      0      0      0      0      0      0      0      0      0      0      0      0      0 
0 -1 -1
     0      0      0     46     95     39      2    255    255    255    160      0    135    139     35      0     26      0      0 
  2839   2928   2958   6818   5760   3891   2649  32766  29932  15455   7977   2680   9770   6807   3923   2845  11822   3521   3174 
 17236  13361     51    147   2958   3891   2928   5760   2839   6818  15455  29932  32766   9770  11822   6807   3521   3923   3174   2845   2680   7977   2649  13382  26304      0      0  65535 
     0      0      0      0      0      0      0      0      0      0      0      0      0      0      0      0      0      0      0 
     0      0      0      0      0      0      0      0      0      0      0      0      0      0      0      0      0      0      0 
     0      0      0      0      0      0      0      0      0      0      0      0      0      0      0      0      0      0      0 
0 -1 -1
     0      0      0     34     79     32      1    255    255    255    147      0    126    131     30      0     23      0      0 
  2845   2939   2964   6145   5367   3698   2633  32766  27457  14525   7612   2665   9409   6622   3818   2843  11718   3530   3180 
 17236  13361     51    147   2964   3698   2939   5367   2845   6145  14525  27457  32766   9409  11718   6622   3530   3818   3180   2843   2665   7612   2633  13382  26304      0      0  65535 
     0      0      0      0      0      0      0      0      0      0      0      0      0      0      0      0      0      0      0 
     0      0      0      0      0      0      0      0      0      0      0      0      0      0      0      0      0      0      0 
     0      0      0      0      0      0      0      0      0      0      0      0      0      0      0      0      0      0      0 
0 -1 -1
     0      0      0     23     64     24      1    255    255    255    129      0    115    119     23      0     19      0      0 
  2851   2949   2970   5531   4970   3482   2622  32766  24882  13380   7119   2657   8942   6325   3642   2845  11525   3538   3185 
 17236  13361     51    147   2970   3482   2949   4970   2851   5531  13380  24882  32766   8942  11525   6325   3538   3642   3185   2845   2657   7119   2622  13381  26304      0      0  65535 
     0      0      0      0      0      0      0      0      0      0      0      0      0      0      0      0      0      0      0 
     0      0      0      0      0      0      0      0      0      0      0      0      0      0      0      0      0      0      0 
     0      0      0      0      0      0      0      0      0      0      0      0      0      0      0      0      0      0      0 
0 -1 -1
     0      0      0     20     57     19      1    255    255    255    119      0    113    114     20      0     10      0      0 
  2852   2952   2973   5381   4811   3360   2615  32766  24120  12830   6848   2656   8850   6204   3547   2848  11102   3539   3186 
 17236  13361     51    147   2973   3360   2952   4811   2852   5381  12830  24120  32766   8850  11102   6204   3539   3547   3186   2848   2656   6848   2615  13383  26305      0      0  65535 
     0      0      0      0      0      0      0      0      0      0      0      0      0      0      0      0      0      0      0 
     0      0      0      0      0      0      0      0      0      0      0      0      0      0      0      0      0      0      0 
     0      0      0      0      0      0      0      0      0      0      0      0      0      0      0      0      0      0      0 
0 -1 -1
     0      0      0     20     57     19      1    255    255    255    122      0    117    118     21      0     17      0      0 
  2852   2951   2970   5381   4810   3361   2628  32766  24415  12968   6930   2655   9007   6298   3592   2846  11447   3537   3185 
 17236  13361     51    147   2970   3361   2951   4810   2852   5381  12968  24415  32766   9007  11447   6298   3537   3592   3185   2846   2655   6930   2628  13382  26304      0      0  65535 
     0      0      0      0      0      0      0      0      0      0      0      0      0      0      0      0      0      0      0 
     0      0      0      0      0      0      0      0      0      0      0      0      0      0      0      0      0      0      0 
     0      0      0      0      0      0      0      0      0      0      0      0      0      0      0      0      0      0      0 
0 -1 -1
     0      0      0     19     58     21      2    255    255    255    130      0    122    125     25      0     16      0      0 
  2851   2952   2971   5314   4816   3404   2662  32766  24786  13345   7152   2656   9208   6475   3690   2846  11404   3534   3182 
 17236  13361     51    147   2971   3404   2952   4816   2851   5314  13345  24786  32766   9208  11404   6475   3534   3690   3182   2846   2656   7152   2662  13383  26304      0      1  65535 
     0      0      0      0      0      0      0      0      0      0      0      0      0      0      0      0      0      0      0 
     0      0      0      0      0      0      0      0      0      0      0      0      0      0      0      0      0      0      0 
     0      0      0      0      0      0      0      0      0      0      0      0      0      0      0      0      0      0      0 
0 -1 -1
     0      0      0     18     56     21      2    255    255    255    134      0    127    132     29      0     18      0      0 
  2851   2951   2970   5238   4784   3408   2660  32766  25063  13594   7264   2657   9418   6629   3774   2844  11468   3534   3182 
 17236  13361     51    147   2970   3408   2951   4784   2851   5238  13594  25063  32766   9418  11468   6629   3534   3774   3182   2844   2657   7264   2660  13384  26304      0      0  65535 
     0      0      0      0      0      0      0      0      0      0      0      0      0      0      0      0      0      0      0 
     0      0      0      0      0      0      0      0      0      0      0      0      0      0      0      0      0      0      0 
     0      0      0      0      0      0      0      0      0      0      0      0      0      0      0      0      0      0      0 
0 -1 -1
     0      0      0     18     55     20      2    255    255    255    133      0    131    135     30      0     20      0      0 
  2849   2947   2969   5226   4749   3370   2640  32766  25294  13632   7248   2655   9597   6714   3804   2842  11571   3532   3181 
 17236  13361     51    147   2969   3370   2947   4749   2849   5226  13632  25294  32766   9597  11571   6714   3532   3804   3181   2842   2655   7248   2640  13385  26304      0      0  65535 
     0      0      0      0      0      0      0      0      0      0      0      0      0      0      0      0      0      0      0 
     0      0      0      0      0      0      0      0      0      0      0      0      0      0      0      0      0      0      0 
     0      0      0      0      0      0      0      0      0      0      0      0      0      0      0      0      0      0      0 
0 -1 -1
     0      0      0     18     55     19      1    255    255    255    135      0    134    138     32      0     26      0      0 
  2848   2947   2970   5258   4746   3357   2636  32766  25580  13735   7295   2656   9717   6789   3847   2842  11827   3530   3181 
 17236  13361     51    147   2970   3357   2947   4746   2848   5258  13735  25580  32766   9717  11827   6789   3530   3847   3181   2842   2656   7295   2636  13386  26304      0      0  65535 
     0      0      0      0      0      0      0      0      0      0      0      0      0      0      0      0      0      0      0 
     0      0      0      0      0      0      0      0      0      0      0      0      0      0      0      0      0      0      0 
     0      0      0      0      0      0      0      0      0      0      0      0      0      0      0      0      0      0      0 
0 -1 -1
     0      0      0     20     57     20      2    255    255    255    137      0    134    139     32      0     27      0      0 
  2849   2946   2968   5341   4796   3385   2646  32766  25828  13861   7343   2659   9712   6798   3860   2842  11888   3529   3178 
 17236  13361     51    147   2968   3385   2946   4796   2849   5341  13861  25828  32766   9712  11888   6798   3529   3860   3178   2842   2659   7343   2646  13386  26304      0      0  65535 
     0      0      0      0      0      0      0      0      0      0      0      0      0      0      0      0      0      0      0 
     0      0      0      0      0      0      0      0      0      0      0      0      0      0      0      0      0      0      0 
     0      0      0      0      0      0      0      0      0      0      0      0      0      0      0      0      0      0      0 
0 -1 -1
     0      0      0     22     59     20      1    255    255    255    134      0    131    136     30      0     20      0      0 
  2847   2945   2967   5451   4843   3391   2637  32766  25873  13780   7267   2656   9622   6725   3820   2842  11556   3529   3177 
 17236  13361     51    147   2967   3391   2945   4843   2847   5451  13780  25873  32766   9622  11556   6725   3529   3820   3177   2842   2656   7267   2637  13386  26304      0      0  65535 
     0      0      0      0      0      0      0      0      0      0      0      0      0      0      0      0      0      0      0 
     0      0      0      0      0      0      0      0      0      0      0      0      0      0      0      0      0      0      0 
     0      0      0      0      0      0      0      0      0      0      0      0      0      0      0      0      0      0      0 
0 -1 -1
     0      0      0     23     60     21      2    255    255    255    136      0    132    136     31      0     23      0      0 
  2849   2945   2966   5516   4877   3405   2644  32766  26045  13839   7318   2656   9626   6733   3833   2842  11726   3529   3179 
 17236  13361     51    147   2966   3405   2945   4877   2849   5516  13839  26045  32766   9626  11726   6733   3529   3833   3179   2842   2656   7318   2644  13387  26304      0      0  65535 
     0      0      0      0      0      0      0      0      0      0      0      0      0      0      0      0      0      0      0 
     0      0      0      0      0      0      0      0      0      0      0      0      0      0      0      0      0      0      0 
     0      0      0      0      0      0      0      0      0      0      0      0      0      0      0      0      0      0      0 
0 -1 -1
     0      0      0     23     61     22      2    255    255    255    140      0    133    138     32      0     20      0      0 
  2847   2943   2966   5520   4908   3445   2663  32766  26220  14018   7419   2658   9672   6785   3867   2840  11585   3527   3177 
 17236  13361     51    147   2966   3445   2943   4908   2847   5520  14018  26220  32766   9672  11585   6785   3527   3867   3177   2840   2658   7419   2663  13387  26304      0      0  65535 
     0      0      0      0      0      0      0      0      0      0      0      0      0      0      0      0      0      0      0 
     0      0      0      0      0      0      0      0      0      0      0      0      0      0      0      0      0      0      0 
     0      0      0      0      0      0      0      0      0      0      0      0      0      0      0      0      0      0      0 
0 -1 -1
     0      0      0     21     60     22      2    255    255    255    141      0    135    140     33      0     26      0      0 
  2846   2944   2965   5433   4867   3432   2663  32766  26170  14050   7445   2658   9752   6837   3887   2840  11822   3527   3177 
 17236  13361     51    147   2965   3432   2944   4867   2846   5433  14050  26170  32766   9752  11822   6837   3527   3887   3177   2840   2658   7445   2663  13382  26304      0      0  65535 
     0      0      0      0      0      0      0      0      0      0      0      0      0      0      0      0      0      0      0 
     0      0      0      0      0      0      0      0      0      0      0      0      0      0      0      0      0      0      0 
     0      0      0      0      0      0      0      0      0      0      0      0      0      0      0      0      0      0      0 
0 -1 -1
     0      0      0     20     59     22      2    255    255    255    144      0    137    143     35      0     19      0      0 
  2846   2945   2965   5347   4845   3446   2678  32766  26212  14182   7531   2663   9840   6908   3922   2839  11511   3525   3176 
 17236  13361     51    147   2965   3446   2945   4845   2846   5347  14182  26212  32766   9840  11511   6908   3525   3922   3176   2839   2663   7531   2678  13381  26304      0      0  65535 
     0      0      0      0      0      0      0      0      0      0      0      0      0      0      0      0      0      0      0 
     0      0      0      0      0      0      0      0      0      0      0      0      0      0      0      0      0      0      0 
     0      0      0      0      0      0      0      0      0      0      0      0      0      0      0      0      0      0      0 
0 -1 -1
     0      0      0     19     58     22      2    255    255    255    143      0    137    143     34      0     26      0      0 
  2846   2946   2966   5296   4816   3431   2671  32766  26077  14123   7497   2659   9840   6902   3913   2838  11848   3527   3176 
 17236  13361     51    147   2966   3431   2946   4816   2846   5296  14123  26077  32766   9840  11848   6902   3527   3913   3176   2838   2659   7497   2671  13381  26305      0      0  65535 
     0      0      0      0      0      0      0      0      0      0      0      0      0      0      0      0      0      0      0 
     0      0      0      0      0      0      0      0      0      0      0      0      0      0      0      0      0      0      0 
     0      0      0      0      0      0      0      0      0      0      0      0      0      0      0      0      0      0      0 
0 -1 -1
     0      0      0     19     57     22      2    255    255    255    144      0    138    145     35      0     37      0      0 
  2847   2944   2967   5280   4808   3427   2674  32766  26164  14177   7534   2662   9897   6940   3935   2838  12328   3524   3176 
 17236  13361     51    147   2967   3427   2944   4808   2847   5280  14177  26164  32766   9897  12328   6940   3524   3935   3176   2838   2662   7534   2674  13382  26305      0      0  65535 
     0      0      0      0      0      0      0      0      0      0      0      0      0      0      0      0      0      0      0 
     0      0      0      0      0      0      0      0      0      0      0      0      0      0      0      0      0      0      0 
     0      0      0      0      0      0      0      0      0      0      0      0      0      0      0      0      0      0      0 
0 -1 -1
     0      0      0     18     57     22      3    255    255    255    147      0    138    146     37      0     30      0      0 
  2848   2944   2966   5259   4812   3445   2689  32766  26186  14294   7627   2668   9899   6978   3970   2837  12010   3525   3175 
 17236  13361     51    147   2966   3445   2944   4812   2848   5259  14294  26186  32766   9899  12010   6978   3525   3970   3175   2837   2668   7627   2689  13383  26304      0      0  65535 
     0      0      0      0      0      0      0      0      0      0      0      0      0      0      0      0      0      0      0 
     0      0      0      0      0      0      0      0      0      0      0      0      0      0      0      0      0      0      0 
     0      0      0      0      0      0      0      0      0      0      0      0      0      0      0      0      0      0      0 
0 -1 -1
     0      0      0     18     57     23      3    255    255    255    148      0    137    146     37      0     43      0      0 
  2846   2944   2965   5230   4803   3453   2692  32766  26065  14313   7653   2670   9844   6975   3982   2837  12612   3527   3176 
 17236  13361     51    147   2965   3453   2944   4803   2846   5230  14313  26065  32766   9844  12612   6975   3527   3982   3176   2837   2670   7653   2692  13381  26304      0      1  65535 
     0      0      0      0      0      0      0      0      0      0      0      0      0      0      0      0      0      0      0 
     0      0      0      0      0      0      0      0      0      0      0      0      0      0      0      0      0      0      0 
     0      0      0      0      0      0      0      0      0      0      0      0      0      0      0      0      0      0      0 
0 -1 -1
     0      0      0     18     57     22      2    255    255    255    145      0    137    145     36      0     40      0      0 
  2846   2944   2964   5262   4795   3425   2671  32766  26049  14201   7565   2663   9835   6945   3959   2838  12478   3524   3174 
 17236  13361     51    147   2964   3425   2944   4795   2846   5262  14201  26049  32766   9835  12478   6945   3524   3959   3174   2838   2663   7565   2671  13381  26304      0      0  65535 
     0      0      0      0      0      0      0      0      0      0      0      0      0      0      0      0      0      0      0 
     0      0      0      0      0      0      0      0      0      0      0      0      0      0      0      0      0      0      0 
     0      0      0      0      0      0      0      0      0      0      0      0      0      0      0      0      0      0      0 
0 -1 -1
     0      0      0     19     56     20      2    255    255    255    141      0    136    143     35      0     37      0      0 
  2846   2945   2964   5280   4775   3390   2645  32766  25959  14049   7458   2661   9814   6905   3929   2838  12345   3524   3175 
 17236  13361     51    147   2964   3390   2945   4775   2846   5280  14049  25959  32766   9814  12345   6905   3524   3929   3175   2838   2661   7458   2645  13381  26305      1      0  65535 
     0      0      0      0      0      0      0      0      0      0      0      0      0      0      0      0      0      0      0 
     0      0      0      0      0      0      0      0      0      0      0      0      0      0      0      0      0      0      0 
     0      0      0      0      0      0      0      0      0      0      0      0      0      0      0      0      0      0      0 
0 -1 -1
     0      0      0     19     55     19      1    255    255    255    139      0    136    143     34      0     21      0      0 
  2847   2942   2965   5286   4763   3366   2632  32766  25947  13978   7405   2658   9831   6895   3916   2837  11607   3526   3174 
 17236  13361     51    147   2965   3366   2942   4763   2847   5286  13978  25947  32766   9831  11607   6895   3526   3916   3174   2837   2658   7405   2632  13381  26305      0      0  65535 
     0      0      0      0      0      0      0      0      0      0      0      0      0      0      0      0      0      0      0 
     0      0      0      0      0      0      0      0      0      0      0      0      0      0      0      0      0      0      0 
     0      0      0      0      0      0      0      0      0      0      0      0      0      0      0      0      0      0      0 
0 -1 -1
     0      0      0     18     55     19      1    255    255    255    138      0    136    143     34      0     23      0      0 
  2848   2944   2966   5274   4750   3355   2626  32766  25893  13929   7380   2656   9833   6889   3910   2838  11705   3526   3174 
 17236  13361     51    147   2966   3355   2944   4750   2848   5274  13929  25893  32766   9833  11705   6889   3526   3910   3174   2838   2656   7380   2626  13380  26305      0      0  65535 
     0      0      0      0      0      0      0      0      0      0      0      0      0      0      0      0      0      0      0 
     0      0      0      0      0      0      0      0      0      0      0      0      0      0      0      0      0      0      0 
     0      0      0      0      0      0      0      0      0      0      0      0      0      0      0      0      0      0      0 
0 -1 -1
     0      0      0     18     54     19      1    255    255    255    138      0    137    143     34      0     27      0      0 
  2847   2944   2965   5255   4732   3342   2623  32766  25850  13899   7367   2656   9848   6894   3907   2839  11899   3525   3175 
 17236  13361     51    147   2965   3342   2944   4732   2847   5255  13899  25850  32766   9848  11899   6894   3525   3907   3175   2839   2656   7367   2623  13379  26305      0      0  65535 
     0      0      0      0      0      0      0      0      0      0      0      0      0      0      0      0      0      0      0 
     0      0      0      0      0      0      0      0      0      0      0      0      0      0      0      0      0      0      0 
     0      0      0      0      0      0      0      0      0      0      0      0      0      0      0      0      0      0      0 
0 -1 -1
     0      0      0     18     55     19      1    255    255    255    140      0    137    143     35      0     27      0      0 
  2846   2944   2963   5271   4749   3357   2632  32766  25922  13964   7413   2657   9845   6908   3925   2837  11864   3525   3174 
 17236  13361     51    147   2963   3357   2944   4749   2846   5271  13964  25922  32766   9845  11864   6908   3525   3925   3174   2837   2657   7413   2632  13393  26304      0      0  65535 
     0      0      0      0      0      0      0      0      0      0      0      0      0      0      0      0      0      0      0 
     0      0      0      0      0      0      0      0      0      0      0      0      0      0      0      0      0      0      0 
     0      0      0      0      0      0      0      0      0      0      0      0      0      0      0      0      0      0      0 
0 -1 -1
     0      0      0     18     55     19      1    255    255    255    138      0    135    141     34      0     19      0      0 
  2847   2943   2964   5262   4742   3354   2624  32766  25745  13895   7366   2655   9757   6863   3907   2838  11522   3526   3174 
 17236  13361     51    147   2964   3354   2943   4742   2847   5262  13895  25745  32766   9757  11522   6863   3526   3907   3174   2838   2655   7366   2624  13437  26304      0      0  65535 
     0      0      0      0      0      0      0      0      0      0      0      0      0      0      0      0      0      0      0 
     0      0      0      0      0      0      0      0      0      0      0      0      0      0      0      0      0      0      0 
     0      0      0      0      0      0      0      0      0      0      0      0      0      0      0      0      0      0      0 
0 -1 -1
     0      0      0     16     51     16      0    255    255    255    127      0    127    132     29      0     14      0      0 
  2849   2947   2966   5158   4648   3279   2590  32766  24724  13322   7064   2651   9421   6629   3778   2840  11277   3529   3178 
 17236  13361     51    147   2966   3279   2947   4648   2849   5158  13322  24724  32766   9421  11277   6629   3529   3778   3178   2840   2651   7064   2590  13383  26304      0      0  65535 
     0      0      0      0      0      0      0      0      0      0      0      0      0      0      0      0      0      0      0 
     0      0      0      0      0      0      0      0      0      0      0      0      0      0      0      0      0      0      0 
     0      0      0      0      0      0      0      0      0      0      0      0      0      0      0      0      0      0      0 
0 -1 -1
     0      0      0     11     43     12      0    255    255    255    107      0    110    113     19      0     11      0      0 
  2856   2953   2972   4864   4437   3158   2564  32766  22500  12239   6535   2654   8709   6175   3543   2843  11147   3536   3184 
 17236  13361     51    147   2972   3158   2953   4437   2856   4864  12239  22500  32766   8709  11147   6175   3536   3543   3184   2843   2654   6535   2564  13383  26304      0      0  65535 
     0      0      0      0      0      0      0      0      0      0      0      0      0      0      0      0      0      0      0 
     0      0      0      0      0      0      0      0      0      0      0      0      0      0      0      0      0      0      0 
     0      0      0      0      0      0      0      0      0      0      0      0      0      0      0      0      0      0      0 
0 -1 -1
     0      0      0      0     20      5      0    167    255    199     72      0     69     70      3      0      4      0      0 
  2863   2969   2979   4149   3877   2975   2544  25845  17225   9733   5564   2661   7001   5142   3129   2853  10863   3555   3194 
 17236  13361     51    147   2979   2975   2969   3877   2863   4149   9733  17225  25845   7001  10863   5142   3555   3129   3194   2853   2661   5564   2544  13383  26304      0      0  65535 
     0      0      0      0      0      0      0      0      0      0      0      0      0      0      0      0      0      0      0 
     0      0      0      0      0      0      0      0      0      0      0      0      0      0      0      0      0      0      0 
     0      0      0      0      0      0      0      0      0      0      0      0      0      0      0      0      0      0      0 
0 -1 -1
     0      0      0      0      0      0      0      0      7     26      9      0      2      7      0      0      2      0      0 
  2869   2985   2988   3309   3151   2806   2550  12472   9013   5703   3864   2667   4208   3642   3034   2865  10733   3578   3211 
 17236  13361     51    147   2988   2806   2985   3151   2869   3309   5703   9013  12472   4208  10733   3642   3578   3034   3211   2865   2667   3864   2550  13382  26305      0      0  65535 
     0      0      0      0      0      0      0      0      0      0      0      0      0      0      0      0      0      0      0 
     0      0      0      0      0      0      0      0      0      0      0      0      0      0      0      0      0      0      0 
     0      0      0      0      0      0      0      0      0      0      0      0      0      0      0      0      0      0      0 
0 -1 -1
     0      0      0      0      0      0      0      0      0      0      0      0      0      0      0      0      0      0      0 
  2870   2994   2997   3161   3066   2821   2557   3933   3893   3299   2827   2671   3119   3475   3050   2870  10234   3593   3219 
 17236  13361     51    147   2997   2821   2994   3066   2870   3161   3299   3893   3933   3119  10234   3475   3593   3050   3219   2870   2671   2827   2557  13382  26305      0      0  65535 
     0      0      0      0      0      0      0      0      0      0      0      0      0      0      0      0      0      0      0 
     0      0      0      0      0      0      0      0      0      0      0      0      0      0      0      0      0      0      0 
     0      0      0      0      0      0      0      0      0      0      0      0      0      0      0      0      0      0      0 
0 -1 -1
     0      0      0      0      0      0      0      0      0      0      0      0      0      0      0      0      0      0      0 
  2871   2996   2998   3159   3067   2823   2556   3158   3287   3209   2820   2669   3102   3472   3050   2869  10184   3593   3217 
 17236  13361     51    147   2998   2823   2996   3067   2871   3159   3209   3287   3158   3102  10184   3472   3593   3050   3217   2869   2669   2820   2556  13383  26305      0      0  65535 
     0      0      0      0      0      0      0      0      0      0      0      0      0      0      0      0      0      0      0 
     0      0      0      0      0      0      0      0      0      0      0      0      0      0      0      0      0      0      0 
     0      0      0      0      0      0      0      0      0      0      0      0      0      0      0      0      0      0      0 
0 -1 -1
     0      0      0      0      0      0      0      0      0      0      0      0      0      0      0      0      0      0      0 
  2871   2996   2998   3157   3066   2822   2557   3155   3279   3206   2820   2669   3100   3469   3051   2868  10445   3592   3217 
 17236  13361     51    147   2998   2822   2996   3066   2871   3157   3206   3279   3155   3100  10445   3469   3592   3051   3217   2868   2669   2820   2557  13383  26305      0      0  65535 
     0      0      0      0      0      0      0      0      0      0      0      0      0      0      0      0      0      0      0 
     0      0      0      0      0      0      0      0      0      0      0      0      0      0      0      0      0      0      0 
     0      0      0      0      0      0      0      0      0      0      0      0      0      0      0      0      0      0      0 
0 -1 -1
     0      0      0      0      0      0      0      0      0      0      0      0      0      0      0      0      1      0      0 
  2871   2996   2998   3158   3065   2821   2556   3154   3275   3202   2815   2667   3096   3468   3048   2868  10688   3593   3218 
 17236  13361     51    147   2998   2821   2996   3065   2871   3158   3202   3275   3154   3096  10688   3468   3593   3048   3218   2868   2667   2815   2556  13383  26304      0      0  65535 
     0      0      0      0      0      0      0      0      0      0      0      0      0      0      0      0      0      0      0 
     0      0      0      0      0      0      0      0      0      0      0      0      0      0      0      0      0      0      0 
     0      0      0      0      0      0      0      0      0      0      0      0      0      0      0      0      0      0      0 
0 -1 -1
     0      0      0      0      0      0      0      0      0      0      0      0      0      0      0      0      0      0      0 
  2870   2996   2996   3156   3065   2820   2554   3157   3273   3200   2813   2669   3097   3468   3048   2870  10429   3592   3217 
 17236  13361     51    147   2996   2820   2996   3065   2870   3156   3200   3273   3157   3097  10429   3468   3592   3048   3217   2870   2669   2813   2554  13383  26303      0      0  65535 
     0      0      0      0      0      0      0      0      0      0      0      0      0      0      0      0      0      0      0 
     0      0      0      0      0      0      0      0      0      0      0      0      0      0      0      0      0      0      0 
     0      0      0      0      0      0      0      0      0      0      0      0      0      0      0      0      0      0      0 
0 -1 -1
     0      0      0      0      0      0      0      0      0      0      0      0      0      0      0      0      0      0      0 
  2869   2997   2998   3157   3064   2820   2554   3156   3274   3200   2814   2668   3095   3466   3048   2867  10532   3591   3215 
 17236  13361     51    147   2998   2820   2997   3064   2869   3157   3200   3274   3156   3095  10532   3466   3591   3048   3215   2867   2668   2814   2554  13384  26303      0      0  65535 
     0      0      0      0      0      0      0      0      0      0      0      0      0      0      0      0      0      0      0 
     0      0      0      0      0      0      0      0      0      0      0      0      0      0      0      0      0      0      0 
     0      0      0      0      0      0      0      0      0      0      0      0      0      0      0      0      0      0      0 
0 -1 -1
     0      0      0      0      0      0      0      0      0      0      0      0      0      0      0      0      0      0      0 
  2870   2994   2997   3156   3064   2819   2554   3159   3271   3200   2813   2668   3095   3465   3048   2868  10236   3592   3216 
 17236  13361     51    147   2997   2819   2994   3064   2870   3156   3200   3271   3159   3095  10236   3465   3592   3048   3216   2868   2668   2813   2554  13384  26303      0      0  65535 
     0      0      0      0      0      0      0      0      0      0      0      0      0      0      0      0      0      0      0 
     0      0      0      0      0      0      0      0      0      0      0      0      0      0      0      0      0      0      0 
     0      0      0      0      0      0      0      0      0      0      0      0      0      0      0      0      0      0      0 
0 -1 -1
     0      0      0      0      0      0      0      0      0      0      0      0      0      0      0      0      0      0      0 
  2868   2994   2996   3156   3064   2820   2555   3160   3272   3198   2812   2666   3093   3464   3046   2866  10171   3590   3217 
 17236  13361     51    147   2996   2820   2994   3064   2868   3156   3198   3272   3160   3093  10171   3464   3590   3046   3217   2866   2666   2812   2555  13384  26304      0      0  65535 
     0      0      0      0      0      0      0      0      0      0      0      0      0      0      0      0      0      0      0 
     0      0      0      0      0      0      0      0      0      0      0      0      0      0      0      0      0      0      0 
     0      0      0      0      0      0      0      0      0      0      0      0      0      0      0      0      0      0      0 
0 -1 -1
     0      0      0      0      0      0      0      0      0      0      0      0      0      0      0      0      0      0      0 
  2870   2994   2997   3155   3064   2818   2553   3160   3272   3198   2811   2667   3095   3464   3046   2864  10473   3592   3216 
 17236  13361     51    147   2997   2818   2994   3064   2870   3155   3198   3272   3160   3095  10473   3464   3592   3046   3216   2864   2667   2811   2553  13384  26304      1      0  65535 
     0      0      0      0      0      0      0      0      0      0      0      0      0      0      0      0      0      0      0 
     0      0      0      0      0      0      0      0      0      0      0      0      0      0      0      0      0      0      0 
     0      0      0      0      0      0      0      0      0      0      0      0      0      0      0      0      0      0      0 
0 -1 -1
     0      0      0      0      0      0      0      0      0      0      0      0      0      0      0      0      0      0      0 
  2869   2994   2997   3155   3061   2819   2554   3163   3273   3197   2810   2667   3093   3463   3044   2866  10516   3591   3215 
 17236  13361     51    147   2997   2819   2994   3061   2869   3155   3197   3273   3163   3093  10516   3463   3591   3044   3215   2866   2667   2810   2554  13385  26305      0      0  65535 
     0      0      0      0      0      0      0      0      0      0      0      0      0      0      0      0      0      0      0 
     0      0      0      0      0      0      0      0      0      0      0      0      0      0      0      0      0      0      0 
     0      0      0      0      0      0      0      0      0      0      0      0      0      0      0      0      0      0      0 
0 -1 -1
     0      0      0      0      0      0      0      0      0      0      0      0      0      0      0      0      0      0      0 
  2868   2992   2996   3154   3061   2821   2554   3164   3271   3196   2811   2667   3093   3464   3045   2865  10495   3590   3215 
 17236  13361     51    147   2996   2821   2992   3061   2868   3154   3196   3271   3164   3093  10495   3464   3590   3045   3215   2865   2667   2811   2554  13379  26303      0      0  65535 
     0      0      0      0      0      0      0      0      0      0      0      0      0      0      0      0      0      0      0 
     0      0      0      0      0      0      0      0      0      0      0      0      0      0      0      0      0      0      0 
     0      0      0      0      0      0      0      0      0      0      0      0      0      0      0      0      0      0      0 
0 -1 -1
     0      0      0      0      0      0      0      0      0      0      0      0      0      0      0      0      0      0      0 
  2869   2994   2997   3153   3062   2818   2551   3167   3272   3195   2809   2666   3093   3464   3043   2863  10620   3590   3214 
 17236  13361     51    147   2997   2818   2994   3062   2869   3153   3195   3272   3167   3093  10620   3464   3590   3043   3214   2863   2666   2809   2551  13378  26303      0      0  65535 
     0      0      0      0      0      0      0      0      0      0      0      0      0      0      0      0      0      0      0 
     0      0      0      0      0      0      0      0      0      0      0      0      0      0      0      0      0      0      0 
     0      0      0      0      0      0      0      0      0      0      0      0      0      0      0      0      0      0      0 
0 -1 -1
     0      0      0      0      0      0      0      0      0      0      0      0      0      0      0      0      0      0      0 
  2868   2993   2995   3153   3061   2819   2551   3166   3271   3195   2809   2667   3093   3462   3045   2865  10564   3590   3213 
 17236  13361     51    147   2995   2819   2993   3061   2868   3153   3195   3271   3166   3093  10564   3462   3590   3045   3213   2865   2667   2809   2551  13379  26304      0      0  65535 
     0      0      0      0      0      0      0      0      0      0      0      0      0      0      0      0      0      0      0 
     0      0      0      0      0      0      0      0      0      0      0      0      0      0      0      0      0      0      0 
     0      0      0      0      0      0      0      0      0      0      0      0      0      0      0      0      0      0      0 
0 -1 -1
     0      0      0      0      0      0      0      0      0      0      0      0      0      0      0      0      6      0      0 
  2868   2992   2995   3153   3062   2819   2552   3168   3271   3195   2808   2666   3092   3461   3044   2864  10926   3588   3215 
 17236  13361     51    147   2995   2819   2992   3062   2868   3153   3195   3271   3168   3092  10926   3461   3588   3044   3215   2864   2666   2808   2552  13381  26305      0      0  65535 
     0      0      0      0      0      0      0      0      0      0      0      0      0      0      0      0      0      0      0 
     0      0      0      0      0      0      0      0      0      0      0      0      0      0      0      0      0      0      0 
     0      0      0      0      0      0      0      0      0      0      0      0      0      0      0      0      0      0      0 
0 -1 -1
     0      0      0      0      0      0      0      0      0      0      0      0      0      0      0      0      0      0      0 
  2868   2992   2995   3152   3062   2818   2552   3168   3272   3195   2808   2666   3092   3461   3044   2863  10489   3590   3214 
 17236  13361     51    147   2995   2818   2992   3062   2868   3152   3195   3272   3168   3092  10489   3461   3590   3044   3214   2863   2666   2808   2552  13381  26305      0      0  65535 
     0      0      0      0      0      0      0      0      0      0      0      0      0      0      0      0      0      0      0 
     0      0      0      0      0      0      0      0      0      0      0      0      0      0      0      0      0      0      0 
     0      0      0      0      0      0      0      0      0      0      0      0      0      0      0      0      0      0      0 
0 -1 -1
     0      0      0      0      0      0      0      0      0      0      0      0      0      0      0      0      0      0      0 
  2867   2992   2994   3153   3060   2818   2551   3169   3271   3193   2808   2665   3091   3462   3043   2865  10572   3588   3213 
 17236  13361     51    147   2994   2818   2992   3060   2867   3153   3193   3271   3169   3091  10572   3462   3588   3043   3213   2865   2665   2808   2551  13381  26304      0      0  65535 
     0      0      0      0      0      0      0      0      0      0      0      0      0      0      0      0      0      0      0 
     0      0      0      0      0      0      0      0      0      0      0      0      0      0      0      0      0      0      0 
     0      0      0      0      0      0      0      0      0      0      0      0      0      0      0      0      0      0      0 
0 -1 -1
     0      0      0      0      0      0      0      0      0      0      0      0      0      0      0      0      0      0      0 
  2867   2992   2994   3152   3060   2817   2551   3171   3269   3193   2808   2665   3090   3460   3043   2864  10485   3590   3213 
 17236  13361     51    147   2994   2817   2992   3060   2867   3152   3193   3269   3171   3090  10485   3460   3590   3043   3213   2864   2665   2808   2551  13381  26304      0      0  65535 
     0      0      0      0      0      0      0      0      0      0      0      0      0      0      0      0      0      0      0 
     0      0      0      0      0      0      0      0      0      0      0      0      0      0      0      0      0      0      0 
     0      0      0      0      0      0      0      0      0      0      0      0      0      0      0      0      0      0      0 
0 -1 -1
     0      0      0      0      0      0      0      0      0      0      0      0      0      0      0      0      1      0      0 
  2868   2993   2994   3152   3060   2817   2550   3171   3272   3193   2808   2664   3091   3461   3044   2863  10700   3588   3212 
 17236  13361     51    147   2994   2817   2993   3060   2868   3152   3193   3272   3171   3091  10700   3461   3588   3044   3212   2863   2664   2808   2550  13382  26304      1      0  65535 
     0      0      0      0      0      0      0      0      0      0      0      0      0      0      0      0      0      0      0 
     0      0      0      0      0      0      0      0      0      0      0      0      0      0      0      0      0      0      0 
     0      0      0      0      0      0      0      0      0      0      0      0      0      0      0      0      0      0      0 
0 -1 -1
     0      0      0      0      0      0      0      0      0      0      0      0      0      0      0      0      0      0      0 
  2867   2992   2995   3152   3059   2818   2553   3172   3270   3193   2806   2664   3091   3461   3042   2863  10609   3588   3212 
 17236  13361     51    147   2995   2818   2992   3059   2867   3152   3193   3270   3172   3091  10609   3461   3588   3042   3212   2863   2664   2806   2553  13382  26305      0      0  65535 
     0      0      0      0      0      0      0      0      0      0      0      0      0      0      0      0      0      0      0 
     0      0      0      0      0      0      0      0      0      0      0      0      0      0      0      0      0      0      0 
     0      0      0      0      0      0      0      0      0      0      0      0      0      0      0      0      0      0      0 
0 -1 -1
     0      0      0      0      0      0      0      0      0      0      0      0      0      0      0      0      0      0      0 
  2866   2991   2995   3151   3059   2816   2551   3170   3271   3194   2805   2664   3090   3460   3042   2863  10509   3588   3212 
 17236  13361     51    147   2995   2816   2991   3059   2866   3151   3194   3271   3170   3090  10509   3460   3588   3042   3212   2863   2664   2805   2551  13385  26304      0      0  65535 
     0      0      0      0      0      0      0      0      0      0      0      0      0      0      0      0      0      0      0 
     0      0      0      0      0      0      0      0      0      0      0      0      0      0      0      0      0      0      0 
     0      0      0      0      0      0      0      0      0      0      0      0      0      0      0      0      0      0      0 
0 -1 -1
     0      0      0      0      0      0      0      0      0      0      0      0      0      0      0      0      0      0      0 
  2868   2992   2994   3151   3060   2814   2550   3172   3270   3192   2804   2665   3091   3460   3041   2863  10353   3587   3214 
 17236  13361     51    147   2994   2814   2992   3060   2868   3151   3192   3270   3172   3091  10353   3460   3587   3041   3214   2863   2665   2804   2550  13382  26304      0      0  65535 
     0      0      0      0      0      0      0      0      0      0      0      0      0      0      0      0      0      0      0 
     0      0      0      0      0      0      0      0      0      0      0      0      0      0      0      0      0      0      0 
     0      0      0      0      0      0      0      0      0      0      0      0      0      0      0      0      0      0      0 
0 -1 -1
     0      0      0      0      0      0      0      0      0      0      0      0      0      0      0      0      0      0      0 
  2867   2992   2994   3151   3059   2815   2551   3173   3270   3192   2805   2664   3090   3460   3041   2862  10580   3587   3213 
 17236  13361     51    147   2994   2815   2992   3059   2867   3151   3192   3270   3173   3090  10580   3460   3587   3041   3213   2862   2664   2805   2551  13383  26304      0      0  65535 
     0      0      0      0      0      0      0      0      0      0      0      0      0      0      0      0      0      0      0 
     0      0      0      0      0      0      0      0      0      0      0      0      0      0      0      0      0      0      0 
     0      0      0      0      0      0      0      0      0      0      0      0      0      0      0      0      0      0      0 
0 -1 -1
     0      0      0      0      0      0      0      0      0      0      0      0      0      0      0      0      0      0      0 
  2867   2991   2993   3150   3058   2816   2550   3173   3271   3191   2804   2664   3088   3458   3041   2862  10537   3587   3212 
 17236  13361     51    147   2993   2816   2991   3058   2867   3150   3191   3271   3173   3088  10537   3458   3587   3041   3212   2862   2664   2804   2550  13385  26304      0      1  65535 
     0      0      0      0      0      0      0      0      0      0      0      0      0      0      0      0      0      0      0 
     0      0      0      0      0      0      0      0      0      0      0      0      0      0      0      0      0      0      0 
     0      0      0      0      0      0      0      0      0      0      0      0      0      0      0      0      0      0      0 
0 -1 -1
     0      0      0      0      0      0      0      0      0      0      0      0      0      0      0      0      1      0      0 
  2868   2989   2992   3150   3058   2816   2549   3174   3270   3192   2804   2664   3089   3459   3040   2862  10690   3588   3212 
 17236  13361     51    147   2992   2816   2989   3058   2868   3150   3192   3270   3174   3089  10690   3459   3588   3040   3212   2862   2664   2804   2549  13385  26304      0      0  65535 
     0      0      0      0      0      0      0      0      0      0      0      0      0      0      0      0      0      0      0 
     0      0      0      0      0      0      0      0      0      0      0      0      0      0      0      0      0      0      0 
     0      0      0      0      0      0      0      0      0      0      0      0      0      0      0      0      0      0      0 
0 -1 -1
     0      0      0      0      0      0      0      0      0      0      0      0      0      0      0      0      0      0      0 
  2866   2991   2993   3151   3056   2817   2550   3173   3268   3191   2804   2662   3089   3457   3040   2862  10599   3586   3211 
 17236  13361     51    147   2993   2817   2991   3056   2866   3151   3191   3268   3173   3089  10599   3457   3586   3040   3211   2862   2662   2804   2550  13385  26304      0      0  65535 
     0      0      0      0      0      0      0      0      0      0      0      0      0      0      0      0      0      0      0 
     0      0      0      0      0      0      0      0      0      0      0      0      0      0      0      0      0      0      0 
     0      0      0      0      0      0      0      0      0      0      0      0      0      0      0      0      0      0      0 
0 -1 -1
     0      0      0      0      0      0      0      0      0      0      0      0      0      0      0      0      0      0      0 
  2867   2991   2994   3149   3057   2815   2550   3173   3269   3191   2803   2663   3090   3458   3040   2861  10634   3585   3210 
 17236  13361     51    147   2994   2815   2991   3057   2867   3149   3191   3269   3173   3090  10634   3458   3585   3040   3210   2861   2663   2803   2550  13385  26304      1      0  65535 
     0      0      0      0      0      0      0      0      0      0      0      0      0      0      0      0      0      0      0 
     0      0      0      0      0      0      0      0      0      0      0      0      0      0      0      0      0      0      0 
     0      0      0      0      0      0      0      0      0      0      0      0      0      0      0      0      0      0      0 
0 -1 -1
     0      0      0      0      0      0      0      0      0      0      0      0      0      0      0      0      0      0      0 
  2864   2990   2993   3150   3057   2814   2550   3173   3269   3191   2804   2663   3088   3456   3041   2862  10356   3587   3211 
 17236  13361     51    147   2993   2814   2990   3057   2864   3150   3191   3269   3173   3088  10356   3456   3587   3041   3211   2862   2663   2804   2550  13384  26304      0      0  65535 
     0      0      0      0      0      0      0      0      0      0      0      0      0      0      0      0      0      0      0 
     0      0      0      0      0      0      0      0      0      0      0      0      0      0      0      0      0      0      0 
     0      0      0      0      0      0      0      0      0      0      0      0      0      0      0      0      0      0      0 
0 -1 -1
     0      0      0      0      0      0      0      0      0      0      0      0      0      0      0      0      0      0      0 
  2867   2991   2992   3150   3058   2815   2549   3174   3270   3189   2804   2662   3087   3458   3040   2861  10344   3586   3211 
 17236  13361     51    147   2992   2815   2991   3058   2867   3150   3189   3270   3174   3087  10344   3458   3586   3040   3211   2861   2662   2804   2549  13384  26304      0      0  65535 
     0      0      0      0      0      0      0      0      0      0      0      0      0      0      0      0      0      0      0 
     0      0      0      0      0      0      0      0      0      0      0      0      0      0      0      0      0      0      0 
     0      0      0      0      0      0      0      0      0      0      0      0      0      0      0      0      0      0      0 
0 -1 -1
     0      0      0      0      0      0      0      0      0      0      0      0      0      0      0      0      0      0      0 
  2865   2990   2993   3149   3057   2814   2548   3174   3268   3189   2803   2663   3088   3458   3040   2862  10257   3584   3211 
 17236  13361     51    147   2993   2814   2990   3057   2865   3149   3189   3268   3174   3088  10257   3458   3584   3040   3211   2862   2663   2803   2548  13383  26304      0      0  65535 
     0      0      0      0      0      0      0      0      0      0      0      0      0      0      0      0      0      0      0 
     0      0      0      0      0      0      0      0      0      0      0      0      0      0      0      0      0      0      0 
     0      0      0      0      0      0      0      0      0      0      0      0      0      0      0      0      0      0      0 
0 -1 -1
     0      0      0      0      0      0      0      0      0      0      0      0      0      0      0      0      0      0      0 
  2865   2990   2992   3149   3056   2813   2549   3174   3268   3188   2802   2661   3088   3456   3039   2860  10516   3586   3211 
 17236  13361     51    147   2992   2813   2990   3056   2865   3149   3188   3268   3174   3088  10516   3456   3586   3039   3211   2860   2661   2802   2549  13383  26304      0      0  65535 
     0      0      0      0      0      0      0      0      0      0      0      0      0      0      0      0      0      0      0 
     0      0      0      0      0      0      0      0      0      0      0      0      0      0      0      0      0      0      0 
     0      0      0      0      0      0      0      0      0      0      0      0      0      0      0      0      0      0      0 
0 -1 -1
     0      0      0      0      0      0      0      0      0      0      0      0      0      0      0      0      0      0      0 
  2864   2991   2992   3148   3056   2814   2548   3174   3267   3188   2801   2661   3086   3456   3040   2861  10558   3586   3211 
 17236  13361     51    147   2992   2814   2991   3056   2864   3148   3188   3267   3174   3086  10558   3456   3586   3040   3211   2861   2661   2801   2548  13383  26304      0      0  65535 
     0      0      0      0      0      0      0      0      0      0      0      0      0      0      0      0      0      0      0 
     0      0      0      0      0      0      0      0      0      0      0      0      0      0      0      0      0      0      0 
     0      0      0      0      0      0      0      0      0      0      0      0      0      0      0      0      0      0      0 
0 -1 -1
     0      0      0      0      0      0      0      0      0      0      0      0      0      0      0      0      0      0      0 
  2864   2990   2991   3148   3055   2814   2549   3174   3266   3188   2801   2662   3087   3456   3040   2861  10219   3585   3210 
 17236  13361     51    147   2991   2814   2990   3055   2864   3148   3188   3266   3174   3087  10219   3456   3585   3040   3210   2861   2662   2801   2549  13383  26304      0      0  65535 
     0      0      0      0      0      0      0      0      0      0      0      0      0      0      0      0      0      0      0 
     0      0      0      0      0      0      0      0      0      0      0      0      0      0      0      0      0      0      0 
     0      0      0      0      0      0      0      0      0      0      0      0      0      0      0      0      0      0      0 
0 -1 -1
     0      0      0      0      0      0      0      0      0      0      0      0      0      0      0      0      0      0      0 
  2865   2990   2991   3149   3055   2813   2547   3175   3266   3187   2801   2662   3086   3456   3039   2859  10278   3585   3210 
 17236  13361     51    147   2991   2813   2990   3055   2865   3149   3187   3266   3175   3086  10278   3456   3585   3039   3210   2859   2662   2801   2547  13384  26305      0      0  65535 
     0      0      0      0      0      0      0      0      0      0      0      0      0      0      0      0      0      0      0 
     0      0      0      0      0      0      0      0      0      0      0      0      0      0      0      0      0      0      0 
     0      0      0      0      0      0      0      0      0      0      0      0      0      0      0      0      0      0      0 
0 -1 -1
     0      0      0      0      0      0      0      0      0      0      0      0      0      0      0      0      0      0      0 
  2864   2990   2992   3147   3056   2813   2548   3173   3265   3185   2800   2661   3085   3455   3039   2859  10372   3584   3209 
 17236  13361     51    147   2992   2813   2990   3056   2864   3147   3185   3265   3173   3085  10372   3455   3584   3039   3209   2859   2661   2800   2548  13383  26303      0      0  65535 
     0      0      0      0      0      0      0      0      0      0      0      0      0      0      0      0      0      0      0 
     0      0      0      0      0      0      0      0      0      0      0      0      0      0      0      0      0      0      0 
     0      0      0      0      0      0      0      0      0      0      0      0      0      0      0      0      0      0      0 
0 -1 -1
     0      0      0      0      0      0      0      0      0      0      0      0      0      0      0      0      0      0      0 
  2863   2990   2991   3148   3055   2812   2548   3175   3266   3186   2801   2661   3085   3454   3038   2859  10298   3584   3209 
 17236  13361     51    147   2991   2812   2990   3055   2863   3148   3186   3266   3175   3085  10298   3454   3584   3038   3209   2859   2661   2801   2548  13383  26303      0      0  65535 
     0      0      0      0      0      0      0      0      0      0      0      0      0      0      0      0      0      0      0 
     0      0      0      0      0      0      0      0      0      0      0      0      0      0      0      0      0      0      0 
     0      0      0      0      0      0      0      0      0      0      0      0      0      0      0      0      0      0      0 
0 -1 -1
     0      0      0      0      0      0      0      0      0      0      0      0      0      0      0      0      0      0      0 
  2863   2989   2991   3147   3055   2813   2547   3174   3265   3185   2800   2661   3085   3453   3038   2860  10179   3584   3208 
 17236  13361     51    147   2991   2813   2989   3055   2863   3147   3185   3265   3174   3085  10179   3453   3584   3038   3208   2860   2661   2800   2547  13383  26304      0      0  65535 
     0      0      0      0      0      0      0      0      0      0      0      0      0      0      0      0      0      0      0 
     0      0      0      0      0      0      0      0      0      0      0      0      0      0      0      0      0      0      0 
     0      0      0      0      0      0      0      0      0      0      0      0      0      0      0      0      0      0      0 
0 -1 -1
     0      0      0      0      0      0      0      0      0      0      0      0      0      0      0      0      0      0      0 
  2863   2988   2991   3146   3054   2811   2546   3172   3265   3186   2800   2659   3085   3453   3037   2859  10255   3584   3209 
 17236  13361     51    147   2991   2811   2988   3054   2863   3146   3186   3265   3172   3085  10255   3453   3584   3037   3209   2859   2659   2800   2546  13381  26304      0      0  65535 
     0      0      0      0      0      0      0      0      0      0      0      0      0      0      0      0      0      0      0 
     0      0      0      0      0      0      0      0      0      0      0      0      0      0      0      0      0      0      0 
     0      0      0      0      0      0      0      0      0      0      0      0      0      0      0      0      0      0      0 
0 -1 -1
     0      0      0      0      0      0      0      0      0      0      0      0      0      0      0      0      0      0      0 
  2864   2989   2991   3149   3053   2812   2548   3174   3265   3187   2799   2660   3085   3453   3038   2859  10224   3584   3208 
 17236  13361     51    147   2991   2812   2989   3053   2864   3149   3187   3265   3174   3085  10224   3453   3584   3038   3208   2859   2660   2799   2548  13378  26305      0      0  65535 
     0      0      0      0      0      0      0      0      0      0      0      0      0      0      0      0      0      0      0 
     0      0      0      0      0      0      0      0      0      0      0      0      0      0      0      0      0      0      0 
     0      0      0      0      0      0      0      0      0      0      0      0      0      0      0      0      0      0      0 
0 -1 -1
     0      0      0      0      0      0      0      0      0      0      0      0      0      0      0      0      0      0      0 
  2863   2990   2992   3148   3053   2812   2547   3174   3264   3185   2799   2659   3083   3454   3036   2859  10592   3583   3206 
 17236  13361     51    147   2992   2812   2990   3053   2863   3148   3185   3264   3174   3083  10592   3454   3583   3036   3206   2859   2659   2799   2547  13378  26305      0      0  65535 
     0      0      0      0      0      0      0      0      0      0      0      0      0      0      0      0      0      0      0 
     0      0      0      0      0      0      0      0      0      0      0      0      0      0      0      0      0      0      0 
     0      0      0      0      0      0      0      0      0      0      0      0      0      0      0      0      0      0      0 
0 -1 -1
     0      0      0      0      0      0      0      0      0      0      0      0      0      0      0      0      0      0      0 
  2863   2986   2990   3146   3052   2812   2547   3173   3263   3184   2799   2659   3083   3454   3036   2858  10554   3583   3207 
 17236  13361     51    147   2990   2812   2986   3052   2863   3146   3184   3263   3173   3083  10554   3454   3583   3036   3207   2858   2659   2799   2547  13378  26305      0      1  65535 
     0      0      0      0      0      0      0      0      0      0      0      0      0      0      0      0      0      0      0 
     0      0      0      0      0      0      0      0      0      0      0      0      0      0      0      0      0      0      0 
     0      0      0      0      0      0      0      0      0      0      0      0      0      0      0      0      0      0      0 
0 -1 -1
     0      0      0      0      0      0      0      0      0      0      0      0      0      0      0      0      0      0      0 
  2864   2989   2991   3145   3054   2811   2546   3173   3265   3184   2797   2661   3084   3454   3037   2859  10501   3584   3209 
 17236  13361     51    147   2991   2811   2989   3054   2864   3145   3184   3265   3173   3084  10501   3454   3584   3037   3209   2859   2661   2797   2546  13379  26306      0      0  65535 
     0      0      0      0      0      0      0      0      0      0      0      0      0      0      0      0      0      0      0 
     0      0      0      0      0      0      0      0      0      0      0      0      0      0      0      0      0      0      0 
     0      0      0      0      0      0      0      0      0      0      0      0      0      0      0      0      0      0      0 
0 -1 -1
