     0      1    255      0      0    160     37      0      0      0    204      0      0      0    255      0      0    160      0 
  3862   4032  18007   4190   4080   8133   5092   4188   4260   4185   9859   3623   4142   4518  13183   3900   9007  12618   4276 
 17236  13361     51    151  18007   8133   4032   4080   3862   4190   4185   4260   4188   4142   9007   4518  12618  13183   4276   3900   3623   9859   5092  13293  26304      0      0  65535 
     0      0      0      0      0      0      0      0      0      0      0      0      0      0      0      0      0      0      0 
     0      0      0      0      0      0      0      0      0      0      0      0      0      0      0      0      0      0      0 
     0      0      0      0      0      0      0      0      0      0      0      0      0      0      0      0      0      0      0 
0 -1 -1
     0      1    255      0      0    179     40      0      0      0    215      0      0      0    255      0      0    174      0 
  3863   4036  19215   4186   4077   8651   5207   4185   4254   4180  10163   3621   4138   4514  13782   3901   9002  13260   4277 
 17236  13361     51    151  19215   8651   4036   4077   3863   4186   4180   4254   4185   4138   9002   4514  13260  13782   4277   3901   3621  10163   5207  13292  26304      0      1  65535 
     0      0      0      0      0      0      0      0      0      0      0      0      0      0      0      0      0      0      0 
     0      0      0      0      0      0      0      0      0      0      0      0      0      0      0      0      0      0      0 
     0      0      0      0      0      0      0      0      0      0      0      0      0      0      0      0      0      0      0 
0 -1 -1
     0      1    255      0      0    189     40      0      0      0    218      0      0      0    255      0      0    183      0 
  3861   4040  19928   4187   4073   8926   5220   4184   4249   4174  10252   3620   4137   4515  14122   3903   9006  13667   4279 
 17236  13361     51    150  19928   8926   4040   4073   3861   4187   4174   4249   4184   4137   9006   4515  13667  14122   4279   3903   3620  10252   5220  13292  26304      0      0  65535 
     0      0      0      0      0      0      0      0      0      0      0      0      0      0      0      0      0      0      0 
     0      0      0      0      0      0      0      0      0      0      0      0      0      0      0      0      0      0      0 
     0      0      0      0      0      0      0      0      0      0      0      0      0      0      0      0      0      0      0 
0 -1 -1
     0      1    255      0      0    214     34      0      0      0    205      0      0      0    255      0      0    190      0 
  3861   4045  21063   4186   4075   9581   4973   4185   4249   4175   9890   3619   4138   4512  14094   3898   9008  14000   4282 
 17236  13361     51    151  21063   9581   4045   4075   3861   4186   4175   4249   4185   4138   9008   4512  14000  14094   4282   3898   3619   9890   4973  13292  26304      0      0  65535 
     0      0      0      0      0      0      0      0      0      0      0      0      0      0      0      0      0      0      0 
     0      0      0      0      0      0      0      0      0      0      0      0      0      0      0      0      0      0      0 
     0      0      0      0      0      0      0      0      0      0      0      0      0      0      0      0      0      0      0 
0 -1 -1
     0      1    255      0      0    230     31      0      0      0    197      0      0      0    255      0      0    196      0 
  3860   4051  21807   4185   4073  10018   4832   4184   4248   4183   9687   3616   4137   4509  14123   3902   9017  14277   4283 
 17236  13361     51    151  21807  10018   4051   4073   3860   4185   4183   4248   4184   4137   9017   4509  14277  14123   4283   3902   3616   9687   4832  13291  26304      0      0  65535 
     0      0      0      0      0      0      0      0      0      0      0      0      0      0      0      0      0      0      0 
     0      0      0      0      0      0      0      0      0      0      0      0      0      0      0      0      0      0      0 
     0      0      0      0      0      0      0      0      0      0      0      0      0      0      0      0      0      0      0 
0 -1 -1
     0      1    255      0      0    228     32      0      0      0    200      0      0      0    255      0      0    199      0 
  3859   4051  21774   4185   4073   9973   4868   4183   4248   4182   9747   3617   4136   4509  14228   3902   9012  14389   4283 
 17236  13361     51    151  21774   9973   4051   4073   3859   4185   4182   4248   4183   4136   9012   4509  14389  14228   4283   3902   3617   9747   4868  13291  26305      0      0  65535 
     0      0      0      0      0      0      0      0      0      0      0      0      0      0      0      0      0      0      0 
     0      0      0      0      0      0      0      0      0      0      0      0      0      0      0      0      0      0      0 
     0      0      0      0      0      0      0      0      0      0      0      0      0      0      0      0      0      0      0 
0 -1 -1
     0      1    255      0      0    234     31      0      0      0    197      0      0      0    255      0      0    201      0 
  3861   4054  22185   4184   4072  10133   4832   4182   4246   4207   9685   3616   4135   4508  14262   3901   9014  14504   4285 
 17236  13361     51    151  22185  10133   4054   4072   3861   4184   4207   4246   4182   4135   9014   4508  14504  14262   4285   3901   3616   9685   4832  13288  26306      0      0  65535 
     0      0      0      0      0      0      0      0      0      0      0      0      0      0      0      0      0      0      0 
     0      0      0      0      0      0      0      0      0      0      0      0      0      0      0      0      0      0      0 
     0      0      0      0      0      0      0      0      0      0      0      0      0      0      0      0      0      0      0 
0 -1 -1
     0      1    255      0      0    236     30      0      0      0    193      0      0      0    255      0      0    199      0 
  3862   4056  22272   4184   4073  10170   4790   4184   4246   4224   9557   3617   4137   4508  14094   3902   9012  14383   4285 
 17236  13361     51    151  22272  10170   4056   4073   3862   4184   4224   4246   4184   4137   9012   4508  14383  14094   4285   3902   3617   9557   4790  13284  26305      0      0  65535 
     0      0      0      0      0      0      0      0      0      0      0      0      0      0      0      0      0      0      0 
     0      0      0      0      0      0      0      0      0      0      0      0      0      0      0      0      0      0      0 
     0      0      0      0      0      0      0      0      0      0      0      0      0      0      0      0      0      0      0 
0 -1 -1
     0      1    255      0      0    224     31      0      0      0    191      0      0      0    255      0      0    191      0 
  3859   4055  21705   4186   4076   9855   4825   4184   4248   4194   9516   3620   4137   4509  13862   3903   9023  14037   4285 
 17236  13361     51    151  21705   9855   4055   4076   3859   4186   4194   4248   4184   4137   9023   4509  14037  13862   4285   3903   3620   9516   4825  13281  26304      0      0  65535 
     0      0      0      0      0      0      0      0      0      0      0      0      0      0      0      0      0      0      0 
     0      0      0      0      0      0      0      0      0      0      0      0      0      0      0      0      0      0      0 
     0      0      0      0      0      0      0      0      0      0      0      0      0      0      0      0      0      0      0 
0 -1 -1
     0      1    255      0      0    212     31      0      0      0    188      0      0      0    255      0      0    185      0 
  3860   4053  21106   4187   4077   9536   4812   4185   4252   4179   9431   3622   4137   4510  13639   3905   9019  13742   4284 
 17236  13361     51    151  21106   9536   4053   4077   3860   4187   4179   4252   4185   4137   9019   4510  13742  13639   4284   3905   3622   9431   4812  13283  26304      0      0  65535 
     0      0      0      0      0      0      0      0      0      0      0      0      0      0      0      0      0      0      0 
     0      0      0      0      0      0      0      0      0      0      0      0      0      0      0      0      0      0      0 
     0      0      0      0      0      0      0      0      0      0      0      0      0      0      0      0      0      0      0 
0 -1 -1
     0      1    255      0      0    210     32      0      0      0    190      0      0      0    255      0      0    182      0 
  3861   4054  21076   4187   4079   9487   4865   4184   4253   4176   9471   3622   4139   4510  13595   3905   9014  13637   4285 
 17236  13361     51    151  21076   9487   4054   4079   3861   4187   4176   4253   4184   4139   9014   4510  13637  13595   4285   3905   3622   9471   4865  13285  26305      1      0  65535 
     0      0      0      0      0      0      0      0      0      0      0      0      0      0      0      0      0      0      0 
     0      0      0      0      0      0      0      0      0      0      0      0      0      0      0      0      0      0      0 
     0      0      0      0      0      0      0      0      0      0      0      0      0      0      0      0      0      0      0 
0 -1 -1
     0      1    255      0      0    208     37      0      0      0    202      0      0      0    255      0      0    184      0 
  3863   4053  21317   4184   4075   9414   5091   4185   4250   4172   9824   3622   4136   4509  13868   3905   9009  13690   4283 
 17236  13361     51    151  21317   9414   4053   4075   3863   4184   4172   4250   4185   4136   9009   4509  13690  13868   4283   3905   3622   9824   5091  13285  26306      0      0  65535 
     0      0      0      0      0      0      0      0      0      0      0      0      0      0      0      0      0      0      0 
     0      0      0      0      0      0      0      0      0      0      0      0      0      0      0      0      0      0      0 
     0      0      0      0      0      0      0      0      0      0      0      0      0      0      0      0      0      0      0 
0 -1 -1
     0      1    255      0      0    212     38      0      0      0    207      0      0      0    255      0      0    191      0 
  3861   4056  21650   4187   4072   9524   5116   4186   4248   4171   9954   3623   4137   4507  14184   3906   9019  14026   4285 
 17236  13361     51    151  21650   9524   4056   4072   3861   4187   4171   4248   4186   4137   9019   4507  14026  14184   4285   3906   3623   9954   5116  13284  26306      0      0  65535 
     0      0      0      0      0      0      0      0      0      0      0      0      0      0      0      0      0      0      0 
     0      0      0      0      0      0      0      0      0      0      0      0      0      0      0      0      0      0      0 
     0      0      0      0      0      0      0      0      0      0      0      0      0      0      0      0      0      0      0 
0 -1 -1
     0      1    255      0      0    210     38      0      0      0    206      0      0      0    255      0      0    190      0 
  3861   4056  21499   4187   4074   9483   5110   4185   4250   4171   9926   3624   4136   4505  14135   3908   9005  13982   4285 
 17236  13361     51    151  21499   9483   4056   4074   3861   4187   4171   4250   4185   4136   9005   4505  13982  14135   4285   3908   3624   9926   5110  13284  26305      0      1  65535 
     0      0      0      0      0      0      0      0      0      0      0      0      0      0      0      0      0      0      0 
     0      0      0      0      0      0      0      0      0      0      0      0      0      0      0      0      0      0      0 
     0      0      0      0      0      0      0      0      0      0      0      0      0      0      0      0      0      0      0 
0 -1 -1
     0      1    255      0      0    158     50      0      0      0    228      0      0      0    255      0      0    171      0 
  3864   4045  18938   4188   4079   8089   5638   4186   4255   4172  10520   3633   4139   4511  13980   3912   9016  13114   4284 
 17236  13361     51    150  18938   8089   4045   4079   3864   4188   4172   4255   4186   4139   9016   4511  13114  13980   4284   3912   3633  10520   5638  13284  26305      0      0  65535 
     0      0      0      0      0      0      0      0      0      0      0      0      0      0      0      0      0      0      0 
     0      0      0      0      0      0      0      0      0      0      0      0      0      0      0      0      0      0      0 
     0      0      0      0      0      0      0      0      0      0      0      0      0      0      0      0      0      0      0 
0 -1 -1
     0      1    247      0      0    114     36      0      0      0    179      0      0      0    255      0      0    132      0 
  3867   4041  15944   4193   4091   6899   5037   4192   4268   4190   9189   3637   4147   4520  12066   3912   9022  11329   4280 
 17236  13361     51    150  15944   6899   4041   4091   3867   4193   4190   4268   4192   4147   9022   4520  11329  12066   4280   3912   3637   9189   5037  13284  26304      0      0  65535 
     0      0      0      0      0      0      0      0      0      0      0      0      0      0      0      0      0      0      0 
     0      0      0      0      0      0      0      0      0      0      0      0      0      0      0      0      0      0      0 
     0      0      0      0      0      0      0      0      0      0      0      0      0      0      0      0      0      0      0 
0 -1 -1
     0      1    162      0      0     63     12      0      0      0     93      0      0      0    163      0      0     75      0 
  3873   4034  11981   4200   4112   5517   3996   4198   4290   4215   6845   3637   4155   4534   8946   3909   9014   8674   4275 
 17236  13361     51    152  11981   5517   4034   4112   3873   4200   4215   4290   4198   4155   9014   4534   8674   8946   4275   3909   3637   6845   3996  13284  26305      0      0  65535 
     0      0      0      0      0      0      0      0      0      0      0      0      0      0      0      0      0      0      0 
     0      0      0      0      0      0      0      0      0      0      0      0      0      0      0      0      0      0      0 
     0      0      0      0      0      0      0      0      0      0      0      0      0      0      0      0      0      0      0 
0 -1 -1
     0      0     50      0      0     13      0      0      0      0      0      0      0      0      0      0      0      1      0 
  3878   4020   6719   4207   4133   4178   3484   4207   4314   4250   4056   3631   4169   4543   4679   3901   9028   5298   4266 
 17236  13361     51    154   6719   4178   4020   4133   3878   4207   4250   4314   4207   4169   9028   4543   5298   4679   4266   3901   3631   4056   3484  13284  26305      0      0  65535 
     0      0      0      0      0      0      0      0      0      0      0      0      0      0      0      0      0      0      0 
     0      0      0      0      0      0      0      0      0      0      0      0      0      0      0      0      0      0      0 
     0      0      0      0      0      0      0      0      0      0      0      0      0      0      0      0      0      0      0 
0 -1 -1
     0      0      0      0      0      0      0      0      0      0      0      0      0      0      0      0      0      0      0 
  3877   4012   3938   4208   4139   3841   3482   4207   4318   4259   3854   3631   4172   4546   4136   3897   9033   4729   4265 
 17236  13361     51    154   3938   3841   4012   4139   3877   4208   4259   4318   4207   4172   9033   4546   4729   4136   4265   3897   3631   3854   3482  13285  26305      0      0  65535 
     0      0      0      0      0      0      0      0      0      0      0      0      0      0      0      0      0      0      0 
     0      0      0      0      0      0      0      0      0      0      0      0      0      0      0      0      0      0      0 
     0      0      0      0      0      0      0      0      0      0      0      0      0      0      0      0      0      0      0 
0 -1 -1
     0      0      0      0      0      0      0      0      0      0      0      0      0      0      0      0      0      0      0 
  3877   4011   3929   4208   4138   3838   3481   4207   4319   4262   3851   3630   4170   4548   4129   3898   9030   4722   4264 
 17236  13361     51    154   3929   3838   4011   4138   3877   4208   4262   4319   4207   4170   9030   4548   4722   4129   4264   3898   3630   3851   3481  13285  26305      0      0  65535 
     0      0      0      0      0      0      0      0      0      0      0      0      0      0      0      0      0      0      0 
     0      0      0      0      0      0      0      0      0      0      0      0      0      0      0      0      0      0      0 
     0      0      0      0      0      0      0      0      0      0      0      0      0      0      0      0      0      0      0 
0 -1 -1
     0      0      0      0      0      0      0      0      0      0      0      0      0      0      0      0      0      0      0 
  3878   4010   3927   4208   4139   3839   3480   4207   4320   4263   3849   3629   4171   4546   4128   3899   9035   4717   4265 
 17236  13361     51    154   3927   3839   4010   4139   3878   4208   4263   4320   4207   4171   9035   4546   4717   4128   4265   3899   3629   3849   3480  13285  26304      0      0  65535 
     0      0      0      0      0      0      0      0      0      0      0      0      0      0      0      0      0      0      0 
     0      0      0      0      0      0      0      0      0      0      0      0      0      0      0      0      0      0      0 
     0      0      0      0      0      0      0      0      0      0      0      0      0      0      0      0      0      0      0 
0 -1 -1
     0      0      0      0      0      0      0      0      0      0      0      0      0      0      0      0      0      0      0 
  3878   4011   3926   4210   4136   3839   3480   4208   4320   4262   3849   3629   4170   4547   4124   3898   9028   4715   4264 
 17236  13361     51    154   3926   3839   4011   4136   3878   4210   4262   4320   4208   4170   9028   4547   4715   4124   4264   3898   3629   3849   3480  13288  26304      0      0  65535 
     0      0      0      0      0      0      0      0      0      0      0      0      0      0      0      0      0      0      0 
     0      0      0      0      0      0      0      0      0      0      0      0      0      0      0      0      0      0      0 
     0      0      0      0      0      0      0      0      0      0      0      0      0      0      0      0      0      0      0 
0 -1 -1
     0      0      0      0      0      0      0      0      0      0      0      0      0      0      0      0      0      0      0 
  3878   4011   3927   4208   4137   3837   3479   4207   4320   4263   3846   3630   4171   4547   4122   3896   9027   4713   4264 
 17236  13361     51    154   3927   3837   4011   4137   3878   4208   4263   4320   4207   4171   9027   4547   4713   4122   4264   3896   3630   3846   3479  13288  26304      0      0  65535 
     0      0      0      0      0      0      0      0      0      0      0      0      0      0      0      0      0      0      0 
     0      0      0      0      0      0      0      0      0      0      0      0      0      0      0      0      0      0      0 
     0      0      0      0      0      0      0      0      0      0      0      0      0      0      0      0      0      0      0 
0 -1 -1
     0      0      0      0      0      0      0      0      0      0      0      0      0      0      0      0      0      0      0 
  3878   4009   3928   4208   4137   3836   3479   4206   4319   4261   3847   3629   4171   4546   4122   3899   9031   4712   4263 
 17236  13361     51    154   3928   3836   4009   4137   3878   4208   4261   4319   4206   4171   9031   4546   4712   4122   4263   3899   3629   3847   3479  13288  26304      0      0  65535 
     0      0      0      0      0      0      0      0      0      0      0      0      0      0      0      0      0      0      0 
     0      0      0      0      0      0      0      0      0      0      0      0      0      0      0      0      0      0      0 
     0      0      0      0      0      0      0      0      0      0      0      0      0      0      0      0      0      0      0 
0 -1 -1
     0      0      0      0      0      0      0      0      0      0      0      0      0      0      0      0      0      0      0 
  3878   4010   3927   4208   4137   3835   3479   4206   4318   4262   3844   3629   4171   4547   4121   3898   9034   4711   4264 
 17236  13361     51    154   3927   3835   4010   4137   3878   4208   4262   4318   4206   4171   9034   4547   4711   4121   4264   3898   3629   3844   3479  13288  26304      0      0  65535 
     0      0      0      0      0      0      0      0      0      0      0      0      0      0      0      0      0      0      0 
     0      0      0      0      0      0      0      0      0      0      0      0      0      0      0      0      0      0      0 
     0      0      0      0      0      0      0      0      0      0      0      0      0      0      0      0      0      0      0 
0 -1 -1
     0      0      0      0      0      0      0      0      0      0      0      0      0      0      0      0      0      0      0 
  3878   4010   3926   4207   4137   3836   3479   4208   4317   4262   3844   3629   4169   4546   4120   3897   9036   4711   4264 
 17236  13361     51    154   3926   3836   4010   4137   3878   4207   4262   4317   4208   4169   9036   4546   4711   4120   4264   3897   3629   3844   3479  13289  26305      0      0  65535 
     0      0      0      0      0      0      0      0      0      0      0      0      0      0      0      0      0      0      0 
     0      0      0      0      0      0      0      0      0      0      0      0      0      0      0      0      0      0      0 
     0      0      0      0      0      0      0      0      0      0      0      0      0      0      0      0      0      0      0 
0 -1 -1
     0      0      0      0      0      0      0      0      0      0      0      0      0      0      0      0      0      0      0 
  3877   4010   3926   4207   4136   3834   3479   4206   4319   4261   3846   3628   4170   4546   4120   3897   9031   4710   4264 
 17236  13361     51    154   3926   3834   4010   4136   3877   4207   4261   4319   4206   4170   9031   4546   4710   4120   4264   3897   3628   3846   3479  13290  26304      0      0  65535 
     0      0      0      0      0      0      0      0      0      0      0      0      0      0      0      0      0      0      0 
     0      0      0      0      0      0      0      0      0      0      0      0      0      0      0      0      0      0      0 
     0      0      0      0      0      0      0      0      0      0      0      0      0      0      0      0      0      0      0 
0 -1 -1
     0      0      0      0      0      0      0      0      0      0      0      0      0      0      0      0      0      0      0 
  3877   4009   3929   4208   4137   3835   3479   4207   4319   4261   3844   3629   4171   4546   4119   3897   9030   4709   4263 
 17236  13361     51    154   3929   3835   4009   4137   3877   4208   4261   4319   4207   4171   9030   4546   4709   4119   4263   3897   3629   3844   3479  13289  26304      0      0  65535 
     0      0      0      0      0      0      0      0      0      0      0      0      0      0      0      0      0      0      0 
     0      0      0      0      0      0      0      0      0      0      0      0      0      0      0      0      0      0      0 
     0      0      0      0      0      0      0      0      0      0      0      0      0      0      0      0      0      0      0 
0 -1 -1
     0      0      0      0      0      0      0      0      0      0      0      0      0      0      0      0      0      0      0 
  3877   4009   3927   4208   4137   3834   3479   4208   4319   4260   3844   3628   4170   4546   4119   3898   9031   4708   4264 
 17236  13361     51    154   3927   3834   4009   4137   3877   4208   4260   4319   4208   4170   9031   4546   4708   4119   4264   3898   3628   3844   3479  13289  26305      0      0  65535 
     0      0      0      0      0      0      0      0      0      0      0      0      0      0      0      0      0      0      0 
     0      0      0      0      0      0      0      0      0      0      0      0      0      0      0      0      0      0      0 
     0      0      0      0      0      0      0      0      0      0      0      0      0      0      0      0      0      0      0 
0 -1 -1
     0      0      0      0      0      0      0      0      0      0      0      0      0      0      0      0      0      0      0 
  3878   4010   3928   4208   4137   3835   3479   4208   4319   4262   3844   3629   4171   4545   4118   3897   9035   4709   4264 
 17236  13361     51    154   3928   3835   4010   4137   3878   4208   4262   4319   4208   4171   9035   4545   4709   4118   4264   3897   3629   3844   3479  13290  26305      0      0  65535 
     0      0      0      0      0      0      0      0      0      0      0      0      0      0      0      0      0      0      0 
     0      0      0      0      0      0      0      0      0      0      0      0      0      0      0      0      0      0      0 
     0      0      0      0      0      0      0      0      0      0      0      0      0      0      0      0      0      0      0 
0 -1 -1
     0      0      0      0      0      0      0      0      0      0      0      0      0      0      0      0      0      0      0 
  3878   4010   3929   4209   4138   3835   3479   4207   4319   4261   3844   3629   4171   4547   4118   3896   9036   4707   4264 
 17236  13361     51    154   3929   3835   4010   4138   3878   4209   4261   4319   4207   4171   9036   4547   4707   4118   4264   3896   3629   3844   3479  13290  26304      0      0  65535 
     0      0      0      0      0      0      0      0      0      0      0      0      0      0      0      0      0      0      0 
     0      0      0      0      0      0      0      0      0      0      0      0      0      0      0      0      0      0      0 
     0      0      0      0      0      0      0      0      0      0      0      0      0      0      0      0      0      0      0 
0 -1 -1
     0      0      0      0      0      0      0      0      0      0      0      0      0      0      0      0      0      0      0 
  3877   4009   3928   4208   4137   3835   3479   4207   4318   4260   3844   3631   4171   4546   4118   3898   9032   4707   4264 
 17236  13361     51    154   3928   3835   4009   4137   3877   4208   4260   4318   4207   4171   9032   4546   4707   4118   4264   3898   3631   3844   3479  13291  26304      0      0  65535 
     0      0      0      0      0      0      0      0      0      0      0      0      0      0      0      0      0      0      0 
     0      0      0      0      0      0      0      0      0      0      0      0      0      0      0      0      0      0      0 
     0      0      0      0      0      0      0      0      0      0      0      0      0      0      0      0      0      0      0 
0 -1 -1
     0      0      0      0      0      0      0      0      0      0      0      0      0      0      0      0      0      0      0 
  3877   4009   3929   4207   4137   3836   3480   4206   4319   4260   3843   3628   4172   4546   4119   3897   9032   4707   4263 
 17236  13361     51    154   3929   3836   4009   4137   3877   4207   4260   4319   4206   4172   9032   4546   4707   4119   4263   3897   3628   3843   3480  13291  26304      0      0  65535 
     0      0      0      0      0      0      0      0      0      0      0      0      0      0      0      0      0      0      0 
     0      0      0      0      0      0      0      0      0      0      0      0      0      0      0      0      0      0      0 
     0      0      0      0      0      0      0      0      0      0      0      0      0      0      0      0      0      0      0 
0 -1 -1
     0      0      0      0      0      0      0      0      0      0      0      0      0      0      0      0      0      0      0 
  3877   4008   3931   4210   4136   3834   3479   4209   4318   4261   3843   3629   4170   4546   4119   3897   9031   4708   4263 
 17236  13361     51    154   3931   3834   4008   4136   3877   4210   4261   4318   4209   4170   9031   4546   4708   4119   4263   3897   3629   3843   3479  13291  26305      0      0  65535 
     0      0      0      0      0      0      0      0      0      0      0      0      0      0      0      0      0      0      0 
     0      0      0      0      0      0      0      0      0      0      0      0      0      0      0      0      0      0      0 
     0      0      0      0      0      0      0      0      0      0      0      0      0      0      0      0      0      0      0 
0 -1 -1
     0      0      0      0      0      0      0      0      0      0      0      0      0      0      0      0      0      0      0 
  3877   4009   3929   4207   4137   3834   3479   4207   4319   4259   3844   3629   4169   4546   4117   3896   9038   4707   4264 
 17236  13361     51    154   3929   3834   4009   4137   3877   4207   4259   4319   4207   4169   9038   4546   4707   4117   4264   3896   3629   3844   3479  13292  26304      0      0  65535 
     0      0      0      0      0      0      0      0      0      0      0      0      0      0      0      0      0      0      0 
     0      0      0      0      0      0      0      0      0      0      0      0      0      0      0      0      0      0      0 
     0      0      0      0      0      0      0      0      0      0      0      0      0      0      0      0      0      0      0 
0 -1 -1
     0      0      0      0      0      0      0      0      0      0      0      0      0      0      0      0      0      0      0 
  3877   4008   3930   4208   4136   3835   3479   4207   4317   4260   3843   3628   4170   4545   4118   3896   9024   4707   4263 
 17236  13361     51    154   3930   3835   4008   4136   3877   4208   4260   4317   4207   4170   9024   4545   4707   4118   4263   3896   3628   3843   3479  13293  26303      0      0  65535 
     0      0      0      0      0      0      0      0      0      0      0      0      0      0      0      0      0      0      0 
     0      0      0      0      0      0      0      0      0      0      0      0      0      0      0      0      0      0      0 
     0      0      0      0      0      0      0      0      0      0      0      0      0      0      0      0      0      0      0 
0 -1 -1
     0      0      0      0      0      0      0      0      0      0      0      0      0      0      0      0      0      0      0 
  3877   4010   3931   4207   4138   3834   3479   4208   4317   4261   3843   3628   4171   4545   4118   3896   9027   4709   4264 
 17236  13361     51    154   3931   3834   4010   4138   3877   4207   4261   4317   4208   4171   9027   4545   4709   4118   4264   3896   3628   3843   3479  13287  26303      0      0  65535 
     0      0      0      0      0      0      0      0      0      0      0      0      0      0      0      0      0      0      0 
     0      0      0      0      0      0      0      0      0      0      0      0      0      0      0      0      0      0      0 
     0      0      0      0      0      0      0      0      0      0      0      0      0      0      0      0      0      0      0 
0 -1 -1
     0      0      0      0      0      0      0      0      0      0      0      0      0      0      0      0      0      0      0 
  3878   4009   3931   4208   4137   3834   3478   4206   4319   4261   3840   3630   4170   4545   4116   3897   9032   4706   4263 
 17236  13361     51    154   3931   3834   4009   4137   3878   4208   4261   4319   4206   4170   9032   4545   4706   4116   4263   3897   3630   3840   3478  13284  26304      0      0  65535 
     0      0      0      0      0      0      0      0      0      0      0      0      0      0      0      0      0      0      0 
     0      0      0      0      0      0      0      0      0      0      0      0      0      0      0      0      0      0      0 
     0      0      0      0      0      0      0      0      0      0      0      0      0      0      0      0      0      0      0 
0 -1 -1
     0      0      0      0      0      0      0      0      0      0      0      0      0      0      0      0      0      0      0 
  3877   4009   3929   4208   4137   3834   3479   4208   4318   4261   3842   3629   4171   4545   4118   3896   9029   4707   4263 
 17236  13361     51    154   3929   3834   4009   4137   3877   4208   4261   4318   4208   4171   9029   4545   4707   4118   4263   3896   3629   3842   3479  13285  26305      0      0  65535 
     0      0      0      0      0      0      0      0      0      0      0      0      0      0      0      0      0      0      0 
     0      0      0      0      0      0      0      0      0      0      0      0      0      0      0      0      0      0      0 
     0      0      0      0      0      0      0      0      0      0      0      0      0      0      0      0      0      0      0 
0 -1 -1
     0      0      0      0      0      0      0      0      0      0      0      0      0      0      0      0      0      0      0 
  3876   4010   3929   4208   4137   3834   3479   4206   4317   4261   3842   3629   4169   4544   4116   3896   9035   4706   4262 
 17236  13361     51    154   3929   3834   4010   4137   3876   4208   4261   4317   4206   4169   9035   4544   4706   4116   4262   3896   3629   3842   3479  13289  26304      0      0  65535 
     0      0      0      0      0      0      0      0      0      0      0      0      0      0      0      0      0      0      0 
     0      0      0      0      0      0      0      0      0      0      0      0      0      0      0      0      0      0      0 
     0      0      0      0      0      0      0      0      0      0      0      0      0      0      0      0      0      0      0 
0 -1 -1
     0      0      0      0      0      0      0      0      0      0      0      0      0      0      0      0      0      0      0 
  3877   4008   3929   4208   4136   3835   3477   4207   4318   4260   3842   3628   4171   4544   4117   3897   9030   4707   4263 
 17236  13361     51    154   3929   3835   4008   4136   3877   4208   4260   4318   4207   4171   9030   4544   4707   4117   4263   3897   3628   3842   3477  13288  26304      0      1  65535 
     0      0      0      0      0      0      0      0      0      0      0      0      0      0      0      0      0      0      0 
     0      0      0      0      0      0      0      0      0      0      0      0      0      0      0      0      0      0      0 
     0      0      0      0      0      0      0      0      0      0      0      0      0      0      0      0      0      0      0 
0 -1 -1
     0      0      0      0      0      0      0      0      0      0      0      0      0      0      0      0      0      0      0 
  3876   4010   3931   4207   4138   3834   3479   4207   4318   4260   3842   3630   4170   4546   4117   3897   9028   4706   4263 
 17236  13361     51    154   3931   3834   4010   4138   3876   4207   4260   4318   4207   4170   9028   4546   4706   4117   4263   3897   3630   3842   3479  13288  26304      1      0  65535 
     0      0      0      0      0      0      0      0      0      0      0      0      0      0      0      0      0      0      0 
     0      0      0      0      0      0      0      0      0      0      0      0      0      0      0      0      0      0      0 
     0      0      0      0      0      0      0      0      0      0      0      0      0      0      0      0      0      0      0 
0 -1 -1
     0      0      0      0      0      0      0      0      0      0      0      0      0      0      0      0      0      0      0 
  3877   4008   3930   4208   4137   3834   3480   4208   4318   4261   3841   3629   4170   4545   4117   3897   9033   4704   4264 
 17236  13361     51    154   3930   3834   4008   4137   3877   4208   4261   4318   4208   4170   9033   4545   4704   4117   4264   3897   3629   3841   3480  13288  26305      0      0  65535 
     0      0      0      0      0      0      0      0      0      0      0      0      0      0      0      0      0      0      0 
     0      0      0      0      0      0      0      0      0      0      0      0      0      0      0      0      0      0      0 
     0      0      0      0      0      0      0      0      0      0      0      0      0      0      0      0      0      0      0 
0 -1 -1
     0      0      0      0      0      0      0      0      0      0      0      0      0      0      0      0      0      0      0 
  3878   4007   3932   4208   4136   3833   3477   4206   4318   4259   3842   3630   4170   4546   4117   3896   9034   4705   4262 
 17236  13361     51    154   3932   3833   4007   4136   3878   4208   4259   4318   4206   4170   9034   4546   4705   4117   4262   3896   3630   3842   3477  13288  26304      0      0  65535 
     0      0      0      0      0      0      0      0      0      0      0      0      0      0      0      0      0      0      0 
     0      0      0      0      0      0      0      0      0      0      0      0      0      0      0      0      0      0      0 
     0      0      0      0      0      0      0      0      0      0      0      0      0      0      0      0      0      0      0 
0 -1 -1
     0      0      0      0      0      0      0      0      0      0      0      0      0      0      0      0      0      0      0 
  3877   4011   3931   4208   4137   3834   3479   4208   4318   4261   3842   3630   4172   4546   4118   3896   9033   4706   4261 
 17236  13361     51    154   3931   3834   4011   4137   3877   4208   4261   4318   4208   4172   9033   4546   4706   4118   4261   3896   3630   3842   3479  13287  26304      0      0  65535 
     0      0      0      0      0      0      0      0      0      0      0      0      0      0      0      0      0      0      0 
     0      0      0      0      0      0      0      0      0      0      0      0      0      0      0      0      0      0      0 
     0      0      0      0      0      0      0      0      0      0      0      0      0      0      0      0      0      0      0 
0 -1 -1
     0      0      0      0      0      0      0      0      0      0      0      0      0      0      0      0      0      0      0 
  3875   4008   3930   4207   4137   3833   3478   4208   4318   4259   3840   3630   4170   4544   4116   3894   9027   4705   4263 
 17236  13361     51    154   3930   3833   4008   4137   3875   4207   4259   4318   4208   4170   9027   4544   4705   4116   4263   3894   3630   3840   3478  13287  26304      0      0  65535 
     0      0      0      0      0      0      0      0      0      0      0      0      0      0      0      0      0      0      0 
     0      0      0      0      0      0      0      0      0      0      0      0      0      0      0      0      0      0      0 
     0      0      0      0      0      0      0      0      0      0      0      0      0      0      0      0      0      0      0 
0 -1 -1
     0      0      0      0      0      0      0      0      0      0      0      0      0      0      0      0      0      0      0 
  3877   4009   3929   4208   4135   3833   3478   4207   4319   4259   3842   3630   4169   4545   4115   3897   9029   4704   4263 
 17236  13361     51    154   3929   3833   4009   4135   3877   4208   4259   4319   4207   4169   9029   4545   4704   4115   4263   3897   3630   3842   3478  13289  26305      0      0  65535 
     0      0      0      0      0      0      0      0      0      0      0      0      0      0      0      0      0      0      0 
     0      0      0      0      0      0      0      0      0      0      0      0      0      0      0      0      0      0      0 
     0      0      0      0      0      0      0      0      0      0      0      0      0      0      0      0      0      0      0 
0 -1 -1
     0      0      0      0      0      0      0      0      0      0      0      0      0      0      0      0      0      0      0 
  3877   4009   3929   4207   4136   3833   3478   4207   4318   4258   3842   3628   4171   4545   4117   3897   9036   4706   4262 
 17236  13361     51    154   3929   3833   4009   4136   3877   4207   4258   4318   4207   4171   9036   4545   4706   4117   4262   3897   3628   3842   3478  13292  26304      0      0  65535 
     0      0      0      0      0      0      0      0      0      0      0      0      0      0      0      0      0      0      0 
     0      0      0      0      0      0      0      0      0      0      0      0      0      0      0      0      0      0      0 
     0      0      0      0      0      0      0      0      0      0      0      0      0      0      0      0      0      0      0 
0 -1 -1
     0      0      0      0      0      0      0      0      0      0      0      0      0      0      0      0      0      0      0 
  3877   4008   3930   4208   4137   3834   3479   4206   4318   4258   3841   3629   4170   4545   4116   3896   9037   4707   4263 
 17236  13361     51    154   3930   3834   4008   4137   3877   4208   4258   4318   4206   4170   9037   4545   4707   4116   4263   3896   3629   3841   3479  13292  26304      0      1  65535 
     0      0      0      0      0      0      0      0      0      0      0      0      0      0      0      0      0      0      0 
     0      0      0      0      0      0      0      0      0      0      0      0      0      0      0      0      0      0      0 
     0      0      0      0      0      0      0      0      0      0      0      0      0      0      0      0      0      0      0 
0 -1 -1
     0      0      0      0      0      0      0      0      0      0      0      0      0      0      0      0      0      0      0 
  3877   4007   3930   4207   4136   3834   3479   4206   4317   4259   3841   3630   4171   4545   4116   3896   9038   4705   4263 
 17236  13361     51    154   3930   3834   4007   4136   3877   4207   4259   4317   4206   4171   9038   4545   4705   4116   4263   3896   3630   3841   3479  13291  26304      0      1  65535 
     0      0      0      0      0      0      0      0      0      0      0      0      0      0      0      0      0      0      0 
     0      0      0      0      0      0      0      0      0      0      0      0      0      0      0      0      0      0      0 
     0      0      0      0      0      0      0      0      0      0      0      0      0      0      0      0      0      0      0 
0 -1 -1
     0      0      0      0      0      0      0      0      0      0      0      0      0      0      0      0      0      0      0 
  3876   4008   3931   4208   4136   3833   3479   4207   4317   4259   3841   3628   4170   4545   4117   3896   9033   4705   4262 
 17236  13361     51    154   3931   3833   4008   4136   3876   4208   4259   4317   4207   4170   9033   4545   4705   4117   4262   3896   3628   3841   3479  13291  26305      0      0  65535 
     0      0      0      0      0      0      0      0      0      0      0      0      0      0      0      0      0      0      0 
     0      0      0      0      0      0      0      0      0      0      0      0      0      0      0      0      0      0      0 
     0      0      0      0      0      0      0      0      0      0      0      0      0      0      0      0      0      0      0 
0 -1 -1
     0      0      0      0      0      0      0      0      0      0      0      0      0      0      0      0      0      0      0 
  3876   4008   3928   4206   4137   3831   3477   4206   4317   4259   3842   3629   4170   4545   4117   3895   9040   4706   4261 
 17236  13361     51    154   3928   3831   4008   4137   3876   4206   4259   4317   4206   4170   9040   4545   4706   4117   4261   3895   3629   3842   3477  13291  26305      0      0  65535 
     0      0      0      0      0      0      0      0      0      0      0      0      0      0      0      0      0      0      0 
     0      0      0      0      0      0      0      0      0      0      0      0      0      0      0      0      0      0      0 
     0      0      0      0      0      0      0      0      0      0      0      0      0      0      0      0      0      0      0 
0 -1 -1
     0      0      0      0      0      0      0      0      0      0      0      0      0      0      0      0      0      0      0 
  3876   4006   3929   4207   4136   3833   3477   4205   4317   4259   3841   3628   4171   4544   4116   3896   9036   4705   4262 
 17236  13361     51    154   3929   3833   4006   4136   3876   4207   4259   4317   4205   4171   9036   4544   4705   4116   4262   3896   3628   3841   3477  13291  26304      0      0  65535 
     0      0      0      0      0      0      0      0      0      0      0      0      0      0      0      0      0      0      0 
     0      0      0      0      0      0      0      0      0      0      0      0      0      0      0      0      0      0      0 
     0      0      0      0      0      0      0      0      0      0      0      0      0      0      0      0      0      0      0 
0 -1 -1
     0      0      0      0      0      0      0      0      0      0      0      0      0      0      0      0      0      0      0 
  3876   4006   3930   4207   4136   3832   3479   4205   4318   4260   3840   3627   4170   4544   4115   3896   9034   4705   4263 
 17236  13361     51    154   3930   3832   4006   4136   3876   4207   4260   4318   4205   4170   9034   4544   4705   4115   4263   3896   3627   3840   3479  13290  26304      0      0  65535 
     0      0      0      0      0      0      0      0      0      0      0      0      0      0      0      0      0      0      0 
     0      0      0      0      0      0      0      0      0      0      0      0      0      0      0      0      0      0      0 
     0      0      0      0      0      0      0      0      0      0      0      0      0      0      0      0      0      0      0 
0 -1 -1
