   255     13      0    109    255      0      0      0    229     94      0      0      8    126      0      0      2     22      0 
 20527   3456   2881   9091  15529   2670   2434   3063   9229   5280   2640   2555   3312   6377   2881   2744   8808   4526   3109 
 17236  13361     51    147   2881   2670   3456  15529  20527   9091   5280   9229   3063   3312   8808   6377   4526   2881   3109   2744   2555   2640   2434  13376  26304      0      0  65535 
     0      0      0      0      0      0      0      0      0      0      0      0      0      0      0      0      0      0      0 
     0      0      0      0      0      0      0      0      0      0      0      0      0      0      0      0      0      0      0 
     0      0      0      0      0      0      0      0      0      0      0      0      0      0      0      0      0      0      0 
0 -1 -1
   255     15      0    114    255      0      0      0    241     99      0      0      8    135      0      0      2     24      0 
 21620   3536   2881   9384  16269   2666   2433   3060   9546   5390   2636   2554   3346   6591   2875   2744   8817   4624   3106 
 17236  13361     51    147   2881   2666   3536  16269  21620   9384   5390   9546   3060   3346   8817   6591   4624   2875   3106   2744   2554   2636   2433  13376  26304      0      0  65535 
     0      0      0      0      0      0      0      0      0      0      0      0      0      0      0      0      0      0      0 
     0      0      0      0      0      0      0      0      0      0      0      0      0      0      0      0      0      0      0 
     0      0      0      0      0      0      0      0      0      0      0      0      0      0      0      0      0      0      0 
0 -1 -1
   255     16      0    121    255      0      0      0    255    105      0      0     10    149      0      0      3     28      0 
 22608   3576   2879   9766  16990   2665   2434   3060  10014   5528   2631   2554   3412   6934   2871   2742   8845   4800   3105 
 17236  13361     51    147   2879   2665   3576  16990  22608   9766   5528  10014   3060   3412   8845   6934   4800   2871   3105   2742   2554   2631   2434  13377  26304      0      0  65535 
     0      0      0      0      0      0      0      0      0      0      0      0      0      0      0      0      0      0      0 
     0      0      0      0      0      0      0      0      0      0      0      0      0      0      0      0      0      0      0 
     0      0      0      0      0      0      0      0      0      0      0      0      0      0      0      0      0      0      0 
0 -1 -1
   255     15      0    128    255      0      0      0    255    108      0      0     11    161      0      0      3     31      0 
 23410   3539   2877  10152  17551   2661   2432   3060  10444   5610   2629   2551   3473   7204   2868   2739   8864   4927   3105 
 17236  13361     51    147   2877   2661   3539  17551  23410  10152   5610  10444   3060   3473   8864   7204   4927   2868   3105   2739   2551   2629   2432  13378  26304      0      0  65535 
     0      0      0      0      0      0      0      0      0      0      0      0      0      0      0      0      0      0      0 
     0      0      0      0      0      0      0      0      0      0      0      0      0      0      0      0      0      0      0 
     0      0      0      0      0      0      0      0      0      0      0      0      0      0      0      0      0      0      0 
0 -1 -1
   255     15      0    131    255      0      0      0    255    110      0      0     11    163      0      0      3     31      0 
 24216   3562   2877  10326  17977   2660   2430   3060  10571   5645   2626   2551   3476   7247   2866   2738   8859   4928   3103 
 17236  13361     51    147   2877   2660   3562  17977  24216  10326   5645  10571   3060   3476   8859   7247   4928   2866   3103   2738   2551   2626   2430  13377  26305      0      0  65535 
     0      0      0      0      0      0      0      0      0      0      0      0      0      0      0      0      0      0      0 
     0      0      0      0      0      0      0      0      0      0      0      0      0      0      0      0      0      0      0 
     0      0      0      0      0      0      0      0      0      0      0      0      0      0      0      0      0      0      0 
0 -1 -1
   255     16      0    132    255      0      0      0    255    112      0      0     11    165      0      0      3     32      0 
 24679   3605   2877  10372  18330   2657   2429   3058  10636   5697   2625   2550   3475   7312   2865   2739   8854   4966   3103 
 17236  13361     51    147   2877   2657   3605  18330  24679  10372   5697  10636   3058   3475   8854   7312   4966   2865   3103   2739   2550   2625   2429  13377  26304      0      0  65535 
     0      0      0      0      0      0      0      0      0      0      0      0      0      0      0      0      0      0      0 
     0      0      0      0      0      0      0      0      0      0      0      0      0      0      0      0      0      0      0 
     0      0      0      0      0      0      0      0      0      0      0      0      0      0      0      0      0      0      0 
0 -1 -1
   255     17      0    136    255      0      0      0    255    117      0      0     13    177      0      0      3     35      0 
 25318   3629   2875  10597  18887   2654   2427   3058  10957   5802   2620   2549   3523   7586   2858   2736   8871   5124   3102 
 17236  13361     51    147   2875   2654   3629  18887  25318  10597   5802  10957   3058   3523   8871   7586   5124   2858   3102   2736   2549   2620   2427  13378  26304      0      0  65535 
     0      0      0      0      0      0      0      0      0      0      0      0      0      0      0      0      0      0      0 
     0      0      0      0      0      0      0      0      0      0      0      0      0      0      0      0      0      0      0 
     0      0      0      0      0      0      0      0      0      0      0      0      0      0      0      0      0      0      0 
0 -1 -1
   255     17      0    142    255      0      0      0    255    122      0      0     15    191      0      0      4     39      0 
 26312   3638   2873  10982  19659   2650   2425   3059  11431   5922   2616   2549   3604   7932   2853   2735   8899   5302   3099 
 17236  13361     51    147   2873   2650   3638  19659  26312  10982   5922  11431   3059   3604   8899   7932   5302   2853   3099   2735   2549   2616   2425  13382  26304      0      0  65535 
     0      0      0      0      0      0      0      0      0      0      0      0      0      0      0      0      0      0      0 
     0      0      0      0      0      0      0      0      0      0      0      0      0      0      0      0      0      0      0 
     0      0      0      0      0      0      0      0      0      0      0      0      0      0      0      0      0      0      0 
0 -1 -1
   255     17      0    150    255      0      0      0    255    127      0      0     17    208      0      0      5     44      0 
 27337   3624   2871  11400  20475   2645   2424   3058  11967   6042   2611   2546   3709   8335   2848   2732   8930   5517   3097 
 17236  13361     51    147   2871   2645   3624  20475  27337  11400   6042  11967   3058   3709   8930   8335   5517   2848   3097   2732   2546   2611   2424  13381  26304      0      0  65535 
     0      0      0      0      0      0      0      0      0      0      0      0      0      0      0      0      0      0      0 
     0      0      0      0      0      0      0      0      0      0      0      0      0      0      0      0      0      0      0 
     0      0      0      0      0      0      0      0      0      0      0      0      0      0      0      0      0      0      0 
0 -1 -1
   255     17      0    157    255      0      0      0    255    132      0      0     19    223      0      0      5     48      0 
 28513   3625   2868  11809  21370   2640   2422   3061  12470   6167   2605   2543   3809   8704   2841   2729   8943   5705   3094 
 17236  13361     51    147   2868   2640   3625  21370  28513  11809   6167  12470   3061   3809   8943   8704   5705   2841   3094   2729   2543   2605   2422  13380  26305      0      0  65535 
     0      0      0      0      0      0      0      0      0      0      0      0      0      0      0      0      0      0      0 
     0      0      0      0      0      0      0      0      0      0      0      0      0      0      0      0      0      0      0 
     0      0      0      0      0      0      0      0      0      0      0      0      0      0      0      0      0      0      0 
0 -1 -1
   255     19      0    161    255      0      0      0    255    135      0      0     19    224      0      0      5     47      0 
 29958   3697   2867  12036  22218   2638   2420   3058  12608   6226   2601   2544   3793   8717   2838   2727   8923   5671   3094 
 17236  13361     51    147   2867   2638   3697  22218  29958  12036   6226  12608   3058   3793   8923   8717   5671   2838   3094   2727   2544   2601   2420  13380  26305      0      0  65535 
     0      0      0      0      0      0      0      0      0      0      0      0      0      0      0      0      0      0      0 
     0      0      0      0      0      0      0      0      0      0      0      0      0      0      0      0      0      0      0 
     0      0      0      0      0      0      0      0      0      0      0      0      0      0      0      0      0      0      0 
0 -1 -1
   255     19      0    162    255      0      0      0    255    137      0      0     19    229      0      0      5     49      0 
 30460   3736   2869  12087  22641   2637   2421   3057  12702   6279   2600   2542   3796   8827   2838   2727   8926   5738   3095 
 17236  13361     51    147   2869   2637   3736  22641  30460  12087   6279  12702   3057   3796   8926   8827   5738   2838   3095   2727   2542   2600   2421  13380  26305      0      0  65535 
     0      0      0      0      0      0      0      0      0      0      0      0      0      0      0      0      0      0      0 
     0      0      0      0      0      0      0      0      0      0      0      0      0      0      0      0      0      0      0 
     0      0      0      0      0      0      0      0      0      0      0      0      0      0      0      0      0      0      0 
0 -1 -1
   255     19      0    162    255      0      0      0    255    137      0      0     19    229      0      0      5     49      0 
 30460   3736   2869  12087  22641   2637   2421   3057  12702   6279   2600   2542   3796   8827   2838   2727   8926   5738   3095 
 17236  13361     51    147   2869   2637   3736  22641  30460  12087   6279  12702   3057   3796   8926   8827   5738   2838   3095   2727   2542   2600   2421  13380  26305      0      0  65535 
     0      0      0      0      0      0      0      0      0      0      0      0      0      0      0      0      0      0      0 
     0      0      0      0      0      0      0      0      0      0      0      0      0      0      0      0      0      0      0 
     0      0      0      0      0      0      0      0      0      0      0      0      0      0      0      0      0      0      0 
0 -1 -1
   255     18      0    163    255      0      0      0    255    139      0      0     21    242      0      0      5     53      0 
 29764   3669   2867  12118  22577   2637   2419   3059  12977   6326   2601   2543   3887   9152   2837   2726   8965   5961   3093 
 17236  13361     51    147   2867   2637   3669  22577  29764  12118   6326  12977   3059   3887   8965   9152   5961   2837   3093   2726   2543   2601   2419  13384  26304      0      0  65535 
     0      0      0      0      0      0      0      0      0      0      0      0      0      0      0      0      0      0      0 
     0      0      0      0      0      0      0      0      0      0      0      0      0      0      0      0      0      0      0 
     0      0      0      0      0      0      0      0      0      0      0      0      0      0      0      0      0      0      0 
0 -1 -1
   255     17      0    160    255      0      0      0    255    135      0      0     20    233      0      0      5     51      0 
 29302   3645   2867  11938  22175   2640   2420   3059  12725   6240   2604   2543   3824   8930   2841   2729   8928   5835   3096 
 17236  13361     51    147   2867   2640   3645  22175  29302  11938   6240  12725   3059   3824   8928   8930   5835   2841   3096   2729   2543   2604   2420  13381  26304      0      1  65535 
     0      0      0      0      0      0      0      0      0      0      0      0      0      0      0      0      0      0      0 
     0      0      0      0      0      0      0      0      0      0      0      0      0      0      0      0      0      0      0 
     0      0      0      0      0      0      0      0      0      0      0      0      0      0      0      0      0      0      0 
0 -1 -1
   255     18      0    156    255      0      0      0    255    132      0      0     18    221      0      0      4     47      0 
 29245   3665   2868  11754  21928   2643   2422   3058  12408   6165   2605   2543   3732   8653   2842   2729   8895   5671   3095 
 17236  13361     51    147   2868   2643   3665  21928  29245  11754   6165  12408   3058   3732   8895   8653   5671   2842   3095   2729   2543   2605   2422  13379  26304      0      0  65535 
     0      0      0      0      0      0      0      0      0      0      0      0      0      0      0      0      0      0      0 
     0      0      0      0      0      0      0      0      0      0      0      0      0      0      0      0      0      0      0 
     0      0      0      0      0      0      0      0      0      0      0      0      0      0      0      0      0      0      0 
0 -1 -1
   255     18      0    158    255      0      0      0    255    132      0      0     18    221      0      0      4     47      0 
 29682   3686   2868  11828  22128   2643   2421   3057  12436   6172   2605   2543   3731   8656   2842   2727   8912   5658   3094 
 17236  13361     51    147   2868   2643   3686  22128  29682  11828   6172  12436   3057   3731   8912   8656   5658   2842   3094   2727   2543   2605   2421  13379  26305      0      0  65535 
     0      0      0      0      0      0      0      0      0      0      0      0      0      0      0      0      0      0      0 
     0      0      0      0      0      0      0      0      0      0      0      0      0      0      0      0      0      0      0 
     0      0      0      0      0      0      0      0      0      0      0      0      0      0      0      0      0      0      0 
0 -1 -1
   255     19      0    160    255      0      0      0    255    133      0      0     18    222      0      0      4     46      0 
 30201   3702   2867  11949  22378   2640   2419   3058  12507   6182   2601   2545   3739   8662   2840   2727   8914   5641   3095 
 17236  13361     51    147   2867   2640   3702  22378  30201  11949   6182  12507   3058   3739   8914   8662   5641   2840   3095   2727   2545   2601   2419  13379  26305      0      0  65535 
     0      0      0      0      0      0      0      0      0      0      0      0      0      0      0      0      0      0      0 
     0      0      0      0      0      0      0      0      0      0      0      0      0      0      0      0      0      0      0 
     0      0      0      0      0      0      0      0      0      0      0      0      0      0      0      0      0      0      0 
0 -1 -1
   255     19      0    162    255      0      0      0    255    133      0      0     18    220      0      0      4     46      0 
 30695   3709   2868  12064  22569   2639   2421   3058  12543   6177   2601   2543   3734   8625   2839   2727   8910   5597   3095 
 17236  13361     51    147   2868   2639   3709  22569  30695  12064   6177  12543   3058   3734   8910   8625   5597   2839   3095   2727   2543   2601   2421  13378  26304      1      1  65535 
     0      0      0      0      0      0      0      0      0      0      0      0      0      0      0      0      0      0      0 
     0      0      0      0      0      0      0      0      0      0      0      0      0      0      0      0      0      0      0 
     0      0      0      0      0      0      0      0      0      0      0      0      0      0      0      0      0      0      0 
0 -1 -1
   255     19      0    162    255      0      0      0    255    132      0      0     18    220      0      0      4     45      0 
 30787   3712   2867  12067  22588   2638   2419   3057  12533   6168   2603   2543   3731   8614   2838   2728   8908   5590   3094 
 17236  13361     51    147   2867   2638   3712  22588  30787  12067   6168  12533   3057   3731   8908   8614   5590   2838   3094   2728   2543   2603   2419  13378  26303      0      0  65535 
     0      0      0      0      0      0      0      0      0      0      0      0      0      0      0      0      0      0      0 
     0      0      0      0      0      0      0      0      0      0      0      0      0      0      0      0      0      0      0 
     0      0      0      0      0      0      0      0      0      0      0      0      0      0      0      0      0      0      0 
0 -1 -1
   255     19      0    167    255      0      0      0    255    137      0      0     20    234      0      0      5     49      0 
 31192   3722   2865  12336  23018   2636   2419   3055  12960   6277   2598   2542   3836   8956   2834   2726   8922   5779   3092 
 17236  13361     51    147   2865   2636   3722  23018  31192  12336   6277  12960   3055   3836   8922   8956   5779   2834   3092   2726   2542   2598   2419  13378  26305      0      0  65535 
     0      0      0      0      0      0      0      0      0      0      0      0      0      0      0      0      0      0      0 
     0      0      0      0      0      0      0      0      0      0      0      0      0      0      0      0      0      0      0 
     0      0      0      0      0      0      0      0      0      0      0      0      0      0      0      0      0      0      0 
0 -1 -1
   255     18      0    168    255      0      0      0    255    137      0      0     21    238      0      0      5     51      0 
 31136   3692   2866  12410  23046   2634   2418   3057  13079   6282   2598   2541   3875   9046   2835   2724   8942   5828   3092 
 17236  13361     51    147   2866   2634   3692  23046  31136  12410   6282  13079   3057   3875   8942   9046   5828   2835   3092   2724   2541   2598   2418  13378  26305      0      0  65535 
     0      0      0      0      0      0      0      0      0      0      0      0      0      0      0      0      0      0      0 
     0      0      0      0      0      0      0      0      0      0      0      0      0      0      0      0      0      0      0 
     0      0      0      0      0      0      0      0      0      0      0      0      0      0      0      0      0      0      0 
0 -1 -1
   255     18      0    166    255      0      0      0    255    137      0      0     21    239      0      0      5     51      0 
 30822   3690   2866  12312  22966   2636   2419   3057  13051   6288   2599   2542   3874   9085   2833   2725   8936   5866   3093 
 17236  13361     51    147   2866   2636   3690  22966  30822  12312   6288  13051   3057   3874   8936   9085   5866   2833   3093   2725   2542   2599   2419  13373  26304      0      0  65535 
     0      0      0      0      0      0      0      0      0      0      0      0      0      0      0      0      0      0      0 
     0      0      0      0      0      0      0      0      0      0      0      0      0      0      0      0      0      0      0 
     0      0      0      0      0      0      0      0      0      0      0      0      0      0      0      0      0      0      0 
0 -1 -1
   255     18      0    165    255      0      0      0    255    137      0      0     21    240      0      0      5     52      0 
 30493   3688   2867  12216  22869   2637   2420   3058  13014   6291   2599   2541   3869   9098   2834   2726   8946   5889   3092 
 17236  13361     51    147   2867   2637   3688  22869  30493  12216   6291  13014   3058   3869   8946   9098   5889   2834   3092   2726   2541   2599   2420  13372  26303      0      0  65535 
     0      0      0      0      0      0      0      0      0      0      0      0      0      0      0      0      0      0      0 
     0      0      0      0      0      0      0      0      0      0      0      0      0      0      0      0      0      0      0 
     0      0      0      0      0      0      0      0      0      0      0      0      0      0      0      0      0      0      0 
0 -1 -1
   255     18      0    164    255      0      0      0    255    137      0      0     21    239      0      0      5     51      0 
 30350   3693   2866  12182  22769   2639   2419   3056  12984   6271   2599   2541   3872   9077   2835   2726   8943   5872   3092 
 17236  13361     51    147   2866   2639   3693  22769  30350  12182   6271  12984   3056   3872   8943   9077   5872   2835   3092   2726   2541   2599   2419  13372  26303      0      0  65535 
     0      0      0      0      0      0      0      0      0      0      0      0      0      0      0      0      0      0      0 
     0      0      0      0      0      0      0      0      0      0      0      0      0      0      0      0      0      0      0 
     0      0      0      0      0      0      0      0      0      0      0      0      0      0      0      0      0      0      0 
0 -1 -1
   255     18      0    165    255      0      0      0    255    135      0      0     21    235      0      0      5     50      0 
 30420   3693   2866  12211  22666   2639   2419   3057  12952   6229   2600   2541   3864   8993   2837   2725   8933   5804   3093 
 17236  13361     51    147   2866   2639   3693  22666  30420  12211   6229  12952   3057   3864   8933   8993   5804   2837   3093   2725   2541   2600   2419  13374  26305      0      0  65535 
     0      0      0      0      0      0      0      0      0      0      0      0      0      0      0      0      0      0      0 
     0      0      0      0      0      0      0      0      0      0      0      0      0      0      0      0      0      0      0 
     0      0      0      0      0      0      0      0      0      0      0      0      0      0      0      0      0      0      0 
0 -1 -1
   255     19      0    166    255      0      0      0    255    135      0      0     21    234      0      0      5     49      0 
 30873   3720   2865  12318  22795   2638   2419   3057  13003   6223   2598   2542   3867   8965   2835   2725   8933   5764   3092 
 17236  13361     51    147   2865   2638   3720  22795  30873  12318   6223  13003   3057   3867   8933   8965   5764   2835   3092   2725   2542   2598   2419  13374  26303      0      0  65535 
     0      0      0      0      0      0      0      0      0      0      0      0      0      0      0      0      0      0      0 
     0      0      0      0      0      0      0      0      0      0      0      0      0      0      0      0      0      0      0 
     0      0      0      0      0      0      0      0      0      0      0      0      0      0      0      0      0      0      0 
0 -1 -1
   255     19      0    168    255      0      0      0    255    134      0      0     21    232      0      0      5     48      0 
 31154   3714   2867  12412  22822   2639   2417   3056  13027   6203   2598   2540   3865   8912   2835   2725   8929   5713   3093 
 17236  13361     51    147   2867   2639   3714  22822  31154  12412   6203  13027   3056   3865   8929   8912   5713   2835   3093   2725   2540   2598   2417  13374  26303      0      0  65535 
     0      0      0      0      0      0      0      0      0      0      0      0      0      0      0      0      0      0      0 
     0      0      0      0      0      0      0      0      0      0      0      0      0      0      0      0      0      0      0 
     0      0      0      0      0      0      0      0      0      0      0      0      0      0      0      0      0      0      0 
0 -1 -1
   255     18      0    165    255      0      0      0    255    129      0      0     19    220      0      0      4     44      0 
 30807   3690   2866  12236  22379   2641   2418   3056  12705   6090   2602   2542   3788   8622   2838   2727   8903   5543   3093 
 17236  13361     51    147   2866   2641   3690  22379  30807  12236   6090  12705   3056   3788   8903   8622   5543   2838   3093   2727   2542   2602   2418  13375  26304      0      0  65535 
     0      0      0      0      0      0      0      0      0      0      0      0      0      0      0      0      0      0      0 
     0      0      0      0      0      0      0      0      0      0      0      0      0      0      0      0      0      0      0 
     0      0      0      0      0      0      0      0      0      0      0      0      0      0      0      0      0      0      0 
0 -1 -1
   255     16      0    152    255      0      0      0    255    118      0      0     15    194      0      0      3     38      0 
 28650   3581   2869  11502  20889   2648   2423   3059  11815   5830   2613   2545   3616   7997   2850   2730   8872   5234   3098 
 17236  13361     51    147   2869   2648   3581  20889  28650  11502   5830  11815   3059   3616   8872   7997   5234   2850   3098   2730   2545   2613   2423  13375  26304      1      0  65535 
     0      0      0      0      0      0      0      0      0      0      0      0      0      0      0      0      0      0      0 
     0      0      0      0      0      0      0      0      0      0      0      0      0      0      0      0      0      0      0 
     0      0      0      0      0      0      0      0      0      0      0      0      0      0      0      0      0      0      0 
0 -1 -1
   255     12      0    129    255      0      0      0    255     98      0      0      9    151      0      0      2     27      0 
 24951   3405   2875  10220  18335   2661   2430   3062  10297   5368   2631   2550   3389   6965   2869   2738   8813   4724   3102 
 17236  13361     51    147   2875   2661   3405  18335  24951  10220   5368  10297   3062   3389   8813   6965   4724   2869   3102   2738   2550   2631   2430  13375  26304      0      0  65535 
     0      0      0      0      0      0      0      0      0      0      0      0      0      0      0      0      0      0      0 
     0      0      0      0      0      0      0      0      0      0      0      0      0      0      0      0      0      0      0 
     0      0      0      0      0      0      0      0      0      0      0      0      0      0      0      0      0      0      0 
0 -1 -1
   254      7      0     92    255      0      0      0    185     67      0      0      3     88      0      0      1     11      0 
 19063   3185   2885   8176  14316   2680   2439   3064   8055   4638   2652   2556   3124   5458   2892   2748   8755   4015   3110 
 17236  13361     51    147   2885   2680   3185  14316  19063   8176   4638   8055   3064   3124   8755   5458   4015   2892   3110   2748   2556   2652   2439  13379  26303      0      0  65535 
     0      0      0      0      0      0      0      0      0      0      0      0      0      0      0      0      0      0      0 
     0      0      0      0      0      0      0      0      0      0      0      0      0      0      0      0      0      0      0 
     0      0      0      0      0      0      0      0      0      0      0      0      0      0      0      0      0      0      0 
0 -1 -1
   168      3      0     60    255      0      0      0    120     36      0      0      0     33      0      0      0      1      0 
 13582   3011   2889   6395  10517   2694   2445   3069   6329   3913   2671   2564   2994   4135   2910   2756   8717   3563   3116 
 17236  13361     51    147   2889   2694   3011  10517  13582   6395   3913   6329   3069   2994   8717   4135   3563   2910   3116   2756   2564   2671   2445  13379  26303      0      0  65535 
     0      0      0      0      0      0      0      0      0      0      0      0      0      0      0      0      0      0      0 
     0      0      0      0      0      0      0      0      0      0      0      0      0      0      0      0      0      0      0 
     0      0      0      0      0      0      0      0      0      0      0      0      0      0      0      0      0      0      0 
0 -1 -1
    82      0      0     29    139      0      0      0     55      8      0      0      0      1      0      0      0      0      0 
  8042   2913   2896   4648   6462   2705   2452   3075   4628   3270   2684   2568   2987   3385   2928   2764   8712   3495   3123 
 17236  13361     51    147   2896   2705   2913   6462   8042   4648   3270   4628   3075   2987   8712   3385   3495   2928   3123   2764   2568   2684   2452  13381  26305      0      0  65535 
     0      0      0      0      0      0      0      0      0      0      0      0      0      0      0      0      0      0      0 
     0      0      0      0      0      0      0      0      0      0      0      0      0      0      0      0      0      0      0 
     0      0      0      0      0      0      0      0      0      0      0      0      0      0      0      0      0      0      0 
0 -1 -1
     6      0      0      3      5      0      0      0      0      0      0      0      0      0      0      0      0      0      0 
  3182   2892   2899   3199   3095   2712   2456   3074   3175   3083   2692   2570   2991   3363   2940   2768   8722   3498   3124 
 17236  13361     51    147   2899   2712   2892   3095   3182   3199   3083   3175   3074   2991   8722   3363   3498   2940   3124   2768   2570   2692   2456  13385  26304      0      0  65535 
     0      0      0      0      0      0      0      0      0      0      0      0      0      0      0      0      0      0      0 
     0      0      0      0      0      0      0      0      0      0      0      0      0      0      0      0      0      0      0 
     0      0      0      0      0      0      0      0      0      0      0      0      0      0      0      0      0      0      0 
0 -1 -1
     0      0      0      0      0      0      0      0      0      0      0      0      0      0      0      0      0      0      0 
  2760   2888   2899   3060   2964   2714   2455   3074   3177   3082   2692   2570   2989   3362   2938   2767   8723   3497   3123 
 17236  13361     51    147   2899   2714   2888   2964   2760   3060   3082   3177   3074   2989   8723   3362   3497   2938   3123   2767   2570   2692   2455  13381  26304      0      0  65535 
     0      0      0      0      0      0      0      0      0      0      0      0      0      0      0      0      0      0      0 
     0      0      0      0      0      0      0      0      0      0      0      0      0      0      0      0      0      0      0 
     0      0      0      0      0      0      0      0      0      0      0      0      0      0      0      0      0      0      0 
0 -1 -1
     0      0      0      0      0      0      0      0      0      0      0      0      0      0      0      0      0      0      0 
  2758   2890   2899   3058   2960   2713   2455   3073   3174   3081   2692   2569   2988   3360   2938   2766   8723   3497   3123 
 17236  13361     51    147   2899   2713   2890   2960   2758   3058   3081   3174   3073   2988   8723   3360   3497   2938   3123   2766   2569   2692   2455  13381  26304      0      1  65535 
     0      0      0      0      0      0      0      0      0      0      0      0      0      0      0      0      0      0      0 
     0      0      0      0      0      0      0      0      0      0      0      0      0      0      0      0      0      0      0 
     0      0      0      0      0      0      0      0      0      0      0      0      0      0      0      0      0      0      0 
0 -1 -1
     0      0      0      0      0      0      0      0      0      0      0      0      0      0      0      0      0      0      0 
  2758   2889   2899   3056   2958   2712   2455   3072   3171   3082   2691   2568   2988   3359   2937   2767   8725   3496   3122 
 17236  13361     51    147   2899   2712   2889   2958   2758   3056   3082   3171   3072   2988   8725   3359   3496   2937   3122   2767   2568   2691   2455  13381  26304      0      0  65535 
     0      0      0      0      0      0      0      0      0      0      0      0      0      0      0      0      0      0      0 
     0      0      0      0      0      0      0      0      0      0      0      0      0      0      0      0      0      0      0 
     0      0      0      0      0      0      0      0      0      0      0      0      0      0      0      0      0      0      0 
0 -1 -1
     0      0      0      0      0      0      0      0      0      0      0      0      0      0      0      0      0      0      0 
  2758   2887   2899   3056   2956   2711   2456   3073   3170   3080   2691   2571   2987   3358   2937   2767   8719   3497   3123 
 17236  13361     51    147   2899   2711   2887   2956   2758   3056   3080   3170   3073   2987   8719   3358   3497   2937   3123   2767   2571   2691   2456  13381  26303      0      0  65535 
     0      0      0      0      0      0      0      0      0      0      0      0      0      0      0      0      0      0      0 
     0      0      0      0      0      0      0      0      0      0      0      0      0      0      0      0      0      0      0 
     0      0      0      0      0      0      0      0      0      0      0      0      0      0      0      0      0      0      0 
0 -1 -1
     0      0      0      0      0      0      0      0      0      0      0      0      0      0      0      0      0      0      0 
  2758   2886   2899   3054   2955   2713   2454   3072   3168   3079   2690   2570   2987   3358   2938   2766   8721   3495   3124 
 17236  13361     51    147   2899   2713   2886   2955   2758   3054   3079   3168   3072   2987   8721   3358   3495   2938   3124   2766   2570   2690   2454  13381  26303      0      0  65535 
     0      0      0      0      0      0      0      0      0      0      0      0      0      0      0      0      0      0      0 
     0      0      0      0      0      0      0      0      0      0      0      0      0      0      0      0      0      0      0 
     0      0      0      0      0      0      0      0      0      0      0      0      0      0      0      0      0      0      0 
0 -1 -1
     0      0      0      0      0      0      0      0      0      0      0      0      0      0      0      0      0      0      0 
  2760   2888   2898   3052   2954   2712   2456   3072   3166   3079   2690   2570   2989   3357   2938   2767   8734   3495   3123 
 17236  13361     51    147   2898   2712   2888   2954   2760   3052   3079   3166   3072   2989   8734   3357   3495   2938   3123   2767   2570   2690   2456  13381  26303      0      1  65535 
     0      0      0      0      0      0      0      0      0      0      0      0      0      0      0      0      0      0      0 
     0      0      0      0      0      0      0      0      0      0      0      0      0      0      0      0      0      0      0 
     0      0      0      0      0      0      0      0      0      0      0      0      0      0      0      0      0      0      0 
0 -1 -1
     0      0      0      0      0      0      0      0      0      0      0      0      0      0      0      0      1      0      0 
  2760   2887   2897   3052   2956   2712   2452   3071   3166   3077   2690   2570   2987   3356   2938   2767   8742   3495   3123 
 17236  13361     51    147   2897   2712   2887   2956   2760   3052   3077   3166   3071   2987   8742   3356   3495   2938   3123   2767   2570   2690   2452  13381  26303      0      0  65535 
     0      0      0      0      0      0      0      0      0      0      0      0      0      0      0      0      0      0      0 
     0      0      0      0      0      0      0      0      0      0      0      0      0      0      0      0      0      0      0 
     0      0      0      0      0      0      0      0      0      0      0      0      0      0      0      0      0      0      0 
0 -1 -1
     0      0      0      0      0      0      0      0      0      0      0      0      0      0      0      0      0      0      0 
  2763   2888   2898   3052   2955   2711   2454   3071   3166   3079   2690   2571   2986   3356   2938   2765   8736   3494   3122 
 17236  13361     51    147   2898   2711   2888   2955   2763   3052   3079   3166   3071   2986   8736   3356   3494   2938   3122   2765   2571   2690   2454  13380  26304      0      0  65535 
     0      0      0      0      0      0      0      0      0      0      0      0      0      0      0      0      0      0      0 
     0      0      0      0      0      0      0      0      0      0      0      0      0      0      0      0      0      0      0 
     0      0      0      0      0      0      0      0      0      0      0      0      0      0      0      0      0      0      0 
0 -1 -1
     0      0      0      0      0      0      0      0      0      0      0      0      0      0      0      0      0      0      0 
  2762   2888   2897   3052   2954   2711   2454   3071   3167   3077   2689   2570   2987   3355   2936   2766   8730   3494   3122 
 17236  13361     51    147   2897   2711   2888   2954   2762   3052   3077   3167   3071   2987   8730   3355   3494   2936   3122   2766   2570   2689   2454  13380  26303      0      0  65535 
     0      0      0      0      0      0      0      0      0      0      0      0      0      0      0      0      0      0      0 
     0      0      0      0      0      0      0      0      0      0      0      0      0      0      0      0      0      0      0 
     0      0      0      0      0      0      0      0      0      0      0      0      0      0      0      0      0      0      0 
0 -1 -1
     0      0      0      0      0      0      0      0      0      0      0      0      0      0      0      0      0      0      0 
  2763   2888   2897   3052   2956   2711   2454   3070   3164   3077   2690   2570   2985   3356   2938   2766   8726   3493   3122 
 17236  13361     51    147   2897   2711   2888   2956   2763   3052   3077   3164   3070   2985   8726   3356   3493   2938   3122   2766   2570   2690   2454  13380  26304      0      0  65535 
     0      0      0      0      0      0      0      0      0      0      0      0      0      0      0      0      0      0      0 
     0      0      0      0      0      0      0      0      0      0      0      0      0      0      0      0      0      0      0 
     0      0      0      0      0      0      0      0      0      0      0      0      0      0      0      0      0      0      0 
0 -1 -1
     0      0      0      0      0      0      0      0      0      0      0      0      0      0      0      0      0      0      0 
  2763   2887   2898   3051   2955   2710   2453   3071   3164   3078   2690   2568   2985   3354   2936   2766   8727   3494   3122 
 17236  13361     51    147   2898   2710   2887   2955   2763   3051   3078   3164   3071   2985   8727   3354   3494   2936   3122   2766   2568   2690   2453  13379  26304      0      0  65535 
     0      0      0      0      0      0      0      0      0      0      0      0      0      0      0      0      0      0      0 
     0      0      0      0      0      0      0      0      0      0      0      0      0      0      0      0      0      0      0 
     0      0      0      0      0      0      0      0      0      0      0      0      0      0      0      0      0      0      0 
0 -1 -1
     0      0      0      0      0      0      0      0      0      0      0      0      0      0      0      0      0      0      0 
  2763   2887   2897   3050   2954   2710   2451   3070   3165   3076   2690   2569   2984   3355   2935   2763   8731   3493   3122 
 17236  13361     51    147   2897   2710   2887   2954   2763   3050   3076   3165   3070   2984   8731   3355   3493   2935   3122   2763   2569   2690   2451  13379  26304      0      0  65535 
     0      0      0      0      0      0      0      0      0      0      0      0      0      0      0      0      0      0      0 
     0      0      0      0      0      0      0      0      0      0      0      0      0      0      0      0      0      0      0 
     0      0      0      0      0      0      0      0      0      0      0      0      0      0      0      0      0      0      0 
0 -1 -1
     0      0      0      0      0      0      0      0      0      0      0      0      0      0      0      0      0      0      0 
  2764   2887   2897   3050   2954   2710   2453   3070   3162   3077   2689   2567   2984   3354   2935   2764   8729   3492   3121 
 17236  13361     51    147   2897   2710   2887   2954   2764   3050   3077   3162   3070   2984   8729   3354   3492   2935   3121   2764   2567   2689   2453  13377  26304      1      0  65535 
     0      0      0      0      0      0      0      0      0      0      0      0      0      0      0      0      0      0      0 
     0      0      0      0      0      0      0      0      0      0      0      0      0      0      0      0      0      0      0 
     0      0      0      0      0      0      0      0      0      0      0      0      0      0      0      0      0      0      0 
0 -1 -1
     0      0      0      0      0      0      0      0      0      0      0      0      0      0      0      0      0      0      0 
  2764   2887   2898   3049   2954   2709   2452   3071   3163   3076   2687   2568   2985   3354   2935   2765   8722   3492   3121 
 17236  13361     51    147   2898   2709   2887   2954   2764   3049   3076   3163   3071   2985   8722   3354   3492   2935   3121   2765   2568   2687   2452  13374  26303      0      0  65535 
     0      0      0      0      0      0      0      0      0      0      0      0      0      0      0      0      0      0      0 
     0      0      0      0      0      0      0      0      0      0      0      0      0      0      0      0      0      0      0 
     0      0      0      0      0      0      0      0      0      0      0      0      0      0      0      0      0      0      0 
0 -1 -1
     0      0      0      0      0      0      0      0      0      0      0      0      0      0      0      0      0      0      0 
  2766   2886   2897   3049   2955   2711   2454   3071   3163   3076   2688   2568   2985   3353   2935   2764   8720   3492   3121 
 17236  13361     51    147   2897   2711   2886   2955   2766   3049   3076   3163   3071   2985   8720   3353   3492   2935   3121   2764   2568   2688   2454  13373  26303      0      0  65535 
     0      0      0      0      0      0      0      0      0      0      0      0      0      0      0      0      0      0      0 
     0      0      0      0      0      0      0      0      0      0      0      0      0      0      0      0      0      0      0 
     0      0      0      0      0      0      0      0      0      0      0      0      0      0      0      0      0      0      0 
0 -1 -1
     0      0      0      0      0      0      0      0      0      0      0      0      0      0      0      0      0      0      0 
  2764   2887   2898   3049   2953   2709   2453   3070   3161   3074   2689   2567   2986   3353   2934   2763   8736   3493   3121 
 17236  13361     51    147   2898   2709   2887   2953   2764   3049   3074   3161   3070   2986   8736   3353   3493   2934   3121   2763   2567   2689   2453  13372  26304      0      0  65535 
     0      0      0      0      0      0      0      0      0      0      0      0      0      0      0      0      0      0      0 
     0      0      0      0      0      0      0      0      0      0      0      0      0      0      0      0      0      0      0 
     0      0      0      0      0      0      0      0      0      0      0      0      0      0      0      0      0      0      0 
0 -1 -1
