     0      0      0      0      0      0      0      0      0      0     45    255      0      2    255     35      0    255      0 
  3588   3709   3650   3863   3795   3493   3192   3906   3960   3919   6387  13133   3827   4309  18988   5439   8953  22510   4005 
 17236  13361     51    153   3650   3493   3709   3795   3588   3863   3919   3960   3906   3827   8953   4309  22510  18988   4005   5439  13133   6387   3192  13285  26304      0      0  65535 
     0      0      0      0      0      0      0      0      0      0      0      0      0      0      0      0      0      0      0 
     0      0      0      0      0      0      0      0      0      0      0      0      0      0      0      0      0      0      0 
     0      0      0      0      0      0      0      0      0      0      0      0      0      0      0      0      0      0      0 
0 -1 -1
     0      0      0      0      0      0      0      0      0      0     38    255      0      2    255     41      0    255      0 
  3588   3709   3649   3861   3794   3491   3194   3907   3957   3915   6204  13733   3827   4312  19067   5762   8948  23480   4008 
 17236  13361     51    153   3649   3491   3709   3794   3588   3861   3915   3957   3907   3827   8948   4312  23480  19067   4008   5762  13733   6204   3194  13285  26304      0      0  65535 
     0      0      0      0      0      0      0      0      0      0      0      0      0      0      0      0      0      0      0 
     0      0      0      0      0      0      0      0      0      0      0      0      0      0      0      0      0      0      0 
     0      0      0      0      0      0      0      0      0      0      0      0      0      0      0      0      0      0      0 
0 -1 -1
     0      0      0      0      0      0      0      0      0      0     45    255      0      2    255     43      0    255      0 
  3587   3707   3649   3861   3791   3488   3192   3906   3953   3913   6397  14183   3825   4320  19797   5872   8954  24467   4008 
 17236  13361     51    153   3649   3488   3707   3791   3587   3861   3913   3953   3906   3825   8954   4320  24467  19797   4008   5872  14183   6397   3192  13286  26304      0      0  65535 
     0      0      0      0      0      0      0      0      0      0      0      0      0      0      0      0      0      0      0 
     0      0      0      0      0      0      0      0      0      0      0      0      0      0      0      0      0      0      0 
     0      0      0      0      0      0      0      0      0      0      0      0      0      0      0      0      0      0      0 
0 -1 -1
     0      0      0      0      0      0      0      0      0      0     47    255      0      3    255     47      0    255      0 
  3585   3707   3648   3862   3788   3485   3189   3905   3950   3909   6460  14767   3821   4324  20199   6054   8952  25186   4012 
 17236  13361     51    153   3648   3485   3707   3788   3585   3862   3909   3950   3905   3821   8952   4324  25186  20199   4012   6054  14767   6460   3189  13286  26303      0      0  65535 
     0      0      0      0      0      0      0      0      0      0      0      0      0      0      0      0      0      0      0 
     0      0      0      0      0      0      0      0      0      0      0      0      0      0      0      0      0      0      0 
     0      0      0      0      0      0      0      0      0      0      0      0      0      0      0      0      0      0      0 
0 -1 -1
     0      0      0      0      0      0      0      0      0      0     53    255      0      3    255     51      0    255      1 
  3584   3706   3645   3858   3786   3480   3190   3903   3949   3905   6614  15601   3821   4322  20683   6271   8955  25865   4016 
 17236  13361     51    153   3645   3480   3706   3786   3584   3858   3905   3949   3903   3821   8955   4322  25865  20683   4016   6271  15601   6614   3190  13286  26303      0      0  65535 
     0      0      0      0      0      0      0      0      0      0      0      0      0      0      0      0      0      0      0 
     0      0      0      0      0      0      0      0      0      0      0      0      0      0      0      0      0      0      0 
     0      0      0      0      0      0      0      0      0      0      0      0      0      0      0      0      0      0      0 
0 -1 -1
     0      0      0      0      0      0      0      0      0      0     57    255      0      3    255     54      0    255      1 
  3584   3704   3644   3857   3783   3477   3187   3902   3945   3903   6730  16216   3820   4325  21130   6413   8956  26496   4018 
 17236  13361     51    153   3644   3477   3704   3783   3584   3857   3903   3945   3902   3820   8956   4325  26496  21130   4018   6413  16216   6730   3187  13286  26303      0      0  65535 
     0      0      0      0      0      0      0      0      0      0      0      0      0      0      0      0      0      0      0 
     0      0      0      0      0      0      0      0      0      0      0      0      0      0      0      0      0      0      0 
     0      0      0      0      0      0      0      0      0      0      0      0      0      0      0      0      0      0      0 
0 -1 -1
     0      0      0      0      0      0      0      0      0      0     67    255      0      3    255     57      0    255      1 
  3583   3703   3642   3855   3780   3474   3186   3898   3940   3901   7000  17011   3816   4334  22112   6579   8941  27692   4020 
 17236  13361     51    153   3642   3474   3703   3780   3583   3855   3901   3940   3898   3816   8941   4334  27692  22112   4020   6579  17011   7000   3186  13287  26305      0      0  65535 
     0      0      0      0      0      0      0      0      0      0      0      0      0      0      0      0      0      0      0 
     0      0      0      0      0      0      0      0      0      0      0      0      0      0      0      0      0      0      0 
     0      0      0      0      0      0      0      0      0      0      0      0      0      0      0      0      0      0      0 
0 -1 -1
     0      0      0      0      0      0      0      0      0      0     78    255      0      4    255     58      0    255      1 
  3581   3700   3641   3855   3775   3468   3182   3899   3935   3899   7297  17635   3814   4347  23204   6635   8945  28862   4023 
 17236  13361     51    153   3641   3468   3700   3775   3581   3855   3899   3935   3899   3814   8945   4347  28862  23204   4023   6635  17635   7297   3182  13287  26305      0      0  65535 
     0      0      0      0      0      0      0      0      0      0      0      0      0      0      0      0      0      0      0 
     0      0      0      0      0      0      0      0      0      0      0      0      0      0      0      0      0      0      0 
     0      0      0      0      0      0      0      0      0      0      0      0      0      0      0      0      0      0      0 
0 -1 -1
     0      0      0      0      0      0      0      0      0      0     82    255      0      4    255     61      0    255      1 
  3580   3700   3640   3854   3770   3464   3181   3896   3932   3893   7398  18233   3810   4352  23912   6800   8944  30097   4024 
 17236  13361     51    153   3640   3464   3700   3770   3580   3854   3893   3932   3896   3810   8944   4352  30097  23912   4024   6800  18233   7398   3181  13286  26305      0      0  65535 
     0      0      0      0      0      0      0      0      0      0      0      0      0      0      0      0      0      0      0 
     0      0      0      0      0      0      0      0      0      0      0      0      0      0      0      0      0      0      0 
     0      0      0      0      0      0      0      0      0      0      0      0      0      0      0      0      0      0      0 
0 -1 -1
     0      0      0      0      0      0      0      0      0      0     79    255      0      4    255     62      0    255      1 
  3581   3699   3638   3853   3768   3463   3181   3896   3928   3894   7323  18299   3810   4357  24093   6847   8936  30779   4027 
 17236  13361     51    153   3638   3463   3699   3768   3581   3853   3894   3928   3896   3810   8936   4357  30779  24093   4027   6847  18299   7323   3181  13286  26305      0      0  65535 
     0      0      0      0      0      0      0      0      0      0      0      0      0      0      0      0      0      0      0 
     0      0      0      0      0      0      0      0      0      0      0      0      0      0      0      0      0      0      0 
     0      0      0      0      0      0      0      0      0      0      0      0      0      0      0      0      0      0      0 
0 -1 -1
     0      0      0      0      0      0      0      0      0      0     79    255      0      4    255     64      0    255      1 
  3581   3699   3638   3852   3769   3462   3178   3893   3927   3893   7309  18484   3808   4362  24460   6938   8924  31746   4031 
 17236  13361     51    153   3638   3462   3699   3769   3581   3852   3893   3927   3893   3808   8924   4362  31746  24460   4031   6938  18484   7309   3178  13287  26304      0      0  65535 
     0      0      0      0      0      0      0      0      0      0      0      0      0      0      0      0      0      0      0 
     0      0      0      0      0      0      0      0      0      0      0      0      0      0      0      0      0      0      0 
     0      0      0      0      0      0      0      0      0      0      0      0      0      0      0      0      0      0      0 
0 -1 -1
     0      0      0      0      0      0      0      0      0      0     73    255      0      4    255     66      0    255      1 
  3580   3698   3639   3851   3767   3460   3179   3893   3925   3889   7166  18623   3807   4365  24537   7068   8928  32609   4036 
 17236  13361     51    153   3639   3460   3698   3767   3580   3851   3889   3925   3893   3807   8928   4365  32609  24537   4036   7068  18623   7166   3179  13279  26304      0      0  65535 
     0      0      0      0      0      0      0      0      0      0      0      0      0      0      0      0      0      0      0 
     0      0      0      0      0      0      0      0      0      0      0      0      0      0      0      0      0      0      0 
     0      0      0      0      0      0      0      0      0      0      0      0      0      0      0      0      0      0      0 
0 -1 -1
     0      0      0      0      0      0      0      0      0      0     68    255      0      4    255     67      0    255      1 
  3580   3697   3638   3852   3767   3460   3177   3892   3926   3888   7007  18374   3805   4367  24398   7082   8934  32766   4038 
 17236  13361     51    153   3638   3460   3697   3767   3580   3852   3888   3926   3892   3805   8934   4367  32766  24398   4038   7082  18374   7007   3177  13276  26304      0      0  65535 
     0      0      0      0      0      0      0      0      0      0      0      0      0      0      0      0      0      0      0 
     0      0      0      0      0      0      0      0      0      0      0      0      0      0      0      0      0      0      0 
     0      0      0      0      0      0      0      0      0      0      0      0      0      0      0      0      0      0      0 
0 -1 -1
     0      0      0      0      0      0      0      0      0      0     66    255      0      5    255     65      0    255      1 
  3579   3697   3639   3852   3768   3460   3179   3891   3927   3892   6959  18039   3806   4371  24369   7006   8926  32766   4038 
 17236  13361     51    153   3639   3460   3697   3768   3579   3852   3892   3927   3891   3806   8926   4371  32766  24369   4038   7006  18039   6959   3179  13276  26304      1      0  65535 
     0      0      0      0      0      0      0      0      0      0      0      0      0      0      0      0      0      0      0 
     0      0      0      0      0      0      0      0      0      0      0      0      0      0      0      0      0      0      0 
     0      0      0      0      0      0      0      0      0      0      0      0      0      0      0      0      0      0      0 
0 -1 -1
     0      0      0      0      0      0      0      0      0      0     64    255      0      5    255     64      0    255      1 
  3579   3699   3639   3851   3768   3461   3180   3892   3923   3892   6921  17804   3806   4370  24239   6957   8926  32766   4039 
 17236  13361     51    153   3639   3461   3699   3768   3579   3851   3892   3923   3892   3806   8926   4370  32766  24239   4039   6957  17804   6921   3180  13277  26305      0      0  65535 
     0      0      0      0      0      0      0      0      0      0      0      0      0      0      0      0      0      0      0 
     0      0      0      0      0      0      0      0      0      0      0      0      0      0      0      0      0      0      0 
     0      0      0      0      0      0      0      0      0      0      0      0      0      0      0      0      0      0      0 
0 -1 -1
     0      0      0      0      0      0      0      0      0      0     62    255      0      5    255     64      0    255      1 
  3581   3698   3640   3852   3768   3464   3179   3894   3925   3891   6858  17661   3808   4371  24122   6941   8919  32766   4039 
 17236  13361     51    153   3640   3464   3698   3768   3581   3852   3891   3925   3894   3808   8919   4371  32766  24122   4039   6941  17661   6858   3179  13279  26304      0      0  65535 
     0      0      0      0      0      0      0      0      0      0      0      0      0      0      0      0      0      0      0 
     0      0      0      0      0      0      0      0      0      0      0      0      0      0      0      0      0      0      0 
     0      0      0      0      0      0      0      0      0      0      0      0      0      0      0      0      0      0      0 
0 -1 -1
     0      0      0      0      0      0      0      0      0      0     58    255      0      5    255     63      0    255      1 
  3580   3700   3639   3852   3770   3463   3182   3893   3927   3894   6744  17302   3807   4372  23859   6874   8926  32766   4040 
 17236  13361     51    153   3639   3463   3700   3770   3580   3852   3894   3927   3893   3807   8926   4372  32766  23859   4040   6874  17302   6744   3182  13278  26304      0      0  65535 
     0      0      0      0      0      0      0      0      0      0      0      0      0      0      0      0      0      0      0 
     0      0      0      0      0      0      0      0      0      0      0      0      0      0      0      0      0      0      0 
     0      0      0      0      0      0      0      0      0      0      0      0      0      0      0      0      0      0      0 
0 -1 -1
     0      0      0      0      0      0      0      0      0      0     57    255      0      5    255     62      0    255      1 
  3581   3699   3640   3852   3769   3463   3182   3893   3925   3895   6722  17158   3806   4373  23885   6862   8927  32766   4042 
 17236  13361     51    153   3640   3463   3699   3769   3581   3852   3895   3925   3893   3806   8927   4373  32766  23885   4042   6862  17158   6722   3182  13277  26304      0      0  65535 
     0      0      0      0      0      0      0      0      0      0      0      0      0      0      0      0      0      0      0 
     0      0      0      0      0      0      0      0      0      0      0      0      0      0      0      0      0      0      0 
     0      0      0      0      0      0      0      0      0      0      0      0      0      0      0      0      0      0      0 
0 -1 -1
     0      0      0      0      0      0      0      0      0      0     53    255      0      5    255     62      0    255      1 
  3581   3699   3640   3851   3770   3465   3183   3894   3927   3894   6603  16958   3806   4370  23571   6865   8926  32766   4042 
 17236  13361     51    153   3640   3465   3699   3770   3581   3851   3894   3927   3894   3806   8926   4370  32766  23571   4042   6865  16958   6603   3183  13277  26304      0      0  65535 
     0      0      0      0      0      0      0      0      0      0      0      0      0      0      0      0      0      0      0 
     0      0      0      0      0      0      0      0      0      0      0      0      0      0      0      0      0      0      0 
     0      0      0      0      0      0      0      0      0      0      0      0      0      0      0      0      0      0      0 
0 -1 -1
     0      0      0      0      0      0      0      0      0      0     43    255      0      4    255     56      0    255      1 
  3583   3701   3642   3853   3776   3471   3184   3896   3933   3901   6344  15968   3812   4361  22196   6554   8925  31596   4037 
 17236  13361     51    153   3642   3471   3701   3776   3583   3853   3901   3933   3896   3812   8925   4361  31596  22196   4037   6554  15968   6344   3184  13278  26304      0      0  65535 
     0      0      0      0      0      0      0      0      0      0      0      0      0      0      0      0      0      0      0 
     0      0      0      0      0      0      0      0      0      0      0      0      0      0      0      0      0      0      0 
     0      0      0      0      0      0      0      0      0      0      0      0      0      0      0      0      0      0      0 
0 -1 -1
     0      0      0      0      0      0      0      0      0      0     22    255      0      3    255     50      0    255      1 
  3584   3706   3644   3857   3787   3484   3191   3901   3950   3916   5766  14734   3822   4337  19362   6199   8940  27437   4029 
 17236  13361     51    153   3644   3484   3706   3787   3584   3857   3916   3950   3901   3822   8940   4337  27437  19362   4029   6199  14734   5766   3191  13278  26304      0      0  65535 
     0      0      0      0      0      0      0      0      0      0      0      0      0      0      0      0      0      0      0 
     0      0      0      0      0      0      0      0      0      0      0      0      0      0      0      0      0      0      0 
     0      0      0      0      0      0      0      0      0      0      0      0      0      0      0      0      0      0      0 
0 -1 -1
     0      0      0      0      0      0      0      0      0      0      5    255      0      3    255     40      0    255      1 
  3588   3709   3650   3862   3797   3497   3196   3906   3963   3927   5314  13222   3829   4325  17131   5686   8955  23907   4018 
 17236  13361     51    153   3650   3497   3709   3797   3588   3862   3927   3963   3906   3829   8955   4325  23907  17131   4018   5686  13222   5314   3196  13279  26303      0      0  65535 
     0      0      0      0      0      0      0      0      0      0      0      0      0      0      0      0      0      0      0 
     0      0      0      0      0      0      0      0      0      0      0      0      0      0      0      0      0      0      0 
     0      0      0      0      0      0      0      0      0      0      0      0      0      0      0      0      0      0      0 
0 -1 -1
     0      0      0      0      0      0      0      0      0      0      0    228      0      2    255     28      0    255      0 
  3589   3713   3653   3866   3806   3507   3198   3909   3973   3937   4904  11353   3835   4320  15311   5060   8954  21125   4006 
 17236  13361     51    153   3653   3507   3713   3806   3589   3866   3937   3973   3909   3835   8954   4320  21125  15311   4006   5060  11353   4904   3198  13279  26303      0      0  65535 
     0      0      0      0      0      0      0      0      0      0      0      0      0      0      0      0      0      0      0 
     0      0      0      0      0      0      0      0      0      0      0      0      0      0      0      0      0      0      0 
     0      0      0      0      0      0      0      0      0      0      0      0      0      0      0      0      0      0      0 
0 -1 -1
     0      0      0      0      0      0      0      0      0      0      0    179      0      2    255     18      0    255      0 
  3590   3716   3656   3868   3816   3515   3201   3913   3980   3947   4471   9716   3840   4311  13537   4557   8950  18624   4000 
 17236  13361     51    153   3656   3515   3716   3816   3590   3868   3947   3980   3913   3840   8950   4311  18624  13537   4000   4557   9716   4471   3201  13280  26305      0      0  65535 
     0      0      0      0      0      0      0      0      0      0      0      0      0      0      0      0      0      0      0 
     0      0      0      0      0      0      0      0      0      0      0      0      0      0      0      0      0      0      0 
     0      0      0      0      0      0      0      0      0      0      0      0      0      0      0      0      0      0      0 
0 -1 -1
     0      0      0      0      0      0      0      0      0      0      0    147      0      2    249     12      0    243      0 
  3591   3719   3659   3869   3822   3521   3205   3916   3989   3954   4098   8609   3845   4301  11934   4267   8956  16557   3995 
 17236  13361     51    153   3659   3521   3719   3822   3591   3869   3954   3989   3916   3845   8956   4301  16557  11934   3995   4267   8609   4098   3205  13282  26304      0      0  65535 
     0      0      0      0      0      0      0      0      0      0      0      0      0      0      0      0      0      0      0 
     0      0      0      0      0      0      0      0      0      0      0      0      0      0      0      0      0      0      0 
     0      0      0      0      0      0      0      0      0      0      0      0      0      0      0      0      0      0      0 
0 -1 -1
     0      0      0      0      0      0      0      0      0      0      0     92      0      1    164      4      0    166      0 
  3593   3722   3660   3873   3828   3530   3209   3919   3999   3961   3922   6754   3852   4288   9810   3820   8958  13006   3986 
 17236  13361     51    153   3660   3530   3722   3828   3593   3873   3961   3999   3919   3852   8958   4288  13006   9810   3986   3820   6754   3922   3209  13282  26304      0      0  65535 
     0      0      0      0      0      0      0      0      0      0      0      0      0      0      0      0      0      0      0 
     0      0      0      0      0      0      0      0      0      0      0      0      0      0      0      0      0      0      0 
     0      0      0      0      0      0      0      0      0      0      0      0      0      0      0      0      0      0      0 
0 -1 -1
     0      0      0      0      0      0      0      0      0      0      0     13      0      0     59      0      0     43      0 
  3594   3725   3664   3876   3838   3542   3212   3925   4012   3972   4110   4060   3861   4266   7198   3619   8967   7335   3981 
 17236  13361     51    153   3664   3542   3725   3838   3594   3876   3972   4012   3925   3861   8967   4266   7335   7198   3981   3619   4060   4110   3212  13282  26304      0      0  65535 
     0      0      0      0      0      0      0      0      0      0      0      0      0      0      0      0      0      0      0 
     0      0      0      0      0      0      0      0      0      0      0      0      0      0      0      0      0      0      0 
     0      0      0      0      0      0      0      0      0      0      0      0      0      0      0      0      0      0      0 
0 -1 -1
     0      0      0      0      0      0      0      0      0      0      0      0      0      0      0      0      0      0      0 
  3598   3728   3668   3880   3849   3550   3219   3929   4023   3975   3563   3357   3866   4261   4061   3623   8960   4511   3980 
 17236  13361     51    153   3668   3550   3728   3849   3598   3880   3975   4023   3929   3866   8960   4261   4511   4061   3980   3623   3357   3563   3219  13282  26304      0      0  65535 
     0      0      0      0      0      0      0      0      0      0      0      0      0      0      0      0      0      0      0 
     0      0      0      0      0      0      0      0      0      0      0      0      0      0      0      0      0      0      0 
     0      0      0      0      0      0      0      0      0      0      0      0      0      0      0      0      0      0      0 
0 -1 -1
     0      0      0      0      0      0      0      0      0      0      0      0      0      0      0      0      0      0      0 
  3597   3729   3669   3880   3851   3550   3219   3928   4024   3974   3553   3357   3866   4260   3840   3623   8970   4418   3980 
 17236  13361     51    153   3669   3550   3729   3851   3597   3880   3974   4024   3928   3866   8970   4260   4418   3840   3980   3623   3357   3553   3219  13282  26303      0      0  65535 
     0      0      0      0      0      0      0      0      0      0      0      0      0      0      0      0      0      0      0 
     0      0      0      0      0      0      0      0      0      0      0      0      0      0      0      0      0      0      0 
     0      0      0      0      0      0      0      0      0      0      0      0      0      0      0      0      0      0      0 
0 -1 -1
     0      0      0      0      0      0      0      0      0      0      0      0      0      0      0      0      0      0      0 
  3596   3729   3668   3879   3848   3550   3219   3928   4024   3974   3553   3354   3867   4260   3837   3621   8963   4415   3978 
 17236  13361     51    153   3668   3550   3729   3848   3596   3879   3974   4024   3928   3867   8963   4260   4415   3837   3978   3621   3354   3553   3219  13285  26304      0      0  65535 
     0      0      0      0      0      0      0      0      0      0      0      0      0      0      0      0      0      0      0 
     0      0      0      0      0      0      0      0      0      0      0      0      0      0      0      0      0      0      0 
     0      0      0      0      0      0      0      0      0      0      0      0      0      0      0      0      0      0      0 
0 -1 -1
     0      0      0      0      0      0      0      0      0      0      0      0      0      0      0      0      0      0      0 
  3597   3730   3669   3881   3850   3549   3219   3928   4024   3973   3552   3354   3867   4260   3833   3622   8968   4413   3978 
 17236  13361     51    153   3669   3549   3730   3850   3597   3881   3973   4024   3928   3867   8968   4260   4413   3833   3978   3622   3354   3552   3219  13285  26304      0      0  65535 
     0      0      0      0      0      0      0      0      0      0      0      0      0      0      0      0      0      0      0 
     0      0      0      0      0      0      0      0      0      0      0      0      0      0      0      0      0      0      0 
     0      0      0      0      0      0      0      0      0      0      0      0      0      0      0      0      0      0      0 
0 -1 -1
     0      0      0      0      0      0      0      0      0      0      0      0      0      0      0      0      0      0      0 
  3597   3729   3668   3879   3849   3549   3217   3927   4024   3973   3553   3353   3867   4258   3833   3621   8970   4411   3977 
 17236  13361     51    153   3668   3549   3729   3849   3597   3879   3973   4024   3927   3867   8970   4258   4411   3833   3977   3621   3353   3553   3217  13285  26304      0      0  65535 
     0      0      0      0      0      0      0      0      0      0      0      0      0      0      0      0      0      0      0 
     0      0      0      0      0      0      0      0      0      0      0      0      0      0      0      0      0      0      0 
     0      0      0      0      0      0      0      0      0      0      0      0      0      0      0      0      0      0      0 
0 -1 -1
     0      0      0      0      0      0      0      0      0      0      0      0      0      0      0      0      0      0      0 
  3597   3731   3668   3879   3850   3550   3218   3929   4024   3971   3552   3354   3867   4259   3830   3620   8965   4410   3978 
 17236  13361     51    153   3668   3550   3731   3850   3597   3879   3971   4024   3929   3867   8965   4259   4410   3830   3978   3620   3354   3552   3218  13285  26305      0      0  65535 
     0      0      0      0      0      0      0      0      0      0      0      0      0      0      0      0      0      0      0 
     0      0      0      0      0      0      0      0      0      0      0      0      0      0      0      0      0      0      0 
     0      0      0      0      0      0      0      0      0      0      0      0      0      0      0      0      0      0      0 
0 -1 -1
     0      0      0      0      0      0      0      0      0      0      0      0      0      0      0      0      0      0      0 
  3597   3730   3668   3879   3848   3548   3218   3927   4023   3971   3549   3356   3867   4260   3831   3621   8967   4410   3979 
 17236  13361     51    153   3668   3548   3730   3848   3597   3879   3971   4023   3927   3867   8967   4260   4410   3831   3979   3621   3356   3549   3218  13286  26303      0      0  65535 
     0      0      0      0      0      0      0      0      0      0      0      0      0      0      0      0      0      0      0 
     0      0      0      0      0      0      0      0      0      0      0      0      0      0      0      0      0      0      0 
     0      0      0      0      0      0      0      0      0      0      0      0      0      0      0      0      0      0      0 
0 -1 -1
     0      0      0      0      0      0      0      0      0      0      0      0      0      0      0      0      0      0      0 
  3597   3727   3668   3879   3848   3548   3218   3928   4022   3971   3551   3355   3866   4259   3829   3619   8967   4410   3978 
 17236  13361     51    153   3668   3548   3727   3848   3597   3879   3971   4022   3928   3866   8967   4259   4410   3829   3978   3619   3355   3551   3218  13286  26305      0      0  65535 
     0      0      0      0      0      0      0      0      0      0      0      0      0      0      0      0      0      0      0 
     0      0      0      0      0      0      0      0      0      0      0      0      0      0      0      0      0      0      0 
     0      0      0      0      0      0      0      0      0      0      0      0      0      0      0      0      0      0      0 
0 -1 -1
     0      0      0      0      0      0      0      0      0      0      0      0      0      0      0      0      0      0      0 
  3597   3728   3666   3877   3849   3548   3218   3927   4022   3971   3550   3354   3866   4258   3830   3620   8972   4411   3977 
 17236  13361     51    153   3666   3548   3728   3849   3597   3877   3971   4022   3927   3866   8972   4258   4411   3830   3977   3620   3354   3550   3218  13286  26304      0      0  65535 
     0      0      0      0      0      0      0      0      0      0      0      0      0      0      0      0      0      0      0 
     0      0      0      0      0      0      0      0      0      0      0      0      0      0      0      0      0      0      0 
     0      0      0      0      0      0      0      0      0      0      0      0      0      0      0      0      0      0      0 
0 -1 -1
     0      0      0      0      0      0      0      0      0      0      0      0      0      0      0      0      0      0      0 
  3597   3726   3668   3879   3849   3548   3218   3928   4022   3971   3550   3356   3867   4257   3830   3619   8972   4411   3976 
 17236  13361     51    153   3668   3548   3726   3849   3597   3879   3971   4022   3928   3867   8972   4257   4411   3830   3976   3619   3356   3550   3218  13282  26304      0      0  65535 
     0      0      0      0      0      0      0      0      0      0      0      0      0      0      0      0      0      0      0 
     0      0      0      0      0      0      0      0      0      0      0      0      0      0      0      0      0      0      0 
     0      0      0      0      0      0      0      0      0      0      0      0      0      0      0      0      0      0      0 
0 -1 -1
     0      0      0      0      0      0      0      0      0      0      0      0      0      0      0      0      0      0      0 
  3598   3728   3667   3879   3847   3549   3217   3928   4023   3972   3550   3355   3863   4257   3829   3619   8966   4410   3978 
 17236  13361     51    153   3667   3549   3728   3847   3598   3879   3972   4023   3928   3863   8966   4257   4410   3829   3978   3619   3355   3550   3217  13279  26305      0      0  65535 
     0      0      0      0      0      0      0      0      0      0      0      0      0      0      0      0      0      0      0 
     0      0      0      0      0      0      0      0      0      0      0      0      0      0      0      0      0      0      0 
     0      0      0      0      0      0      0      0      0      0      0      0      0      0      0      0      0      0      0 
0 -1 -1
     0      0      0      0      0      0      0      0      0      0      0      0      0      0      0      0      0      0      0 
  3595   3728   3667   3877   3847   3548   3217   3926   4022   3971   3550   3356   3866   4258   3829   3619   8955   4411   3976 
 17236  13361     51    153   3667   3548   3728   3847   3595   3877   3971   4022   3926   3866   8955   4258   4411   3829   3976   3619   3356   3550   3217  13278  26305      0      0  65535 
     0      0      0      0      0      0      0      0      0      0      0      0      0      0      0      0      0      0      0 
     0      0      0      0      0      0      0      0      0      0      0      0      0      0      0      0      0      0      0 
     0      0      0      0      0      0      0      0      0      0      0      0      0      0      0      0      0      0      0 
0 -1 -1
     0      0      0      0      0      0      0      0      0      0      0      0      0      0      0      0      0      0      0 
  3596   3729   3667   3879   3847   3549   3218   3925   4022   3972   3550   3358   3864   4257   3830   3618   8965   4410   3976 
 17236  13361     51    153   3667   3549   3729   3847   3596   3879   3972   4022   3925   3864   8965   4257   4410   3830   3976   3618   3358   3550   3218  13279  26304      0      0  65535 
     0      0      0      0      0      0      0      0      0      0      0      0      0      0      0      0      0      0      0 
     0      0      0      0      0      0      0      0      0      0      0      0      0      0      0      0      0      0      0 
     0      0      0      0      0      0      0      0      0      0      0      0      0      0      0      0      0      0      0 
0 -1 -1
     0      0      0      0      0      0      0      0      0      0      0      0      0      0      0      0      0      0      0 
  3597   3728   3666   3879   3848   3548   3217   3928   4021   3970   3550   3355   3865   4256   3830   3618   8974   4410   3977 
 17236  13361     51    153   3666   3548   3728   3848   3597   3879   3970   4021   3928   3865   8974   4256   4410   3830   3977   3618   3355   3550   3217  13281  26304      0      0  65535 
     0      0      0      0      0      0      0      0      0      0      0      0      0      0      0      0      0      0      0 
     0      0      0      0      0      0      0      0      0      0      0      0      0      0      0      0      0      0      0 
     0      0      0      0      0      0      0      0      0      0      0      0      0      0      0      0      0      0      0 
0 -1 -1
     0      0      0      0      0      0      0      0      0      0      0      0      0      0      0      0      0      0      0 
  3597   3727   3667   3878   3848   3547   3216   3927   4021   3972   3549   3358   3865   4257   3830   3619   8966   4410   3976 
 17236  13361     51    153   3667   3547   3727   3848   3597   3878   3972   4021   3927   3865   8966   4257   4410   3830   3976   3619   3358   3549   3216  13281  26304      1      0  65535 
     0      0      0      0      0      0      0      0      0      0      0      0      0      0      0      0      0      0      0 
     0      0      0      0      0      0      0      0      0      0      0      0      0      0      0      0      0      0      0 
     0      0      0      0      0      0      0      0      0      0      0      0      0      0      0      0      0      0      0 
0 -1 -1
     0      0      0      0      0      0      0      0      0      0      0      0      0      0      0      0      0      0      0 
  3596   3727   3666   3876   3848   3547   3217   3927   4021   3971   3549   3356   3862   4256   3829   3618   8966   4411   3976 
 17236  13361     51    153   3666   3547   3727   3848   3596   3876   3971   4021   3927   3862   8966   4256   4411   3829   3976   3618   3356   3549   3217  13281  26304      0      0  65535 
     0      0      0      0      0      0      0      0      0      0      0      0      0      0      0      0      0      0      0 
     0      0      0      0      0      0      0      0      0      0      0      0      0      0      0      0      0      0      0 
     0      0      0      0      0      0      0      0      0      0      0      0      0      0      0      0      0      0      0 
0 -1 -1
     0      0      0      0      0      0      0      0      0      0      0      0      0      0      0      0      0      0      0 
  3595   3728   3666   3877   3846   3546   3217   3926   4021   3970   3549   3358   3865   4256   3829   3617   8964   4412   3977 
 17236  13361     51    153   3666   3546   3728   3846   3595   3877   3970   4021   3926   3865   8964   4256   4412   3829   3977   3617   3358   3549   3217  13280  26304      0      0  65535 
     0      0      0      0      0      0      0      0      0      0      0      0      0      0      0      0      0      0      0 
     0      0      0      0      0      0      0      0      0      0      0      0      0      0      0      0      0      0      0 
     0      0      0      0      0      0      0      0      0      0      0      0      0      0      0      0      0      0      0 
0 -1 -1
     0      0      0      0      0      0      0      0      0      0      0      0      0      0      0      0      0      0      0 
  3596   3727   3665   3878   3848   3547   3216   3926   4021   3970   3549   3357   3863   4258   3828   3618   8966   4411   3976 
 17236  13361     51    153   3665   3547   3727   3848   3596   3878   3970   4021   3926   3863   8966   4258   4411   3828   3976   3618   3357   3549   3216  13279  26304      0      0  65535 
     0      0      0      0      0      0      0      0      0      0      0      0      0      0      0      0      0      0      0 
     0      0      0      0      0      0      0      0      0      0      0      0      0      0      0      0      0      0      0 
     0      0      0      0      0      0      0      0      0      0      0      0      0      0      0      0      0      0      0 
0 -1 -1
     0      0      0      0      0      0      0      0      0      0      0      0      0      0      0      0      0      0      0 
  3596   3727   3667   3878   3846   3548   3214   3926   4021   3969   3547   3359   3864   4256   3829   3617   8967   4411   3975 
 17236  13361     51    153   3667   3548   3727   3846   3596   3878   3969   4021   3926   3864   8967   4256   4411   3829   3975   3617   3359   3547   3214  13279  26304      1      0  65535 
     0      0      0      0      0      0      0      0      0      0      0      0      0      0      0      0      0      0      0 
     0      0      0      0      0      0      0      0      0      0      0      0      0      0      0      0      0      0      0 
     0      0      0      0      0      0      0      0      0      0      0      0      0      0      0      0      0      0      0 
0 -1 -1
     0      0      0      0      0      0      0      0      0      0      0      0      0      0      0      0      0      0      0 
  3595   3727   3667   3878   3847   3546   3217   3927   4021   3969   3548   3357   3864   4257   3829   3616   8964   4411   3976 
 17236  13361     51    153   3667   3546   3727   3847   3595   3878   3969   4021   3927   3864   8964   4257   4411   3829   3976   3616   3357   3548   3217  13278  26305      0      0  65535 
     0      0      0      0      0      0      0      0      0      0      0      0      0      0      0      0      0      0      0 
     0      0      0      0      0      0      0      0      0      0      0      0      0      0      0      0      0      0      0 
     0      0      0      0      0      0      0      0      0      0      0      0      0      0      0      0      0      0      0 
0 -1 -1
