     0      0      0      7      0      0      0      0    255    255    241      0      0      0      0    167      0      0      0 
  3595   3714   3661   4311   3815   3516   3208   3938  11424  19432  10120   3362   3862   4219   3811  13288   8979   4376   4008 
 17236  13361     51    153   3661   3516   3714   3815   3595   4311  19432  11424   3938   3862   8979   4219   4376   3811   4008  13288   3362  10120   3208  13286  26304      0      0  65535 
     0      0      0      0      0      0      0      0      0      0      0      0      0      0      0      0      0      0      0 
     0      0      0      0      0      0      0      0      0      0      0      0      0      0      0      0      0      0      0 
     0      0      0      0      0      0      0      0      0      0      0      0      0      0      0      0      0      0      0 
0 -1 -1
     0      0      0      3      0      0      0      2    255    255    186      0      0      0     15    231      0      0      0 
  3593   3710   3659   4088   3814   3512   3203   4065  13160  19886   8614   3355   3862   4215   4225  16625   8978   4370   4023 
 17236  13361     51    153   3659   3512   3710   3814   3593   4088  19886  13160   4065   3862   8978   4215   4370   4225   4023  16625   3355   8614   3203  13286  26305      0      0  65535 
     0      0      0      0      0      0      0      0      0      0      0      0      0      0      0      0      0      0      0 
     0      0      0      0      0      0      0      0      0      0      0      0      0      0      0      0      0      0      0 
     0      0      0      0      0      0      0      0      0      0      0      0      0      0      0      0      0      0      0 
0 -1 -1
     0      0      0      0      0      0      0      5    255    255    165      0      0      0     32    255      0      0      1 
  3589   3710   3656   3900   3813   3509   3200   4258  14650  20052   8064   3351   3863   4211   4645  18714   8975   4369   4030 
 17236  13361     51    153   3656   3509   3710   3813   3589   3900  20052  14650   4258   3863   8975   4211   4369   4645   4030  18714   3351   8064   3200  13286  26305      0      0  65535 
     0      0      0      0      0      0      0      0      0      0      0      0      0      0      0      0      0      0      0 
     0      0      0      0      0      0      0      0      0      0      0      0      0      0      0      0      0      0      0 
     0      0      0      0      0      0      0      0      0      0      0      0      0      0      0      0      0      0      0 
0 -1 -1
     0      0      0      0      0      0      0      6    255    255    177      0      0      0     35    255      0      0      1 
  3588   3708   3654   3904   3812   3507   3199   4336  15191  20937   8373   3349   3862   4206   4711  19036   8974   4363   4033 
 17236  13361     51    153   3654   3507   3708   3812   3588   3904  20937  15191   4336   3862   8974   4206   4363   4711   4033  19036   3349   8373   3199  13286  26305      0      0  65535 
     0      0      0      0      0      0      0      0      0      0      0      0      0      0      0      0      0      0      0 
     0      0      0      0      0      0      0      0      0      0      0      0      0      0      0      0      0      0      0 
     0      0      0      0      0      0      0      0      0      0      0      0      0      0      0      0      0      0      0 
0 -1 -1
     0      0      0      1      0      0      0      7    255    255    181      0      0      0     35    255      0      0      1 
  3586   3704   3655   3931   3814   3507   3197   4381  15663  21598   8493   3347   3860   4201   4715  18848   8982   4365   4035 
 17236  13361     51    153   3655   3507   3704   3814   3586   3931  21598  15663   4381   3860   8982   4201   4365   4715   4035  18848   3347   8493   3197  13286  26305      0      0  65535 
     0      0      0      0      0      0      0      0      0      0      0      0      0      0      0      0      0      0      0 
     0      0      0      0      0      0      0      0      0      0      0      0      0      0      0      0      0      0      0 
     0      0      0      0      0      0      0      0      0      0      0      0      0      0      0      0      0      0      0 
0 -1 -1
     0      0      0      2      0      0      0      8    255    255    185      0      0      0     37    255      0      0      1 
  3587   3704   3653   3999   3814   3508   3198   4452  16287  22351   8603   3346   3860   4200   4768  18912   8987   4362   4037 
 17236  13361     51    153   3653   3508   3704   3814   3587   3999  22351  16287   4452   3860   8987   4200   4362   4768   4037  18912   3346   8603   3198  13286  26305      0      0  65535 
     0      0      0      0      0      0      0      0      0      0      0      0      0      0      0      0      0      0      0 
     0      0      0      0      0      0      0      0      0      0      0      0      0      0      0      0      0      0      0 
     0      0      0      0      0      0      0      0      0      0      0      0      0      0      0      0      0      0      0 
0 -1 -1
     0      0      0      4      0      0      0      8    255    255    188      0      0      0     37    255      0      0      1 
  3586   3703   3652   4093   3817   3507   3197   4507  16777  22954   8684   3343   3859   4200   4778  18784   8986   4362   4037 
 17236  13361     51    153   3652   3507   3703   3817   3586   4093  22954  16777   4507   3859   8986   4200   4362   4778   4037  18784   3343   8684   3197  13284  26305      0      0  65535 
     0      0      0      0      0      0      0      0      0      0      0      0      0      0      0      0      0      0      0 
     0      0      0      0      0      0      0      0      0      0      0      0      0      0      0      0      0      0      0 
     0      0      0      0      0      0      0      0      0      0      0      0      0      0      0      0      0      0      0 
0 -1 -1
     0      0      0      5      0      0      0      9    255    255    188      0      0      0     38    255      0      0      1 
  3587   3702   3651   4148   3817   3506   3196   4534  17038  23209   8669   3343   3859   4198   4793  18699   8982   4362   4038 
 17236  13361     51    153   3651   3506   3702   3817   3587   4148  23209  17038   4534   3859   8982   4198   4362   4793   4038  18699   3343   8669   3196  13284  26305      0      0  65535 
     0      0      0      0      0      0      0      0      0      0      0      0      0      0      0      0      0      0      0 
     0      0      0      0      0      0      0      0      0      0      0      0      0      0      0      0      0      0      0 
     0      0      0      0      0      0      0      0      0      0      0      0      0      0      0      0      0      0      0 
0 -1 -1
     0      0      0      5      0      0      0      9    255    255    188      0      0      0     37    255      0      0      1 
  3587   3700   3651   4185   3817   3507   3195   4526  17084  23342   8688   3342   3859   4198   4776  18568   8970   4359   4036 
 17236  13361     51    153   3651   3507   3700   3817   3587   4185  23342  17084   4526   3859   8970   4198   4359   4776   4036  18568   3342   8688   3195  13285  26304      0      0  65535 
     0      0      0      0      0      0      0      0      0      0      0      0      0      0      0      0      0      0      0 
     0      0      0      0      0      0      0      0      0      0      0      0      0      0      0      0      0      0      0 
     0      0      0      0      0      0      0      0      0      0      0      0      0      0      0      0      0      0      0 
0 -1 -1
     0      0      0      6      0      0      0      9    255    255    188      0      0      0     36    255      0      0      1 
  3586   3701   3650   4213   3819   3508   3195   4524  17094  23379   8692   3342   3858   4198   4744  18341   8992   4362   4037 
 17236  13361     51    153   3650   3508   3701   3819   3586   4213  23379  17094   4524   3858   8992   4198   4362   4744   4037  18341   3342   8692   3195  13284  26304      0      0  65535 
     0      0      0      0      0      0      0      0      0      0      0      0      0      0      0      0      0      0      0 
     0      0      0      0      0      0      0      0      0      0      0      0      0      0      0      0      0      0      0 
     0      0      0      0      0      0      0      0      0      0      0      0      0      0      0      0      0      0      0 
0 -1 -1
     0      0      0      6      0      0      0      8    255    255    188      0      0      0     35    255      0      0      1 
  3587   3702   3652   4233   3820   3509   3196   4502  17018  23368   8691   3342   3859   4198   4713  18152   8980   4361   4035 
 17236  13361     51    153   3652   3509   3702   3820   3587   4233  23368  17018   4502   3859   8980   4198   4361   4713   4035  18152   3342   8691   3196  13280  26304      0      0  65535 
     0      0      0      0      0      0      0      0      0      0      0      0      0      0      0      0      0      0      0 
     0      0      0      0      0      0      0      0      0      0      0      0      0      0      0      0      0      0      0 
     0      0      0      0      0      0      0      0      0      0      0      0      0      0      0      0      0      0      0 
0 -1 -1
     0      0      0      6      0      0      0      8    255    255    188      0      0      0     34    255      0      0      1 
  3587   3702   3650   4220   3820   3510   3198   4494  16952  23309   8681   3342   3861   4198   4707  18104   8978   4361   4034 
 17236  13361     51    153   3650   3510   3702   3820   3587   4220  23309  16952   4494   3861   8978   4198   4361   4707   4034  18104   3342   8681   3198  13277  26304      0      0  65535 
     0      0      0      0      0      0      0      0      0      0      0      0      0      0      0      0      0      0      0 
     0      0      0      0      0      0      0      0      0      0      0      0      0      0      0      0      0      0      0 
     0      0      0      0      0      0      0      0      0      0      0      0      0      0      0      0      0      0      0 
0 -1 -1
     0      0      0      6      0      0      0      9    255    255    188      0      0      0     35    255      0      0      1 
  3585   3702   3650   4233   3820   3511   3197   4532  17108  23445   8670   3342   3861   4197   4715  18026   8976   4359   4035 
 17236  13361     51    153   3650   3511   3702   3820   3585   4233  23445  17108   4532   3861   8976   4197   4359   4715   4035  18026   3342   8670   3197  13276  26303      0      0  65535 
     0      0      0      0      0      0      0      0      0      0      0      0      0      0      0      0      0      0      0 
     0      0      0      0      0      0      0      0      0      0      0      0      0      0      0      0      0      0      0 
     0      0      0      0      0      0      0      0      0      0      0      0      0      0      0      0      0      0      0 
0 -1 -1
     0      0      0      7      0      0      0      9    255    255    189      0      0      0     34    254      0      0      1 
  3586   3700   3650   4288   3819   3511   3197   4560  17263  23620   8702   3341   3861   4196   4697  17845   8975   4360   4034 
 17236  13361     51    153   3650   3511   3700   3819   3586   4288  23620  17263   4560   3861   8975   4196   4360   4697   4034  17845   3341   8702   3197  13275  26303      0      0  65535 
     0      0      0      0      0      0      0      0      0      0      0      0      0      0      0      0      0      0      0 
     0      0      0      0      0      0      0      0      0      0      0      0      0      0      0      0      0      0      0 
     0      0      0      0      0      0      0      0      0      0      0      0      0      0      0      0      0      0      0 
0 -1 -1
     0      0      0      7      0      0      0      9    255    255    198      0      0      0     36    255      0      0      1 
  3585   3700   3650   4310   3818   3510   3195   4575  17429  24076   8950   3342   3861   4195   4735  18286   8974   4357   4036 
 17236  13361     51    153   3650   3510   3700   3818   3585   4310  24076  17429   4575   3861   8974   4195   4357   4735   4036  18286   3342   8950   3195  13278  26304      0      1  65535 
     0      0      0      0      0      0      0      0      0      0      0      0      0      0      0      0      0      0      0 
     0      0      0      0      0      0      0      0      0      0      0      0      0      0      0      0      0      0      0 
     0      0      0      0      0      0      0      0      0      0      0      0      0      0      0      0      0      0      0 
0 -1 -1
     0      0      0      8      0      0      0     10    255    255    215      0      0      0     39    255      0      0      1 
  3584   3697   3648   4341   3816   3507   3193   4611  17831  25083   9415   3338   3858   4190   4833  19283   8982   4356   4036 
 17236  13361     51    153   3648   3507   3697   3816   3584   4341  25083  17831   4611   3858   8982   4190   4356   4833   4036  19283   3338   9415   3193  13278  26304      1      0  65535 
     0      0      0      0      0      0      0      0      0      0      0      0      0      0      0      0      0      0      0 
     0      0      0      0      0      0      0      0      0      0      0      0      0      0      0      0      0      0      0 
     0      0      0      0      0      0      0      0      0      0      0      0      0      0      0      0      0      0      0 
0 -1 -1
     0      0      0      9      0      0      0     11    255    255    226      0      0      0     43    255      0      0      1 
  3583   3694   3646   4401   3813   3505   3190   4672  18336  26047   9724   3337   3858   4187   4916  19973   8973   4349   4038 
 17236  13361     51    153   3646   3505   3694   3813   3583   4401  26047  18336   4672   3858   8973   4187   4349   4916   4038  19973   3337   9724   3190  13278  26304      0      0  65535 
     0      0      0      0      0      0      0      0      0      0      0      0      0      0      0      0      0      0      0 
     0      0      0      0      0      0      0      0      0      0      0      0      0      0      0      0      0      0      0 
     0      0      0      0      0      0      0      0      0      0      0      0      0      0      0      0      0      0      0 
0 -1 -1
     0      0      0     10      0      0      0     12    255    255    232      0      0      0     44    255      0      0      1 
  3582   3693   3644   4474   3814   3503   3190   4739  18761  26669   9869   3337   3858   4185   4947  20123   8975   4350   4040 
 17236  13361     51    153   3644   3503   3693   3814   3582   4474  26669  18761   4739   3858   8975   4185   4350   4947   4040  20123   3337   9869   3190  13278  26303      0      0  65535 
     0      0      0      0      0      0      0      0      0      0      0      0      0      0      0      0      0      0      0 
     0      0      0      0      0      0      0      0      0      0      0      0      0      0      0      0      0      0      0 
     0      0      0      0      0      0      0      0      0      0      0      0      0      0      0      0      0      0      0 
0 -1 -1
     0      0      0     11      0      0      0     12    255    255    231      0      0      0     43    255      0      0      1 
  3583   3693   3644   4511   3817   3506   3190   4735  18780  26758   9854   3335   3857   4185   4915  19878   8972   4350   4038 
 17236  13361     51    153   3644   3506   3693   3817   3583   4511  26758  18780   4735   3857   8972   4185   4350   4915   4038  19878   3335   9854   3190  13278  26303      0      0  65535 
     0      0      0      0      0      0      0      0      0      0      0      0      0      0      0      0      0      0      0 
     0      0      0      0      0      0      0      0      0      0      0      0      0      0      0      0      0      0      0 
     0      0      0      0      0      0      0      0      0      0      0      0      0      0      0      0      0      0      0 
0 -1 -1
     0      0      0     10      0      0      0     11    255    255    224      0      0      0     39    255      0      0      1 
  3584   3695   3646   4459   3817   3510   3194   4650  18257  26095   9656   3336   3858   4187   4824  19227   8968   4352   4040 
 17236  13361     51    153   3646   3510   3695   3817   3584   4459  26095  18257   4650   3858   8968   4187   4352   4824   4040  19227   3336   9656   3194  13278  26304      0      1  65535 
     0      0      0      0      0      0      0      0      0      0      0      0      0      0      0      0      0      0      0 
     0      0      0      0      0      0      0      0      0      0      0      0      0      0      0      0      0      0      0 
     0      0      0      0      0      0      0      0      0      0      0      0      0      0      0      0      0      0      0 
0 -1 -1
     0      0      0      9      0      0      0      9    255    255    212      0      0      0     34    255      0      0      1 
  3587   3698   3649   4385   3823   3514   3195   4547  17560  25062   9320   3337   3861   4192   4705  18320   8972   4356   4040 
 17236  13361     51    153   3649   3514   3698   3823   3587   4385  25062  17560   4547   3861   8972   4192   4356   4705   4040  18320   3337   9320   3195  13280  26305      0      0  65535 
     0      0      0      0      0      0      0      0      0      0      0      0      0      0      0      0      0      0      0 
     0      0      0      0      0      0      0      0      0      0      0      0      0      0      0      0      0      0      0 
     0      0      0      0      0      0      0      0      0      0      0      0      0      0      0      0      0      0      0 
0 -1 -1
     0      0      0      8      0      0      0      8    255    255    197      0      0      0     30    245      0      0      1 
  3587   3701   3650   4323   3825   3518   3198   4481  16987  24003   8921   3340   3863   4197   4597  17384   8979   4361   4038 
 17236  13361     51    153   3650   3518   3701   3825   3587   4323  24003  16987   4481   3863   8979   4197   4361   4597   4038  17384   3340   8921   3198  13283  26304      0      0  65535 
     0      0      0      0      0      0      0      0      0      0      0      0      0      0      0      0      0      0      0 
     0      0      0      0      0      0      0      0      0      0      0      0      0      0      0      0      0      0      0 
     0      0      0      0      0      0      0      0      0      0      0      0      0      0      0      0      0      0      0 
0 -1 -1
     0      0      0      6      0      0      0      7    255    255    175      0      0      0     24    221      0      0      1 
  3591   3704   3653   4212   3826   3524   3203   4390  16173  22509   8339   3343   3865   4202   4447  16128   8968   4364   4035 
 17236  13361     51    153   3653   3524   3704   3826   3591   4212  22509  16173   4390   3865   8968   4202   4364   4447   4035  16128   3343   8339   3203  13283  26304      0      0  65535 
     0      0      0      0      0      0      0      0      0      0      0      0      0      0      0      0      0      0      0 
     0      0      0      0      0      0      0      0      0      0      0      0      0      0      0      0      0      0      0 
     0      0      0      0      0      0      0      0      0      0      0      0      0      0      0      0      0      0      0 
0 -1 -1
     0      0      0      4      0      0      0      5    255    255    150      0      0      0     17    193      0      0      1 
  3592   3710   3657   4096   3829   3530   3207   4287  15214  20713   7645   3346   3869   4211   4266  14652   8976   4373   4034 
 17236  13361     51    153   3657   3530   3710   3829   3592   4096  20713  15214   4287   3869   8976   4211   4373   4266   4034  14652   3346   7645   3207  13285  26303      0      0  65535 
     0      0      0      0      0      0      0      0      0      0      0      0      0      0      0      0      0      0      0 
     0      0      0      0      0      0      0      0      0      0      0      0      0      0      0      0      0      0      0 
     0      0      0      0      0      0      0      0      0      0      0      0      0      0      0      0      0      0      0 
0 -1 -1
     0      0      0      2      0      0      0      3    255    255    122      0      0      0      8    161      0      0      1 
  3594   3715   3660   3996   3833   3536   3213   4177  14075  18676   6892   3349   3872   4220   4059  12969   8979   4378   4030 
 17236  13361     51    153   3660   3536   3715   3833   3594   3996  18676  14075   4177   3872   8979   4220   4378   4059   4030  12969   3349   6892   3213  13285  26304      0      0  65535 
     0      0      0      0      0      0      0      0      0      0      0      0      0      0      0      0      0      0      0 
     0      0      0      0      0      0      0      0      0      0      0      0      0      0      0      0      0      0      0 
     0      0      0      0      0      0      0      0      0      0      0      0      0      0      0      0      0      0      0 
0 -1 -1
     0      0      0      1      0      0      0      2    255    255     97      0      0      0      2    132      0      0      0 
  3595   3719   3664   3935   3838   3541   3217   4072  12908  16754   6209   3354   3875   4227   3905  11472   8984   4385   4026 
 17236  13361     51    153   3664   3541   3719   3838   3595   3935  16754  12908   4072   3875   8984   4227   4385   3905   4026  11472   3354   6209   3217  13285  26306      1      0  65535 
     0      0      0      0      0      0      0      0      0      0      0      0      0      0      0      0      0      0      0 
     0      0      0      0      0      0      0      0      0      0      0      0      0      0      0      0      0      0      0 
     0      0      0      0      0      0      0      0      0      0      0      0      0      0      0      0      0      0      0 
0 -1 -1
     0      0      0      0      0      0      0      1    255    255     74      0      0      0      0    107      0      0      0 
  3596   3723   3669   3892   3840   3547   3221   4001  11685  14849   5592   3357   3877   4232   3837  10191   8971   4388   4021 
 17236  13361     51    153   3669   3547   3723   3840   3596   3892  14849  11685   4001   3877   8971   4232   4388   3837   4021  10191   3357   5592   3221  13285  26305      0      0  65535 
     0      0      0      0      0      0      0      0      0      0      0      0      0      0      0      0      0      0      0 
     0      0      0      0      0      0      0      0      0      0      0      0      0      0      0      0      0      0      0 
     0      0      0      0      0      0      0      0      0      0      0      0      0      0      0      0      0      0      0 
0 -1 -1
     0      0      0      0      0      0      0      1    255    255     60      0      0      0      0     91      0      0      0 
  3598   3727   3671   3887   3844   3550   3223   3977  10916  13695   5197   3357   3877   4236   3819   9337   8988   4392   4019 
 17236  13361     51    153   3671   3550   3727   3844   3598   3887  13695  10916   3977   3877   8988   4236   4392   3819   4019   9337   3357   5197   3223  13286  26303      0      0  65535 
     0      0      0      0      0      0      0      0      0      0      0      0      0      0      0      0      0      0      0 
     0      0      0      0      0      0      0      0      0      0      0      0      0      0      0      0      0      0      0 
     0      0      0      0      0      0      0      0      0      0      0      0      0      0      0      0      0      0      0 
0 -1 -1
     0      0      0      0      0      0      0      0    225    255     45      0      0      0      0     76      0      0      0 
  3601   3729   3672   3886   3846   3554   3226   3966  10115  12414   4777   3359   3881   4241   3819   8575   8973   4396   4017 
 17236  13361     51    153   3672   3554   3729   3846   3601   3886  12414  10115   3966   3881   8973   4241   4396   3819   4017   8575   3359   4777   3226  13286  26303      0      0  65535 
     0      0      0      0      0      0      0      0      0      0      0      0      0      0      0      0      0      0      0 
     0      0      0      0      0      0      0      0      0      0      0      0      0      0      0      0      0      0      0 
     0      0      0      0      0      0      0      0      0      0      0      0      0      0      0      0      0      0      0 
0 -1 -1
     0      0      0      0      0      0      0      0    195    255     30      0      0      0      0     62      0      0      0 
  3601   3731   3674   3886   3849   3555   3227   3960   9306  11175   4388   3359   3882   4246   3821   7838   8976   4399   4014 
 17236  13361     51    153   3674   3555   3731   3849   3601   3886  11175   9306   3960   3882   8976   4246   4399   3821   4014   7838   3359   4388   3227  13287  26304      0      0  65535 
     0      0      0      0      0      0      0      0      0      0      0      0      0      0      0      0      0      0      0 
     0      0      0      0      0      0      0      0      0      0      0      0      0      0      0      0      0      0      0 
     0      0      0      0      0      0      0      0      0      0      0      0      0      0      0      0      0      0      0 
0 -1 -1
     0      0      0      0      0      0      0      0    168    255     21      0      0      0      0     53      0      0      0 
  3604   3733   3675   3889   3851   3559   3228   3956   8610  10133   4126   3361   3882   4252   3825   7354   8970   4403   4013 
 17236  13361     51    153   3675   3559   3733   3851   3604   3889  10133   8610   3956   3882   8970   4252   4403   3825   4013   7354   3361   4126   3228  13287  26305      0      0  65535 
     0      0      0      0      0      0      0      0      0      0      0      0      0      0      0      0      0      0      0 
     0      0      0      0      0      0      0      0      0      0      0      0      0      0      0      0      0      0      0 
     0      0      0      0      0      0      0      0      0      0      0      0      0      0      0      0      0      0      0 
0 -1 -1
     0      0      0      0      0      0      0      1    162    226     14      0      0      0      0     49      0      0      0 
  3604   3735   3678   3889   3853   3559   3229   3983   8441   9382   3952   3362   3885   4255   3827   7188   8963   4403   4010 
 17236  13361     51    153   3678   3559   3735   3853   3604   3889   9382   8441   3983   3885   8963   4255   4403   3827   4010   7188   3362   3952   3229  13287  26303      0      0  65535 
     0      0      0      0      0      0      0      0      0      0      0      0      0      0      0      0      0      0      0 
     0      0      0      0      0      0      0      0      0      0      0      0      0      0      0      0      0      0      0 
     0      0      0      0      0      0      0      0      0      0      0      0      0      0      0      0      0      0      0 
0 -1 -1
     0      0      0      0      0      0      0      2    162    177      6      0      0      0      0     59      0      0      0 
  3606   3737   3676   3892   3853   3558   3227   4067   8449   8239   3726   3364   3886   4254   3831   7692   8976   4404   4011 
 17236  13361     51    153   3676   3558   3737   3853   3606   3892   8239   8449   4067   3886   8976   4254   4404   3831   4011   7692   3364   3726   3227  13287  26303      0      0  65535 
     0      0      0      0      0      0      0      0      0      0      0      0      0      0      0      0      0      0      0 
     0      0      0      0      0      0      0      0      0      0      0      0      0      0      0      0      0      0      0 
     0      0      0      0      0      0      0      0      0      0      0      0      0      0      0      0      0      0      0 
0 -1 -1
     0      0      0      0      0      0      0      2    153    158      6      0      0      0      0     54      0      0      0 
  3604   3736   3678   3891   3853   3558   3228   4073   8200   7779   3742   3364   3888   4254   3831   7450   8981   4404   4007 
 17236  13361     51    153   3678   3558   3736   3853   3604   3891   7779   8200   4073   3888   8981   4254   4404   3831   4007   7450   3364   3742   3228  13286  26303      0      0  65535 
     0      0      0      0      0      0      0      0      0      0      0      0      0      0      0      0      0      0      0 
     0      0      0      0      0      0      0      0      0      0      0      0      0      0      0      0      0      0      0 
     0      0      0      0      0      0      0      0      0      0      0      0      0      0      0      0      0      0      0 
0 -1 -1
     0      0      0      0      0      0      0      2    143    135      2      0      0      0      0     53      0      0      0 
  3605   3736   3679   3891   3855   3559   3228   4099   7926   7241   3622   3365   3887   4254   3833   7374   8984   4406   4009 
 17236  13361     51    153   3679   3559   3736   3855   3605   3891   7241   7926   4099   3887   8984   4254   4406   3833   4009   7374   3365   3622   3228  13286  26303      0      0  65535 
     0      0      0      0      0      0      0      0      0      0      0      0      0      0      0      0      0      0      0 
     0      0      0      0      0      0      0      0      0      0      0      0      0      0      0      0      0      0      0 
     0      0      0      0      0      0      0      0      0      0      0      0      0      0      0      0      0      0      0 
0 -1 -1
     0      0      0      0      0      0      0      5    131     76      0      0      0      0      0     59      0      0      0 
  3608   3739   3678   3893   3858   3560   3228   4248   7609   5873   3560   3366   3887   4258   3846   7672   8971   4407   4009 
 17236  13361     51    153   3678   3560   3739   3858   3608   3893   5873   7609   4248   3887   8971   4258   4407   3846   4009   7672   3366   3560   3228  13286  26304      0      0  65535 
     0      0      0      0      0      0      0      0      0      0      0      0      0      0      0      0      0      0      0 
     0      0      0      0      0      0      0      0      0      0      0      0      0      0      0      0      0      0      0 
     0      0      0      0      0      0      0      0      0      0      0      0      0      0      0      0      0      0      0 
0 -1 -1
     0      0      0      0      0      0      0      3    113     61      0      0      0      0      0     47      0      0      0 
  3609   3739   3680   3893   3858   3561   3228   4126   7133   5520   3561   3368   3886   4258   3840   7085   8979   4409   4008 
 17236  13361     51    153   3680   3561   3739   3858   3609   3893   5520   7133   4126   3886   8979   4258   4409   3840   4008   7085   3368   3561   3228  13286  26304      0      0  65535 
     0      0      0      0      0      0      0      0      0      0      0      0      0      0      0      0      0      0      0 
     0      0      0      0      0      0      0      0      0      0      0      0      0      0      0      0      0      0      0 
     0      0      0      0      0      0      0      0      0      0      0      0      0      0      0      0      0      0      0 
0 -1 -1
     0      0      0      0      0      0      0      2     93     33      0      0      0      0      0     37      0      0      0 
  3610   3739   3681   3894   3861   3562   3229   4067   6611   4882   3561   3370   3885   4262   3841   6548   8986   4412   4006 
 17236  13361     51    153   3681   3562   3739   3861   3610   3894   4882   6611   4067   3885   8986   4262   4412   3841   4006   6548   3370   3561   3229  13281  26304      0      0  65535 
     0      0      0      0      0      0      0      0      0      0      0      0      0      0      0      0      0      0      0 
     0      0      0      0      0      0      0      0      0      0      0      0      0      0      0      0      0      0      0 
     0      0      0      0      0      0      0      0      0      0      0      0      0      0      0      0      0      0      0 
0 -1 -1
     0      0      0      0      0      0      0      1     46      5      0      0      0      0      0     11      0      0      0 
  3610   3741   3683   3896   3864   3562   3232   3983   5368   4211   3565   3373   3883   4268   3847   5212   8973   4415   4000 
 17236  13361     51    153   3683   3562   3741   3864   3610   3896   4211   5368   3983   3883   8973   4268   4415   3847   4000   5212   3373   3565   3232  13278  26304      0      0  65535 
     0      0      0      0      0      0      0      0      0      0      0      0      0      0      0      0      0      0      0 
     0      0      0      0      0      0      0      0      0      0      0      0      0      0      0      0      0      0      0 
     0      0      0      0      0      0      0      0      0      0      0      0      0      0      0      0      0      0      0 
0 -1 -1
     0      0      0      0      0      0      0      0      0      0      0      0      0      0      0      0      0      0      0 
  3609   3743   3684   3894   3867   3564   3233   3943   4087   3993   3566   3375   3881   4272   3844   4044   8974   4418   3993 
 17236  13361     51    153   3684   3564   3743   3867   3609   3894   3993   4087   3943   3881   8974   4272   4418   3844   3993   4044   3375   3566   3233  13277  26304      0      0  65535 
     0      0      0      0      0      0      0      0      0      0      0      0      0      0      0      0      0      0      0 
     0      0      0      0      0      0      0      0      0      0      0      0      0      0      0      0      0      0      0 
     0      0      0      0      0      0      0      0      0      0      0      0      0      0      0      0      0      0      0 
0 -1 -1
     0      0      0      0      0      0      0      0      0      0      0      0      0      0      0      0      0      0      0 
  3611   3744   3684   3893   3864   3565   3233   3942   4153   3990   3567   3375   3880   4272   3844   3928   8970   4416   3991 
 17236  13361     51    153   3684   3565   3744   3864   3611   3893   3990   4153   3942   3880   8970   4272   4416   3844   3991   3928   3375   3567   3233  13279  26303      0      0  65535 
     0      0      0      0      0      0      0      0      0      0      0      0      0      0      0      0      0      0      0 
     0      0      0      0      0      0      0      0      0      0      0      0      0      0      0      0      0      0      0 
     0      0      0      0      0      0      0      0      0      0      0      0      0      0      0      0      0      0      0 
0 -1 -1
     0      0      0      0      0      0      0      0      0      0      0      0      0      0      0      0      0      0      0 
  3611   3743   3683   3892   3865   3565   3234   3940   4055   3991   3567   3376   3880   4272   3843   3658   8976   4418   3990 
 17236  13361     51    153   3683   3565   3743   3865   3611   3892   3991   4055   3940   3880   8976   4272   4418   3843   3990   3658   3376   3567   3234  13278  26303      0      0  65535 
     0      0      0      0      0      0      0      0      0      0      0      0      0      0      0      0      0      0      0 
     0      0      0      0      0      0      0      0      0      0      0      0      0      0      0      0      0      0      0 
     0      0      0      0      0      0      0      0      0      0      0      0      0      0      0      0      0      0      0 
0 -1 -1
     0      0      0      0      0      0      0      0      0      0      0      0      0      0      0      0      0      0      0 
  3610   3745   3683   3894   3865   3567   3234   3940   4050   3992   3566   3376   3880   4273   3843   3639   8972   4417   3992 
 17236  13361     51    153   3683   3567   3745   3865   3610   3894   3992   4050   3940   3880   8972   4273   4417   3843   3992   3639   3376   3566   3234  13278  26304      0      0  65535 
     0      0      0      0      0      0      0      0      0      0      0      0      0      0      0      0      0      0      0 
     0      0      0      0      0      0      0      0      0      0      0      0      0      0      0      0      0      0      0 
     0      0      0      0      0      0      0      0      0      0      0      0      0      0      0      0      0      0      0 
0 -1 -1
     0      0      0      0      0      0      0      0      0      0      0      0      0      0      0      0      0      0      0 
  3609   3745   3682   3892   3865   3566   3235   3940   4047   3991   3565   3376   3879   4273   3843   3638   8973   4416   3990 
 17236  13361     51    153   3682   3566   3745   3865   3609   3892   3991   4047   3940   3879   8973   4273   4416   3843   3990   3638   3376   3565   3235  13278  26306      0      0  65535 
     0      0      0      0      0      0      0      0      0      0      0      0      0      0      0      0      0      0      0 
     0      0      0      0      0      0      0      0      0      0      0      0      0      0      0      0      0      0      0 
     0      0      0      0      0      0      0      0      0      0      0      0      0      0      0      0      0      0      0 
0 -1 -1
     0      0      0      0      0      0      0      0      0      0      0      0      0      0      0      0      0      0      0 
  3610   3744   3683   3893   3866   3566   3233   3941   4047   3991   3566   3376   3879   4270   3843   3637   8965   4418   3990 
 17236  13361     51    153   3683   3566   3744   3866   3610   3893   3991   4047   3941   3879   8965   4270   4418   3843   3990   3637   3376   3566   3233  13278  26304      0      0  65535 
     0      0      0      0      0      0      0      0      0      0      0      0      0      0      0      0      0      0      0 
     0      0      0      0      0      0      0      0      0      0      0      0      0      0      0      0      0      0      0 
     0      0      0      0      0      0      0      0      0      0      0      0      0      0      0      0      0      0      0 
0 -1 -1
     0      0      0      0      0      0      0      0      0      0      0      0      0      0      0      0      0      0      0 
  3610   3744   3683   3892   3865   3564   3233   3941   4047   3990   3565   3374   3881   4271   3842   3637   8967   4416   3989 
 17236  13361     51    153   3683   3564   3744   3865   3610   3892   3990   4047   3941   3881   8967   4271   4416   3842   3989   3637   3374   3565   3233  13279  26304      0      1  65535 
     0      0      0      0      0      0      0      0      0      0      0      0      0      0      0      0      0      0      0 
     0      0      0      0      0      0      0      0      0      0      0      0      0      0      0      0      0      0      0 
     0      0      0      0      0      0      0      0      0      0      0      0      0      0      0      0      0      0      0 
0 -1 -1
     0      0      0      0      0      0      0      0      0      0      0      0      0      0      0      0      0      0      0 
  3610   3743   3683   3891   3864   3566   3231   3940   4045   3991   3565   3374   3880   4271   3842   3637   8975   4416   3989 
 17236  13361     51    153   3683   3566   3743   3864   3610   3891   3991   4045   3940   3880   8975   4271   4416   3842   3989   3637   3374   3565   3231  13279  26304      0      0  65535 
     0      0      0      0      0      0      0      0      0      0      0      0      0      0      0      0      0      0      0 
     0      0      0      0      0      0      0      0      0      0      0      0      0      0      0      0      0      0      0 
     0      0      0      0      0      0      0      0      0      0      0      0      0      0      0      0      0      0      0 
0 -1 -1
     0      0      0      0      0      0      0      0      0      0      0      0      0      0      0      0      0      0      0 
  3609   3744   3683   3893   3865   3566   3232   3940   4046   3990   3565   3373   3878   4271   3841   3636   8971   4417   3990 
 17236  13361     51    153   3683   3566   3744   3865   3609   3893   3990   4046   3940   3878   8971   4271   4417   3841   3990   3636   3373   3565   3232  13278  26304      0      0  65535 
     0      0      0      0      0      0      0      0      0      0      0      0      0      0      0      0      0      0      0 
     0      0      0      0      0      0      0      0      0      0      0      0      0      0      0      0      0      0      0 
     0      0      0      0      0      0      0      0      0      0      0      0      0      0      0      0      0      0      0 
0 -1 -1
     0      0      0      0      0      0      0      0      0      0      0      0      0      0      0      0      0      0      0 
  3609   3745   3681   3894   3865   3565   3231   3942   4044   3990   3564   3374   3879   4271   3843   3637   8971   4416   3990 
 17236  13361     51    153   3681   3565   3745   3865   3609   3894   3990   4044   3942   3879   8971   4271   4416   3843   3990   3637   3374   3564   3231  13279  26304      0      0  65535 
     0      0      0      0      0      0      0      0      0      0      0      0      0      0      0      0      0      0      0 
     0      0      0      0      0      0      0      0      0      0      0      0      0      0      0      0      0      0      0 
     0      0      0      0      0      0      0      0      0      0      0      0      0      0      0      0      0      0      0 
0 -1 -1
     0      0      0      0      0      0      0      0      0      0      0      0      0      0      0      0      0      0      0 
  3609   3744   3681   3892   3863   3565   3232   3940   4044   3990   3565   3374   3879   4271   3842   3635   8967   4417   3990 
 17236  13361     51    153   3681   3565   3744   3863   3609   3892   3990   4044   3940   3879   8967   4271   4417   3842   3990   3635   3374   3565   3232  13283  26304      0      0  65535 
     0      0      0      0      0      0      0      0      0      0      0      0      0      0      0      0      0      0      0 
     0      0      0      0      0      0      0      0      0      0      0      0      0      0      0      0      0      0      0 
     0      0      0      0      0      0      0      0      0      0      0      0      0      0      0      0      0      0      0 
0 -1 -1
     0      0      0      0      0      0      0      0      0      0      0      0      0      0      0      0      0      0      0 
  3609   3743   3682   3892   3863   3566   3232   3939   4045   3989   3564   3374   3879   4271   3841   3636   8970   4416   3991 
 17236  13361     51    153   3682   3566   3743   3863   3609   3892   3989   4045   3939   3879   8970   4271   4416   3841   3991   3636   3374   3564   3232  13283  26304      0      1  65535 
     0      0      0      0      0      0      0      0      0      0      0      0      0      0      0      0      0      0      0 
     0      0      0      0      0      0      0      0      0      0      0      0      0      0      0      0      0      0      0 
     0      0      0      0      0      0      0      0      0      0      0      0      0      0      0      0      0      0      0 
0 -1 -1
     0      0      0      0      0      0      0      0      0      0      0      0      0      0      0      0      0      0      0 
  3609   3742   3682   3892   3863   3563   3232   3939   4044   3990   3564   3375   3878   4271   3841   3636   8973   4415   3989 
 17236  13361     51    153   3682   3563   3742   3863   3609   3892   3990   4044   3939   3878   8973   4271   4415   3841   3989   3636   3375   3564   3232  13283  26304      0      0  65535 
     0      0      0      0      0      0      0      0      0      0      0      0      0      0      0      0      0      0      0 
     0      0      0      0      0      0      0      0      0      0      0      0      0      0      0      0      0      0      0 
     0      0      0      0      0      0      0      0      0      0      0      0      0      0      0      0      0      0      0 
0 -1 -1
     0      0      0      0      0      0      0      0      0      0      0      0      0      0      0      0      0      0      0 
  3609   3742   3681   3892   3863   3564   3232   3939   4043   3989   3563   3373   3878   4269   3840   3637   8968   4417   3988 
 17236  13361     51    153   3681   3564   3742   3863   3609   3892   3989   4043   3939   3878   8968   4269   4417   3840   3988   3637   3373   3563   3232  13283  26305      0      0  65535 
     0      0      0      0      0      0      0      0      0      0      0      0      0      0      0      0      0      0      0 
     0      0      0      0      0      0      0      0      0      0      0      0      0      0      0      0      0      0      0 
     0      0      0      0      0      0      0      0      0      0      0      0      0      0      0      0      0      0      0 
0 -1 -1
     0      0      0      0      0      0      0      0      0      0      0      0      0      0      0      0      0      0      0 
  3609   3744   3683   3890   3863   3565   3232   3939   4044   3989   3564   3374   3879   4271   3841   3635   8965   4415   3989 
 17236  13361     51    153   3683   3565   3744   3863   3609   3890   3989   4044   3939   3879   8965   4271   4415   3841   3989   3635   3374   3564   3232  13283  26304      0      0  65535 
     0      0      0      0      0      0      0      0      0      0      0      0      0      0      0      0      0      0      0 
     0      0      0      0      0      0      0      0      0      0      0      0      0      0      0      0      0      0      0 
     0      0      0      0      0      0      0      0      0      0      0      0      0      0      0      0      0      0      0 
0 -1 -1
     0      0      0      0      0      0      0      0      0      0      0      0      0      0      0      0      0      0      0 
  3608   3743   3682   3893   3863   3563   3231   3938   4042   3988   3563   3373   3878   4271   3841   3634   8972   4415   3988 
 17236  13361     51    153   3682   3563   3743   3863   3608   3893   3988   4042   3938   3878   8972   4271   4415   3841   3988   3634   3373   3563   3231  13285  26304      0      0  65535 
     0      0      0      0      0      0      0      0      0      0      0      0      0      0      0      0      0      0      0 
     0      0      0      0      0      0      0      0      0      0      0      0      0      0      0      0      0      0      0 
     0      0      0      0      0      0      0      0      0      0      0      0      0      0      0      0      0      0      0 
0 -1 -1
     0      0      0      0      0      0      0      0      0      0      0      0      0      0      0      0      0      0      0 
  3610   3743   3682   3892   3862   3563   3229   3940   4041   3989   3562   3374   3877   4270   3841   3634   8985   4416   3988 
 17236  13361     51    153   3682   3563   3743   3862   3610   3892   3989   4041   3940   3877   8985   4270   4416   3841   3988   3634   3374   3562   3229  13285  26305      0      0  65535 
     0      0      0      0      0      0      0      0      0      0      0      0      0      0      0      0      0      0      0 
     0      0      0      0      0      0      0      0      0      0      0      0      0      0      0      0      0      0      0 
     0      0      0      0      0      0      0      0      0      0      0      0      0      0      0      0      0      0      0 
0 -1 -1
     0      0      0      0      0      0      0      0      0      0      0      0      0      0      0      0      0      0      0 
  3609   3742   3684   3893   3863   3565   3231   3938   4043   3988   3563   3374   3879   4268   3840   3634   8971   4415   3988 
 17236  13361     51    153   3684   3565   3742   3863   3609   3893   3988   4043   3938   3879   8971   4268   4415   3840   3988   3634   3374   3563   3231  13285  26305      0      1  65535 
     0      0      0      0      0      0      0      0      0      0      0      0      0      0      0      0      0      0      0 
     0      0      0      0      0      0      0      0      0      0      0      0      0      0      0      0      0      0      0 
     0      0      0      0      0      0      0      0      0      0      0      0      0      0      0      0      0      0      0 
0 -1 -1
     0      0      0      0      0      0      0      0      0      0      0      0      0      0      0      0      0      0      0 
  3611   3741   3681   3891   3862   3563   3232   3940   4043   3987   3563   3372   3877   4269   3842   3634   8969   4415   3989 
 17236  13361     51    153   3681   3563   3741   3862   3611   3891   3987   4043   3940   3877   8969   4269   4415   3842   3989   3634   3372   3563   3232  13286  26305      0      0  65535 
     0      0      0      0      0      0      0      0      0      0      0      0      0      0      0      0      0      0      0 
     0      0      0      0      0      0      0      0      0      0      0      0      0      0      0      0      0      0      0 
     0      0      0      0      0      0      0      0      0      0      0      0      0      0      0      0      0      0      0 
0 -1 -1
     0      0      0      0      0      0      0      0      0      0      0      0      0      0      0      0      0      0      0 
  3607   3743   3682   3891   3862   3563   3231   3939   4041   3989   3564   3374   3877   4271   3841   3634   8965   4416   3988 
 17236  13361     51    153   3682   3563   3743   3862   3607   3891   3989   4041   3939   3877   8965   4271   4416   3841   3988   3634   3374   3564   3231  13286  26305      0      0  65535 
     0      0      0      0      0      0      0      0      0      0      0      0      0      0      0      0      0      0      0 
     0      0      0      0      0      0      0      0      0      0      0      0      0      0      0      0      0      0      0 
     0      0      0      0      0      0      0      0      0      0      0      0      0      0      0      0      0      0      0 
0 -1 -1
     0      0      0      0      0      0      0      0      0      0      0      0      0      0      0      0      0      0      0 
  3609   3742   3683   3892   3862   3564   3230   3939   4041   3988   3563   3374   3879   4269   3839   3634   8978   4414   3988 
 17236  13361     51    153   3683   3564   3742   3862   3609   3892   3988   4041   3939   3879   8978   4269   4414   3839   3988   3634   3374   3563   3230  13286  26304      0      0  65535 
     0      0      0      0      0      0      0      0      0      0      0      0      0      0      0      0      0      0      0 
     0      0      0      0      0      0      0      0      0      0      0      0      0      0      0      0      0      0      0 
     0      0      0      0      0      0      0      0      0      0      0      0      0      0      0      0      0      0      0 
0 -1 -1
     0      0      0      0      0      0      0      0      0      0      0      0      0      0      0      0      0      0      0 
  3609   3741   3680   3891   3862   3564   3230   3939   4041   3987   3562   3373   3877   4268   3839   3633   8977   4415   3989 
 17236  13361     51    153   3680   3564   3741   3862   3609   3891   3987   4041   3939   3877   8977   4268   4415   3839   3989   3633   3373   3562   3230  13286  26304      0      0  65535 
     0      0      0      0      0      0      0      0      0      0      0      0      0      0      0      0      0      0      0 
     0      0      0      0      0      0      0      0      0      0      0      0      0      0      0      0      0      0      0 
     0      0      0      0      0      0      0      0      0      0      0      0      0      0      0      0      0      0      0 
0 -1 -1
     0      0      0      0      0      0      0      0      0      0      0      0      0      0      0      0      0      0      0 
  3608   3742   3682   3890   3863   3563   3230   3938   4040   3988   3562   3371   3878   4269   3839   3634   8971   4414   3989 
 17236  13361     51    153   3682   3563   3742   3863   3608   3890   3988   4040   3938   3878   8971   4269   4414   3839   3989   3634   3371   3562   3230  13286  26304      0      0  65535 
     0      0      0      0      0      0      0      0      0      0      0      0      0      0      0      0      0      0      0 
     0      0      0      0      0      0      0      0      0      0      0      0      0      0      0      0      0      0      0 
     0      0      0      0      0      0      0      0      0      0      0      0      0      0      0      0      0      0      0 
0 -1 -1
     0      0      0      0      0      0      0      0      0      0      0      0      0      0      0      0      0      0      0 
  3609   3742   3679   3889   3862   3563   3231   3939   4040   3988   3562   3371   3877   4268   3840   3634   8972   4414   3988 
 17236  13361     51    153   3679   3563   3742   3862   3609   3889   3988   4040   3939   3877   8972   4268   4414   3840   3988   3634   3371   3562   3231  13287  26303      0      0  65535 
     0      0      0      0      0      0      0      0      0      0      0      0      0      0      0      0      0      0      0 
     0      0      0      0      0      0      0      0      0      0      0      0      0      0      0      0      0      0      0 
     0      0      0      0      0      0      0      0      0      0      0      0      0      0      0      0      0      0      0 
0 -1 -1
     0      0      0      0      0      0      0      0      0      0      0      0      0      0      0      0      0      0      0 
  3607   3742   3681   3891   3862   3564   3231   3938   4041   3988   3560   3371   3877   4269   3841   3633   8969   4414   3987 
 17236  13361     51    153   3681   3564   3742   3862   3607   3891   3988   4041   3938   3877   8969   4269   4414   3841   3987   3633   3371   3560   3231  13280  26304      0      0  65535 
     0      0      0      0      0      0      0      0      0      0      0      0      0      0      0      0      0      0      0 
     0      0      0      0      0      0      0      0      0      0      0      0      0      0      0      0      0      0      0 
     0      0      0      0      0      0      0      0      0      0      0      0      0      0      0      0      0      0      0 
0 -1 -1
     0      0      0      0      0      0      0      0      0      0      0      0      0      0      0      0      0      0      0 
  3608   3742   3680   3890   3863   3563   3230   3938   4038   3987   3561   3373   3877   4270   3838   3632   8980   4416   3988 
 17236  13361     51    153   3680   3563   3742   3863   3608   3890   3987   4038   3938   3877   8980   4270   4416   3838   3988   3632   3373   3561   3230  13280  26305      0      0  65535 
     0      0      0      0      0      0      0      0      0      0      0      0      0      0      0      0      0      0      0 
     0      0      0      0      0      0      0      0      0      0      0      0      0      0      0      0      0      0      0 
     0      0      0      0      0      0      0      0      0      0      0      0      0      0      0      0      0      0      0 
0 -1 -1
