     0     42    209      1    198    216      1      1    255    108      0      0    255     14      0      0     60      0      0 
  3606   5531  14805   3910   9144   9616   3254   3984  13116   6489   3506   3328  16849   4595   3749   3581  12080   4365   3947 
 17236  13361     51    153  14805   9616   5531   9144   3606   3910   6489  13116   3984  16849  12080   4595   4365   3749   3947   3581   3328   3506   3254  13276  26305      0      0  65535 
     0      0      0      0      0      0      0      0      0      0      0      0      0      0      0      0      0      0      0 
     0      0      0      0      0      0      0      0      0      0      0      0      0      0      0      0      0      0      0 
     0      0      0      0      0      0      0      0      0      0      0      0      0      0      0      0      0      0      0 
0 -1 -1
     0     44    232      1    208    244      1      1    255    132      0      0    255     27      0      0     65      0      0 
  3607   5625  15895   3912   9398  10374   3259   3987  13582   7037   3506   3324  17692   4886   3746   3581  12312   4361   3947 
 17236  13361     51    153  15895  10374   5625   9398   3607   3912   7037  13582   3987  17692  12312   4886   4361   3746   3947   3581   3324   3506   3259  13277  26304      0      0  65535 
     0      0      0      0      0      0      0      0      0      0      0      0      0      0      0      0      0      0      0 
     0      0      0      0      0      0      0      0      0      0      0      0      0      0      0      0      0      0      0 
     0      0      0      0      0      0      0      0      0      0      0      0      0      0      0      0      0      0      0 
0 -1 -1
     0     46    248      1    215    255      1      1    255    147      0      0    255     35      0      0     68      0      0 
  3608   5731  16663   3913   9573  10859   3265   3991  13795   7396   3504   3323  18001   5097   3744   3576  12405   4359   3945 
 17236  13361     51    153  16663  10859   5731   9573   3608   3913   7396  13795   3991  18001  12405   5097   4359   3744   3945   3576   3323   3504   3265  13278  26304      0      0  65535 
     0      0      0      0      0      0      0      0      0      0      0      0      0      0      0      0      0      0      0 
     0      0      0      0      0      0      0      0      0      0      0      0      0      0      0      0      0      0      0 
     0      0      0      0      0      0      0      0      0      0      0      0      0      0      0      0      0      0      0 
0 -1 -1
     0     51    255      1    227    255      1      1    255    159      0      0    255     44      0      0     70      0      0 
  3609   5962  17025   3917   9880  11128   3266   3988  14084   7674   3503   3323  18283   5314   3743   3575  12498   4359   3944 
 17236  13361     51    152  17025  11128   5962   9880   3609   3917   7674  14084   3988  18283  12498   5314   4359   3743   3944   3575   3323   3503   3266  13280  26305      0      0  65535 
     0      0      0      0      0      0      0      0      0      0      0      0      0      0      0      0      0      0      0 
     0      0      0      0      0      0      0      0      0      0      0      0      0      0      0      0      0      0      0 
     0      0      0      0      0      0      0      0      0      0      0      0      0      0      0      0      0      0      0 
0 -1 -1
     0     53    254      1    228    255      1      1    255    173      0      0    255     57      0      0     69      0      0 
  3614   6022  16950   3917   9911  11304   3268   3987  14020   8008   3505   3323  18178   5616   3743   3575  12451   4360   3943 
 17236  13361     51    153  16950  11304   6022   9911   3614   3917   8008  14020   3987  18178  12451   5616   4360   3743   3943   3575   3323   3505   3268  13280  26305      0      0  65535 
     0      0      0      0      0      0      0      0      0      0      0      0      0      0      0      0      0      0      0 
     0      0      0      0      0      0      0      0      0      0      0      0      0      0      0      0      0      0      0 
     0      0      0      0      0      0      0      0      0      0      0      0      0      0      0      0      0      0      0 
0 -1 -1
     0     54    243      1    231    255      1      1    255    183      0      0    255     68      0      0     70      0      0 
  3614   6073  16417   3919   9987  11259   3270   3986  14123   8226   3506   3322  18339   5889   3745   3575  12503   4359   3943 
 17236  13361     51    152  16417  11259   6073   9987   3614   3919   8226  14123   3986  18339  12503   5889   4359   3745   3943   3575   3322   3506   3270  13280  26305      0      0  65535 
     0      0      0      0      0      0      0      0      0      0      0      0      0      0      0      0      0      0      0 
     0      0      0      0      0      0      0      0      0      0      0      0      0      0      0      0      0      0      0 
     0      0      0      0      0      0      0      0      0      0      0      0      0      0      0      0      0      0      0 
0 -1 -1
     0     54    233      1    233    255      1      1    255    194      0      0    255     81      0      0     70      0      0 
  3618   6094  15960   3919  10035  11281   3271   3988  14214   8487   3505   3321  18494   6182   3745   3574  12516   4361   3943 
 17236  13361     51    153  15960  11281   6094  10035   3618   3919   8487  14214   3988  18494  12516   6182   4361   3745   3943   3574   3321   3505   3271  13281  26305      0      0  65535 
     0      0      0      0      0      0      0      0      0      0      0      0      0      0      0      0      0      0      0 
     0      0      0      0      0      0      0      0      0      0      0      0      0      0      0      0      0      0      0 
     0      0      0      0      0      0      0      0      0      0      0      0      0      0      0      0      0      0      0 
0 -1 -1
     0     55    229      1    235    255      1      1    255    204      0      0    255     91      0      0     70      0      0 
  3618   6129  15766   3920  10083  11388   3270   3988  14265   8717   3506   3322  18507   6423   3743   3572  12522   4361   3943 
 17236  13361     51    153  15766  11388   6129  10083   3618   3920   8717  14265   3988  18507  12522   6423   4361   3743   3943   3572   3322   3506   3270  13281  26305      0      0  65535 
     0      0      0      0      0      0      0      0      0      0      0      0      0      0      0      0      0      0      0 
     0      0      0      0      0      0      0      0      0      0      0      0      0      0      0      0      0      0      0 
     0      0      0      0      0      0      0      0      0      0      0      0      0      0      0      0      0      0      0 
0 -1 -1
     0     57    228      1    238    255      1      1    255    215      0      0    255    102      0      0     70      0      0 
  3620   6195  15710   3921  10159  11565   3273   3989  14304   8985   3507   3321  18438   6686   3743   3571  12506   4362   3941 
 17236  13361     51    153  15710  11565   6195  10159   3620   3921   8985  14304   3989  18438  12506   6686   4362   3743   3941   3571   3321   3507   3273  13281  26305      0      0  65535 
     0      0      0      0      0      0      0      0      0      0      0      0      0      0      0      0      0      0      0 
     0      0      0      0      0      0      0      0      0      0      0      0      0      0      0      0      0      0      0 
     0      0      0      0      0      0      0      0      0      0      0      0      0      0      0      0      0      0      0 
0 -1 -1
     0     58    223      1    241    255      1      1    255    224      0      0    255    112      0      0     71      0      0 
  3621   6244  15463   3922  10234  11637   3272   3990  14407   9194   3507   3320  18510   6930   3744   3572  12556   4362   3939 
 17236  13361     51    153  15463  11637   6244  10234   3621   3922   9194  14407   3990  18510  12556   6930   4362   3744   3939   3572   3320   3507   3272  13281  26305      0      0  65535 
     0      0      0      0      0      0      0      0      0      0      0      0      0      0      0      0      0      0      0 
     0      0      0      0      0      0      0      0      0      0      0      0      0      0      0      0      0      0      0 
     0      0      0      0      0      0      0      0      0      0      0      0      0      0      0      0      0      0      0 
0 -1 -1
     0     57    218      1    238    255      1      1    255    236      0      0    255    125      0      0     73      0      0 
  3623   6193  15267   3923  10171  11771   3272   3991  14348   9462   3507   3320  18407   7249   3743   3571  12654   4365   3940 
 17236  13361     51    152  15267  11771   6193  10171   3623   3923   9462  14348   3991  18407  12654   7249   4365   3743   3940   3571   3320   3507   3272  13281  26303      0      0  65535 
     0      0      0      0      0      0      0      0      0      0      0      0      0      0      0      0      0      0      0 
     0      0      0      0      0      0      0      0      0      0      0      0      0      0      0      0      0      0      0 
     0      0      0      0      0      0      0      0      0      0      0      0      0      0      0      0      0      0      0 
0 -1 -1
     0     56    215      1    237    255      1      1    255    245      0      0    255    137      0      0     76      0      0 
  3624   6172  15096   3922  10140  11863   3273   3991  14345   9687   3509   3321  18358   7525   3743   3571  12797   4365   3939 
 17236  13361     51    153  15096  11863   6172  10140   3624   3922   9687  14345   3991  18358  12797   7525   4365   3743   3939   3571   3321   3509   3273  13281  26303      0      0  65535 
     0      0      0      0      0      0      0      0      0      0      0      0      0      0      0      0      0      0      0 
     0      0      0      0      0      0      0      0      0      0      0      0      0      0      0      0      0      0      0 
     0      0      0      0      0      0      0      0      0      0      0      0      0      0      0      0      0      0      0 
0 -1 -1
     0     56    209      1    235    255      1      1    255    252      0      0    255    146      0      0     81      0      0 
  3623   6146  14838   3924  10080  11860   3276   3993  14264   9842   3510   3320  18174   7752   3744   3572  13017   4367   3938 
 17236  13361     51    153  14838  11860   6146  10080   3623   3924   9842  14264   3993  18174  13017   7752   4367   3744   3938   3572   3320   3510   3276  13281  26304      0      0  65535 
     0      0      0      0      0      0      0      0      0      0      0      0      0      0      0      0      0      0      0 
     0      0      0      0      0      0      0      0      0      0      0      0      0      0      0      0      0      0      0 
     0      0      0      0      0      0      0      0      0      0      0      0      0      0      0      0      0      0      0 
0 -1 -1
     0     56    208      1    235    255      1      1    255    255      0      0    255    156      0      0     85      0      0 
  3624   6143  14766   3923  10073  11972   3277   3993  14322  10062   3511   3319  18207   7992   3745   3569  13193   4368   3938 
 17236  13361     51    152  14766  11972   6143  10073   3624   3923  10062  14322   3993  18207  13193   7992   4368   3745   3938   3569   3319   3511   3277  13282  26304      1      0  65535 
     0      0      0      0      0      0      0      0      0      0      0      0      0      0      0      0      0      0      0 
     0      0      0      0      0      0      0      0      0      0      0      0      0      0      0      0      0      0      0 
     0      0      0      0      0      0      0      0      0      0      0      0      0      0      0      0      0      0      0 
0 -1 -1
     1     56    206      1    234    255      1      1    255    255      0      0    255    164      0      0     82      0      0 
  3627   6158  14685   3927  10048  12039   3278   3994  14254  10207   3511   3319  17991   8180   3745   3569  13048   4369   3938 
 17236  13361     51    153  14685  12039   6158  10048   3627   3927  10207  14254   3994  17991  13048   8180   4369   3745   3938   3569   3319   3511   3278  13283  26305      0      0  65535 
     0      0      0      0      0      0      0      0      0      0      0      0      0      0      0      0      0      0      0 
     0      0      0      0      0      0      0      0      0      0      0      0      0      0      0      0      0      0      0 
     0      0      0      0      0      0      0      0      0      0      0      0      0      0      0      0      0      0      0 
0 -1 -1
     1     57    201      1    233    255      1      1    255    255      0      0    255    169      0      0     78      0      0 
  3628   6194  14459   3927  10035  11980   3277   3993  14173  10263   3512   3321  17727   8304   3745   3570  12887   4370   3938 
 17236  13361     51    153  14459  11980   6194  10035   3628   3927  10263  14173   3993  17727  12887   8304   4370   3745   3938   3570   3321   3512   3277  13284  26305      0      0  65535 
     0      0      0      0      0      0      0      0      0      0      0      0      0      0      0      0      0      0      0 
     0      0      0      0      0      0      0      0      0      0      0      0      0      0      0      0      0      0      0 
     0      0      0      0      0      0      0      0      0      0      0      0      0      0      0      0      0      0      0 
0 -1 -1
     1     57    197      1    232    255      1      1    255    255      0      0    255    175      0      0     75      0      0 
  3628   6210  14242   3927   9998  11928   3277   3994  14095  10332   3514   3321  17523   8436   3747   3570  12750   4371   3938 
 17236  13361     51    153  14242  11928   6210   9998   3628   3927  10332  14095   3994  17523  12750   8436   4371   3747   3938   3570   3321   3514   3277  13283  26304      0      0  65535 
     0      0      0      0      0      0      0      0      0      0      0      0      0      0      0      0      0      0      0 
     0      0      0      0      0      0      0      0      0      0      0      0      0      0      0      0      0      0      0 
     0      0      0      0      0      0      0      0      0      0      0      0      0      0      0      0      0      0      0 
0 -1 -1
     1     56    189      1    227    255      1      1    255    255      0      0    255    178      0      0     73      0      0 
  3630   6165  13898   3928   9883  11783   3277   3995  13961  10330   3513   3322  17299   8522   3748   3570  12666   4372   3939 
 17236  13361     51    153  13898  11783   6165   9883   3630   3928  10330  13961   3995  17299  12666   8522   4372   3748   3939   3570   3322   3513   3277  13283  26304      0      0  65535 
     0      0      0      0      0      0      0      0      0      0      0      0      0      0      0      0      0      0      0 
     0      0      0      0      0      0      0      0      0      0      0      0      0      0      0      0      0      0      0 
     0      0      0      0      0      0      0      0      0      0      0      0      0      0      0      0      0      0      0 
0 -1 -1
     1     56    183      1    223    255      1      1    255    255      0      0    255    177      0      0     67      0      0 
  3630   6157  13624   3930   9792  11619   3276   3996  13794  10233   3516   3323  16980   8481   3751   3571  12402   4373   3940 
 17236  13361     51    153  13624  11619   6157   9792   3630   3930  10233  13794   3996  16980  12402   8481   4373   3751   3940   3571   3323   3516   3276  13283  26305      0      0  65535 
     0      0      0      0      0      0      0      0      0      0      0      0      0      0      0      0      0      0      0 
     0      0      0      0      0      0      0      0      0      0      0      0      0      0      0      0      0      0      0 
     0      0      0      0      0      0      0      0      0      0      0      0      0      0      0      0      0      0      0 
0 -1 -1
     1     55    174      1    218    255      1      1    255    255      0      0    255    172      0      0     63      0      0 
  3630   6123  13203   3929   9648  11318   3273   3995  13543  10036   3516   3323  16587   8372   3752   3571  12211   4376   3941 
 17236  13361     51    153  13203  11318   6123   9648   3630   3929  10036  13543   3995  16587  12211   8372   4376   3752   3941   3571   3323   3516   3273  13284  26304      0      0  65535 
     0      0      0      0      0      0      0      0      0      0      0      0      0      0      0      0      0      0      0 
     0      0      0      0      0      0      0      0      0      0      0      0      0      0      0      0      0      0      0 
     0      0      0      0      0      0      0      0      0      0      0      0      0      0      0      0      0      0      0 
0 -1 -1
     1     56    169      1    216    255      1      1    255    255      0      0    255    170      0      0     60      0      0 
  3630   6146  12935   3929   9592  11119   3273   3995  13422   9914   3518   3326  16353   8307   3755   3574  12085   4376   3942 
 17236  13361     51    153  12935  11119   6146   9592   3630   3929   9914  13422   3995  16353  12085   8307   4376   3755   3942   3574   3326   3518   3273  13277  26304      0      1  65535 
     0      0      0      0      0      0      0      0      0      0      0      0      0      0      0      0      0      0      0 
     0      0      0      0      0      0      0      0      0      0      0      0      0      0      0      0      0      0      0 
     0      0      0      0      0      0      0      0      0      0      0      0      0      0      0      0      0      0      0 
0 -1 -1
     1     57    166      1    215    255      1      1    255    255      0      0    253    173      0      0     63      0      0 
  3633   6193  12803   3931   9577  11071   3274   3993  13340   9947   3519   3324  16168   8385   3756   3574  12205   4379   3941 
 17236  13361     51    153  12803  11071   6193   9577   3633   3931   9947  13340   3993  16168  12205   8385   4379   3756   3941   3574   3324   3519   3274  13277  26304      1      0  65535 
     0      0      0      0      0      0      0      0      0      0      0      0      0      0      0      0      0      0      0 
     0      0      0      0      0      0      0      0      0      0      0      0      0      0      0      0      0      0      0 
     0      0      0      0      0      0      0      0      0      0      0      0      0      0      0      0      0      0      0 
0 -1 -1
     1     56    164      1    213    255      1      1    255    255      0      0    253    177      0      0     63      0      0 
  3630   6180  12690   3929   9537  11063   3272   3995  13322  10016   3519   3324  16161   8480   3756   3573  12187   4377   3941 
 17236  13361     51    153  12690  11063   6180   9537   3630   3929  10016  13322   3995  16161  12187   8480   4377   3756   3941   3573   3324   3519   3272  13278  26304      0      0  65535 
     0      0      0      0      0      0      0      0      0      0      0      0      0      0      0      0      0      0      0 
     0      0      0      0      0      0      0      0      0      0      0      0      0      0      0      0      0      0      0 
     0      0      0      0      0      0      0      0      0      0      0      0      0      0      0      0      0      0      0 
0 -1 -1
     1     56    162      1    212    255      1      1    255    255      0      0    254    181      0      0     64      0      0 
  3630   6161  12599   3929   9505  11053   3273   3993  13339  10079   3519   3325  16209   8581   3757   3574  12241   4377   3939 
 17236  13361     51    152  12599  11053   6161   9505   3630   3929  10079  13339   3993  16209  12241   8581   4377   3757   3939   3574   3325   3519   3273  13280  26304      0      0  65535 
     0      0      0      0      0      0      0      0      0      0      0      0      0      0      0      0      0      0      0 
     0      0      0      0      0      0      0      0      0      0      0      0      0      0      0      0      0      0      0 
     0      0      0      0      0      0      0      0      0      0      0      0      0      0      0      0      0      0      0 
0 -1 -1
     1     55    157      1    207    255      1      1    255    255      0      0    249    181      0      0     61      0      0 
  3632   6114  12392   3930   9382  10935   3274   3994  13172  10031   3520   3327  15989   8579   3758   3573  12099   4378   3941 
 17236  13361     51    153  12392  10935   6114   9382   3632   3930  10031  13172   3994  15989  12099   8579   4378   3758   3941   3573   3327   3520   3274  13279  26304      0      0  65535 
     0      0      0      0      0      0      0      0      0      0      0      0      0      0      0      0      0      0      0 
     0      0      0      0      0      0      0      0      0      0      0      0      0      0      0      0      0      0      0 
     0      0      0      0      0      0      0      0      0      0      0      0      0      0      0      0      0      0      0 
0 -1 -1
     1     53    150      1    202    255      1      1    255    253      0      0    245    177      0      0     58      0      0 
  3631   6051  12063   3930   9254  10696   3271   3997  13031   9864   3521   3326  15837   8484   3761   3574  11967   4381   3942 
 17236  13361     51    153  12063  10696   6051   9254   3631   3930   9864  13031   3997  15837  11967   8484   4381   3761   3942   3574   3326   3521   3271  13279  26305      0      0  65535 
     0      0      0      0      0      0      0      0      0      0      0      0      0      0      0      0      0      0      0 
     0      0      0      0      0      0      0      0      0      0      0      0      0      0      0      0      0      0      0 
     0      0      0      0      0      0      0      0      0      0      0      0      0      0      0      0      0      0      0 
0 -1 -1
     1     51    140      1    193    243      1      1    255    242      0      0    237    171      0      0     54      0      0 
  3631   5938  11580   3930   9031  10332   3269   3994  12738   9609   3523   3328  15505   8337   3763   3576  11792   4384   3943 
 17236  13361     51    152  11580  10332   5938   9031   3631   3930   9609  12738   3994  15505  11792   8337   4384   3763   3943   3576   3328   3523   3269  13280  26305      0      0  65535 
     0      0      0      0      0      0      0      0      0      0      0      0      0      0      0      0      0      0      0 
     0      0      0      0      0      0      0      0      0      0      0      0      0      0      0      0      0      0      0 
     0      0      0      0      0      0      0      0      0      0      0      0      0      0      0      0      0      0      0 
0 -1 -1
     1     48    128      1    181    226      1      1    255    229      0      0    223    165      0      0     49      0      0 
  3632   5814  11009   3929   8729   9897   3264   3991  12284   9317   3526   3330  14925   8190   3768   3579  11577   4385   3944 
 17236  13361     51    153  11009   9897   5814   8729   3632   3929   9317  12284   3991  14925  11577   8190   4385   3768   3944   3579   3330   3526   3264  13281  26304      0      0  65535 
     0      0      0      0      0      0      0      0      0      0      0      0      0      0      0      0      0      0      0 
     0      0      0      0      0      0      0      0      0      0      0      0      0      0      0      0      0      0      0 
     0      0      0      0      0      0      0      0      0      0      0      0      0      0      0      0      0      0      0 
0 -1 -1
     1     43    113      1    161    207      1      1    241    214      0      0    202    155      0      0     43      0      0 
  3632   5590  10340   3927   8208   9385   3262   3988  11533   8951   3531   3333  14019   7968   3774   3582  11313   4391   3947 
 17236  13361     51    153  10340   9385   5590   8208   3632   3927   8951  11533   3988  14019  11313   7968   4391   3774   3947   3582   3333   3531   3262  13281  26304      0      0  65535 
     0      0      0      0      0      0      0      0      0      0      0      0      0      0      0      0      0      0      0 
     0      0      0      0      0      0      0      0      0      0      0      0      0      0      0      0      0      0      0 
     0      0      0      0      0      0      0      0      0      0      0      0      0      0      0      0      0      0      0 
0 -1 -1
     1     32     90      1    118    171      1      1    184    178      0      0    162    129      0      0     36      0      0 
  3626   5123   9217   3923   7125   8414   3260   3984  10042   8113   3539   3336  12357   7339   3788   3587  10994   4395   3951 
 17236  13361     51    153   9217   8414   5123   7125   3626   3923   8113  10042   3984  12357  10994   7339   4395   3788   3951   3587   3336   3539   3260  13280  26304      0      0  65535 
     0      0      0      0      0      0      0      0      0      0      0      0      0      0      0      0      0      0      0 
     0      0      0      0      0      0      0      0      0      0      0      0      0      0      0      0      0      0      0 
     0      0      0      0      0      0      0      0      0      0      0      0      0      0      0      0      0      0      0 
0 -1 -1
     0     24     68      1     77    137      1      1    129    143      0      0    123    103      0      0     29      0      0 
  3621   4759   8204   3917   6099   7501   3258   3980   8582   7294   3546   3343  10704   6722   3802   3593  10663   4400   3956 
 17236  13361     51    152   8204   7501   4759   6099   3621   3917   7294   8582   3980  10704  10663   6722   4400   3802   3956   3593   3343   3546   3258  13282  26304      0      0  65535 
     0      0      0      0      0      0      0      0      0      0      0      0      0      0      0      0      0      0      0 
     0      0      0      0      0      0      0      0      0      0      0      0      0      0      0      0      0      0      0 
     0      0      0      0      0      0      0      0      0      0      0      0      0      0      0      0      0      0      0 
0 -1 -1
     0     16     36      1     39     86      1      1     59     92      0      0     63     67      0      0     17      0      0 
  3618   4409   6699   3912   5118   6121   3246   3969   6741   6103   3552   3349   8202   5860   3817   3600  10105   4407   3962 
 17236  13361     51    152   6699   6121   4409   5118   3618   3912   6103   6741   3969   8202  10105   5860   4407   3817   3962   3600   3349   3552   3246  13284  26305      0      0  65535 
     0      0      0      0      0      0      0      0      0      0      0      0      0      0      0      0      0      0      0 
     0      0      0      0      0      0      0      0      0      0      0      0      0      0      0      0      0      0      0 
     0      0      0      0      0      0      0      0      0      0      0      0      0      0      0      0      0      0      0 
0 -1 -1
     0      6      0      0      7     23      0      0      0     29      0      0      0     21      0      0      2      0      0 
  3607   4006   4872   3899   4325   4440   3230   3950   4771   4634   3553   3355   5241   4761   3827   3607   9436   4409   3970 
 17236  13361     51    153   4872   4440   4006   4325   3607   3899   4634   4771   3950   5241   9436   4761   4409   3827   3970   3607   3355   3553   3230  13285  26305      0      0  65535 
     0      0      0      0      0      0      0      0      0      0      0      0      0      0      0      0      0      0      0 
     0      0      0      0      0      0      0      0      0      0      0      0      0      0      0      0      0      0      0 
     0      0      0      0      0      0      0      0      0      0      0      0      0      0      0      0      0      0      0 
0 -1 -1
     0      0      0      0      0      0      0      0      0      1      0      0      0      1      0      0      0      0      0 
  3596   3741   3722   3878   3860   3605   3215   3926   4040   3988   3545   3357   3878   4270   3822   3610   9162   4404   3969 
 17236  13361     51    152   3722   3605   3741   3860   3596   3878   3988   4040   3926   3878   9162   4270   4404   3822   3969   3610   3357   3545   3215  13284  26305      0      0  65535 
     0      0      0      0      0      0      0      0      0      0      0      0      0      0      0      0      0      0      0 
     0      0      0      0      0      0      0      0      0      0      0      0      0      0      0      0      0      0      0 
     0      0      0      0      0      0      0      0      0      0      0      0      0      0      0      0      0      0      0 
0 -1 -1
     0      0      0      0      0      0      0      0      0      0      0      0      0      0      0      0      0      0      0 
  3595   3731   3669   3875   3849   3549   3215   3923   4031   3973   3542   3357   3873   4257   3822   3611   9135   4404   3970 
 17236  13361     51    153   3669   3549   3731   3849   3595   3875   3973   4031   3923   3873   9135   4257   4404   3822   3970   3611   3357   3542   3215  13283  26304      0      0  65535 
     0      0      0      0      0      0      0      0      0      0      0      0      0      0      0      0      0      0      0 
     0      0      0      0      0      0      0      0      0      0      0      0      0      0      0      0      0      0      0 
     0      0      0      0      0      0      0      0      0      0      0      0      0      0      0      0      0      0      0 
0 -1 -1
     0      0      0      0      0      0      0      0      0      0      0      0      0      0      0      0      0      0      0 
  3593   3730   3667   3876   3849   3550   3215   3925   4028   3970   3543   3357   3871   4254   3822   3611   9122   4403   3971 
 17236  13361     51    153   3667   3550   3730   3849   3593   3876   3970   4028   3925   3871   9122   4254   4403   3822   3971   3611   3357   3543   3215  13283  26304      0      0  65535 
     0      0      0      0      0      0      0      0      0      0      0      0      0      0      0      0      0      0      0 
     0      0      0      0      0      0      0      0      0      0      0      0      0      0      0      0      0      0      0 
     0      0      0      0      0      0      0      0      0      0      0      0      0      0      0      0      0      0      0 
0 -1 -1
     0      0      0      0      0      0      0      0      0      0      0      0      0      0      0      0      0      0      0 
  3593   3730   3667   3875   3847   3550   3215   3923   4026   3970   3544   3357   3869   4254   3821   3612   9121   4401   3969 
 17236  13361     51    153   3667   3550   3730   3847   3593   3875   3970   4026   3923   3869   9121   4254   4401   3821   3969   3612   3357   3544   3215  13285  26305      0      0  65535 
     0      0      0      0      0      0      0      0      0      0      0      0      0      0      0      0      0      0      0 
     0      0      0      0      0      0      0      0      0      0      0      0      0      0      0      0      0      0      0 
     0      0      0      0      0      0      0      0      0      0      0      0      0      0      0      0      0      0      0 
0 -1 -1
     0      0      0      0      0      0      0      0      0      0      0      0      0      0      0      0      0      0      0 
  3594   3728   3666   3875   3849   3547   3215   3922   4025   3969   3543   3357   3867   4254   3821   3611   9118   4404   3970 
 17236  13361     51    153   3666   3547   3728   3849   3594   3875   3969   4025   3922   3867   9118   4254   4404   3821   3970   3611   3357   3543   3215  13285  26305      0      0  65535 
     0      0      0      0      0      0      0      0      0      0      0      0      0      0      0      0      0      0      0 
     0      0      0      0      0      0      0      0      0      0      0      0      0      0      0      0      0      0      0 
     0      0      0      0      0      0      0      0      0      0      0      0      0      0      0      0      0      0      0 
0 -1 -1
     0      0      0      0      0      0      0      0      0      0      0      0      0      0      0      0      0      0      0 
  3592   3729   3666   3874   3848   3548   3215   3922   4026   3968   3542   3357   3868   4253   3820   3611   9117   4404   3971 
 17236  13361     51    153   3666   3548   3729   3848   3592   3874   3968   4026   3922   3868   9117   4253   4404   3820   3971   3611   3357   3542   3215  13284  26305      0      0  65535 
     0      0      0      0      0      0      0      0      0      0      0      0      0      0      0      0      0      0      0 
     0      0      0      0      0      0      0      0      0      0      0      0      0      0      0      0      0      0      0 
     0      0      0      0      0      0      0      0      0      0      0      0      0      0      0      0      0      0      0 
0 -1 -1
     0      0      0      0      0      0      0      0      0      0      0      0      0      0      0      0      0      0      0 
  3592   3730   3667   3874   3847   3547   3215   3921   4025   3968   3541   3356   3867   4254   3820   3613   9117   4403   3970 
 17236  13361     51    152   3667   3547   3730   3847   3592   3874   3968   4025   3921   3867   9117   4254   4403   3820   3970   3613   3356   3541   3215  13284  26305      0      0  65535 
     0      0      0      0      0      0      0      0      0      0      0      0      0      0      0      0      0      0      0 
     0      0      0      0      0      0      0      0      0      0      0      0      0      0      0      0      0      0      0 
     0      0      0      0      0      0      0      0      0      0      0      0      0      0      0      0      0      0      0 
0 -1 -1
     0      0      0      0      0      0      0      0      0      0      0      0      0      0      0      0      0      0      0 
  3593   3728   3665   3873   3846   3546   3214   3923   4024   3967   3543   3356   3866   4253   3820   3611   9118   4403   3970 
 17236  13361     51    153   3665   3546   3728   3846   3593   3873   3967   4024   3923   3866   9118   4253   4403   3820   3970   3611   3356   3543   3214  13284  26305      0      0  65535 
     0      0      0      0      0      0      0      0      0      0      0      0      0      0      0      0      0      0      0 
     0      0      0      0      0      0      0      0      0      0      0      0      0      0      0      0      0      0      0 
     0      0      0      0      0      0      0      0      0      0      0      0      0      0      0      0      0      0      0 
0 -1 -1
     0      0      0      0      0      0      0      0      0      0      0      0      0      0      0      0      0      0      0 
  3592   3730   3666   3874   3845   3546   3214   3922   4024   3967   3542   3358   3866   4253   3819   3611   9104   4403   3971 
 17236  13361     51    152   3666   3546   3730   3845   3592   3874   3967   4024   3922   3866   9104   4253   4403   3819   3971   3611   3358   3542   3214  13285  26305      0      0  65535 
     0      0      0      0      0      0      0      0      0      0      0      0      0      0      0      0      0      0      0 
     0      0      0      0      0      0      0      0      0      0      0      0      0      0      0      0      0      0      0 
     0      0      0      0      0      0      0      0      0      0      0      0      0      0      0      0      0      0      0 
0 -1 -1
     0      0      0      0      0      0      0      0      0      0      0      0      0      0      0      0      0      0      0 
  3593   3729   3666   3874   3846   3546   3214   3921   4024   3967   3543   3357   3865   4252   3821   3611   9112   4403   3971 
 17236  13361     51    153   3666   3546   3729   3846   3593   3874   3967   4024   3921   3865   9112   4252   4403   3821   3971   3611   3357   3543   3214  13286  26304      0      0  65535 
     0      0      0      0      0      0      0      0      0      0      0      0      0      0      0      0      0      0      0 
     0      0      0      0      0      0      0      0      0      0      0      0      0      0      0      0      0      0      0 
     0      0      0      0      0      0      0      0      0      0      0      0      0      0      0      0      0      0      0 
0 -1 -1
     0      0      0      0      0      0      0      0      0      0      0      0      0      0      0      0      0      0      0 
  3593   3728   3666   3874   3845   3546   3214   3923   4024   3967   3543   3357   3869   4253   3820   3610   9118   4403   3970 
 17236  13361     51    152   3666   3546   3728   3845   3593   3874   3967   4024   3923   3869   9118   4253   4403   3820   3970   3610   3357   3543   3214  13284  26304      0      0  65535 
     0      0      0      0      0      0      0      0      0      0      0      0      0      0      0      0      0      0      0 
     0      0      0      0      0      0      0      0      0      0      0      0      0      0      0      0      0      0      0 
     0      0      0      0      0      0      0      0      0      0      0      0      0      0      0      0      0      0      0 
0 -1 -1
     0      0      0      0      0      0      0      0      0      0      0      0      0      0      0      0      0      0      0 
  3592   3729   3666   3873   3845   3547   3214   3922   4024   3967   3541   3357   3867   4251   3819   3610   9100   4402   3970 
 17236  13361     51    153   3666   3547   3729   3845   3592   3873   3967   4024   3922   3867   9100   4251   4402   3819   3970   3610   3357   3541   3214  13284  26305      0      0  65535 
     0      0      0      0      0      0      0      0      0      0      0      0      0      0      0      0      0      0      0 
     0      0      0      0      0      0      0      0      0      0      0      0      0      0      0      0      0      0      0 
     0      0      0      0      0      0      0      0      0      0      0      0      0      0      0      0      0      0      0 
0 -1 -1
     0      0      0      0      0      0      0      0      0      0      0      0      0      0      0      0      0      0      0 
  3592   3727   3666   3873   3845   3547   3214   3922   4022   3966   3543   3358   3866   4251   3818   3610   9100   4402   3969 
 17236  13361     51    153   3666   3547   3727   3845   3592   3873   3966   4022   3922   3866   9100   4251   4402   3818   3969   3610   3358   3543   3214  13286  26305      0      0  65535 
     0      0      0      0      0      0      0      0      0      0      0      0      0      0      0      0      0      0      0 
     0      0      0      0      0      0      0      0      0      0      0      0      0      0      0      0      0      0      0 
     0      0      0      0      0      0      0      0      0      0      0      0      0      0      0      0      0      0      0 
0 -1 -1
     0      0      0      0      0      0      0      0      0      0      0      0      0      0      0      0      0      0      0 
  3593   3727   3666   3875   3846   3545   3214   3922   4022   3965   3542   3356   3866   4251   3821   3609   9118   4402   3970 
 17236  13361     51    152   3666   3545   3727   3846   3593   3875   3965   4022   3922   3866   9118   4251   4402   3821   3970   3609   3356   3542   3214  13285  26305      0      0  65535 
     0      0      0      0      0      0      0      0      0      0      0      0      0      0      0      0      0      0      0 
     0      0      0      0      0      0      0      0      0      0      0      0      0      0      0      0      0      0      0 
     0      0      0      0      0      0      0      0      0      0      0      0      0      0      0      0      0      0      0 
0 -1 -1
     0      0      0      0      0      0      0      0      0      0      0      0      0      0      0      0      0      0      0 
  3591   3727   3666   3873   3845   3547   3214   3921   4024   3965   3542   3356   3867   4252   3820   3610   9103   4400   3970 
 17236  13361     51    152   3666   3547   3727   3845   3591   3873   3965   4024   3921   3867   9103   4252   4400   3820   3970   3610   3356   3542   3214  13285  26305      0      0  65535 
     0      0      0      0      0      0      0      0      0      0      0      0      0      0      0      0      0      0      0 
     0      0      0      0      0      0      0      0      0      0      0      0      0      0      0      0      0      0      0 
     0      0      0      0      0      0      0      0      0      0      0      0      0      0      0      0      0      0      0 
0 -1 -1
     0      0      0      0      0      0      0      0      0      0      0      0      0      0      0      0      0      0      0 
  3591   3727   3666   3874   3846   3547   3213   3920   4024   3966   3542   3357   3866   4251   3819   3611   9108   4402   3970 
 17236  13361     51    152   3666   3547   3727   3846   3591   3874   3966   4024   3920   3866   9108   4251   4402   3819   3970   3611   3357   3542   3213  13285  26305      0      0  65535 
     0      0      0      0      0      0      0      0      0      0      0      0      0      0      0      0      0      0      0 
     0      0      0      0      0      0      0      0      0      0      0      0      0      0      0      0      0      0      0 
     0      0      0      0      0      0      0      0      0      0      0      0      0      0      0      0      0      0      0 
0 -1 -1
     0      0      0      0      0      0      0      0      0      0      0      0      0      0      0      0      0      0      0 
  3593   3727   3666   3873   3846   3547   3213   3921   4023   3965   3541   3356   3866   4251   3819   3610   9103   4402   3971 
 17236  13361     51    153   3666   3547   3727   3846   3593   3873   3965   4023   3921   3866   9103   4251   4402   3819   3971   3610   3356   3541   3213  13283  26305      0      0  65535 
     0      0      0      0      0      0      0      0      0      0      0      0      0      0      0      0      0      0      0 
     0      0      0      0      0      0      0      0      0      0      0      0      0      0      0      0      0      0      0 
     0      0      0      0      0      0      0      0      0      0      0      0      0      0      0      0      0      0      0 
0 -1 -1
     0      0      0      0      0      0      0      0      0      0      0      0      0      0      0      0      0      0      0 
  3592   3727   3665   3873   3844   3546   3214   3920   4023   3965   3541   3357   3867   4249   3818   3610   9082   4402   3969 
 17236  13361     51    153   3665   3546   3727   3844   3592   3873   3965   4023   3920   3867   9082   4249   4402   3818   3969   3610   3357   3541   3214  13279  26305      0      0  65535 
     0      0      0      0      0      0      0      0      0      0      0      0      0      0      0      0      0      0      0 
     0      0      0      0      0      0      0      0      0      0      0      0      0      0      0      0      0      0      0 
     0      0      0      0      0      0      0      0      0      0      0      0      0      0      0      0      0      0      0 
0 -1 -1
     0      0      0      0      0      0      0      0      0      0      0      0      0      0      0      0      0      0      0 
  3592   3728   3667   3871   3843   3546   3214   3921   4023   3965   3542   3357   3867   4250   3819   3610   9102   4402   3970 
 17236  13361     51    153   3667   3546   3728   3843   3592   3871   3965   4023   3921   3867   9102   4250   4402   3819   3970   3610   3357   3542   3214  13277  26305      0      0  65535 
     0      0      0      0      0      0      0      0      0      0      0      0      0      0      0      0      0      0      0 
     0      0      0      0      0      0      0      0      0      0      0      0      0      0      0      0      0      0      0 
     0      0      0      0      0      0      0      0      0      0      0      0      0      0      0      0      0      0      0 
0 -1 -1
     0      0      0      0      0      0      0      0      0      0      0      0      0      0      0      0      0      0      0 
  3591   3728   3667   3872   3845   3546   3214   3920   4023   3964   3541   3356   3866   4250   3820   3610   9085   4402   3970 
 17236  13361     51    153   3667   3546   3728   3845   3591   3872   3964   4023   3920   3866   9085   4250   4402   3820   3970   3610   3356   3541   3214  13278  26304      0      1  65535 
     0      0      0      0      0      0      0      0      0      0      0      0      0      0      0      0      0      0      0 
     0      0      0      0      0      0      0      0      0      0      0      0      0      0      0      0      0      0      0 
     0      0      0      0      0      0      0      0      0      0      0      0      0      0      0      0      0      0      0 
0 -1 -1
     0      0      0      0      0      0      0      0      0      0      0      0      0      0      0      0      0      0      0 
  3591   3728   3667   3873   3844   3546   3214   3922   4022   3965   3542   3357   3864   4250   3818   3610   9094   4403   3970 
 17236  13361     51    153   3667   3546   3728   3844   3591   3873   3965   4022   3922   3864   9094   4250   4403   3818   3970   3610   3357   3542   3214  13279  26304      0      1  65535 
     0      0      0      0      0      0      0      0      0      0      0      0      0      0      0      0      0      0      0 
     0      0      0      0      0      0      0      0      0      0      0      0      0      0      0      0      0      0      0 
     0      0      0      0      0      0      0      0      0      0      0      0      0      0      0      0      0      0      0 
0 -1 -1
