     0      0      0      0      0      0     41      0      0      0     76    100      0      0     93     81      0     54     59 
  3583   3710   3663   3863   3812   3529   5821   3909   3992   3930   6070   7653   3848   4239   6609   9471   9082   7422   9060 
 17236  13361     51    148   3663   3529   3710   3812   3583   3863   3930   3992   3909   3848   9082   4239   7422   6609   9060   9471   7653   6070   5821  13276  26304      0      0  65535 
     0      0      0      0      0      0      0      0      0      0      0      0      0      0      0      0      0      0      0 
     0      0      0      0      0      0      0      0      0      0      0      0      0      0      0      0      0      0      0 
     0      0      0      0      0      0      0      0      0      0      0      0      0      0      0      0      0      0      0 
0 -1 -1
     0      0      0      0      0      0     44      0      0      0     80    108      0      0     99     86      0     58     62 
  3583   3711   3662   3861   3811   3530   5921   3908   3990   3929   6196   7927   3845   4239   6742   9730   9084   7566   9289 
 17236  13361     51    148   3662   3530   3711   3811   3583   3861   3929   3990   3908   3845   9084   4239   7566   6742   9289   9730   7927   6196   5921  13276  26304      0      0  65535 
     0      0      0      0      0      0      0      0      0      0      0      0      0      0      0      0      0      0      0 
     0      0      0      0      0      0      0      0      0      0      0      0      0      0      0      0      0      0      0 
     0      0      0      0      0      0      0      0      0      0      0      0      0      0      0      0      0      0      0 
0 -1 -1
     0      0      0      0      0      0     47      0      0      0     88    121      0      0    108     96      0     64     70 
  3583   3709   3663   3861   3809   3526   6062   3908   3988   3927   6391   8380   3844   4238   6970  10225   9078   7843   9776 
 17236  13361     51    148   3663   3526   3709   3809   3583   3861   3927   3988   3908   3844   9078   4238   7843   6970   9776  10225   8380   6391   6062  13276  26304      0      0  65535 
     0      0      0      0      0      0      0      0      0      0      0      0      0      0      0      0      0      0      0 
     0      0      0      0      0      0      0      0      0      0      0      0      0      0      0      0      0      0      0 
     0      0      0      0      0      0      0      0      0      0      0      0      0      0      0      0      0      0      0 
0 -1 -1
     0      0      0      0      0      0     50      0      0      0     94    130      0      0    116    102      0     69     74 
  3582   3708   3660   3860   3808   3527   6209   3909   3987   3927   6571   8698   3845   4239   7172  10516   9090   8076  10060 
 17236  13361     51    147   3660   3527   3708   3808   3582   3860   3927   3987   3909   3845   9090   4239   8076   7172  10060  10516   8698   6571   6209  13281  26304      0      0  65535 
     0      0      0      0      0      0      0      0      0      0      0      0      0      0      0      0      0      0      0 
     0      0      0      0      0      0      0      0      0      0      0      0      0      0      0      0      0      0      0 
     0      0      0      0      0      0      0      0      0      0      0      0      0      0      0      0      0      0      0 
0 -1 -1
     0      0      0      0      0      0     55      0      0      0    102    141      0      0    124    107      0     73     78 
  3582   3707   3660   3859   3806   3525   6410   3908   3985   3923   6783   9062   3844   4239   7386  10789   9068   8290  10308 
 17236  13361     51    147   3660   3525   3707   3806   3582   3859   3923   3985   3908   3844   9068   4239   8290   7386  10308  10789   9062   6783   6410  13278  26304      0      0  65535 
     0      0      0      0      0      0      0      0      0      0      0      0      0      0      0      0      0      0      0 
     0      0      0      0      0      0      0      0      0      0      0      0      0      0      0      0      0      0      0 
     0      0      0      0      0      0      0      0      0      0      0      0      0      0      0      0      0      0      0 
0 -1 -1
     0      0      0      0      0      0     59      0      0      0    109    155      0      0    132    115      0     77     84 
  3581   3706   3659   3858   3803   3525   6581   3906   3983   3921   6966   9532   3844   4237   7573  11217   9060   8474  10712 
 17236  13361     51    147   3659   3525   3706   3803   3581   3858   3921   3983   3906   3844   9060   4237   8474   7573  10712  11217   9532   6966   6581  13280  26304      0      0  65535 
     0      0      0      0      0      0      0      0      0      0      0      0      0      0      0      0      0      0      0 
     0      0      0      0      0      0      0      0      0      0      0      0      0      0      0      0      0      0      0 
     0      0      0      0      0      0      0      0      0      0      0      0      0      0      0      0      0      0      0 
0 -1 -1
     0      0      0      0      0      0     60      0      0      0    111    161      0      0    136    118      0     80     87 
  3580   3706   3660   3858   3802   3524   6631   3906   3982   3920   7041   9748   3843   4238   7682  11382   9061   8604  10914 
 17236  13361     51    146   3660   3524   3706   3802   3580   3858   3920   3982   3906   3843   9061   4238   8604   7682  10914  11382   9748   7041   6631  13281  26304      0      0  65535 
     0      0      0      0      0      0      0      0      0      0      0      0      0      0      0      0      0      0      0 
     0      0      0      0      0      0      0      0      0      0      0      0      0      0      0      0      0      0      0 
     0      0      0      0      0      0      0      0      0      0      0      0      0      0      0      0      0      0      0 
0 -1 -1
     0      0      0      0      0      0     62      0      0      0    116    167      0      0    143    121      0     85     90 
  3580   3704   3659   3859   3802   3522   6719   3906   3982   3921   7167   9939   3843   4239   7842  11529   9057   8813  11092 
 17236  13361     51    146   3659   3522   3704   3802   3580   3859   3921   3982   3906   3843   9057   4239   8813   7842  11092  11529   9939   7167   6719  13281  26304      0      0  65535 
     0      0      0      0      0      0      0      0      0      0      0      0      0      0      0      0      0      0      0 
     0      0      0      0      0      0      0      0      0      0      0      0      0      0      0      0      0      0      0 
     0      0      0      0      0      0      0      0      0      0      0      0      0      0      0      0      0      0      0 
0 -1 -1
     0      0      0      0      0      0     66      0      0      0    122    174      0      0    149    124      0     88     92 
  3580   3704   3659   3857   3801   3523   6882   3906   3981   3919   7335  10164   3843   4240   8006  11683   9061   8981  11247 
 17236  13361     51    146   3659   3523   3704   3801   3580   3857   3919   3981   3906   3843   9061   4240   8981   8006  11247  11683  10164   7335   6882  13281  26304      0      1  65535 
     0      0      0      0      0      0      0      0      0      0      0      0      0      0      0      0      0      0      0 
     0      0      0      0      0      0      0      0      0      0      0      0      0      0      0      0      0      0      0 
     0      0      0      0      0      0      0      0      0      0      0      0      0      0      0      0      0      0      0 
0 -1 -1
     0      0      0      0      0      0     70      0      0      0    129    183      0      0    156    129      0     92     96 
  3579   3703   3660   3858   3798   3523   7071   3905   3979   3918   7516  10487   3842   4239   8175  11938   9066   9138  11461 
 17236  13361     51    146   3660   3523   3703   3798   3579   3858   3918   3979   3905   3842   9066   4239   9138   8175  11461  11938  10487   7516   7071  13281  26305      0      1  65535 
     0      0      0      0      0      0      0      0      0      0      0      0      0      0      0      0      0      0      0 
     0      0      0      0      0      0      0      0      0      0      0      0      0      0      0      0      0      0      0 
     0      0      0      0      0      0      0      0      0      0      0      0      0      0      0      0      0      0      0 
0 -1 -1
     0      0      0      0      0      0     74      0      0      0    134    192      0      0    162    134      0     95     99 
  3580   3705   3662   3858   3799   3523   7215   3903   3978   3916   7661  10783   3842   4239   8315  12190   9067   9275  11697 
 17236  13361     51    145   3662   3523   3705   3799   3580   3858   3916   3978   3903   3842   9067   4239   9275   8315  11697  12190  10783   7661   7215  13281  26305      0      0  65535 
     0      0      0      0      0      0      0      0      0      0      0      0      0      0      0      0      0      0      0 
     0      0      0      0      0      0      0      0      0      0      0      0      0      0      0      0      0      0      0 
     0      0      0      0      0      0      0      0      0      0      0      0      0      0      0      0      0      0      0 
0 -1 -1
     0      0      0      0      0      0     74      0      0      0    136    193      0      0    164    132      0     96     98 
  3578   3701   3659   3857   3798   3523   7246   3905   3978   3916   7700  10812   3840   4241   8364  12121   9065   9334  11637 
 17236  13361     51    145   3659   3523   3701   3798   3578   3857   3916   3978   3905   3840   9065   4241   9334   8364  11637  12121  10812   7700   7246  13281  26304      0      0  65535 
     0      0      0      0      0      0      0      0      0      0      0      0      0      0      0      0      0      0      0 
     0      0      0      0      0      0      0      0      0      0      0      0      0      0      0      0      0      0      0 
     0      0      0      0      0      0      0      0      0      0      0      0      0      0      0      0      0      0      0 
0 -1 -1
     0      0      0      0      0      0     73      0      0      0    133    188      0      0    159    127      0     93     94 
  3580   3703   3659   3858   3798   3526   7191   3904   3979   3918   7618  10643   3841   4243   8245  11817   9055   9188  11320 
 17236  13361     51    145   3659   3526   3703   3798   3580   3858   3918   3979   3904   3841   9055   4243   9188   8245  11320  11817  10643   7618   7191  13283  26304      0      0  65535 
     0      0      0      0      0      0      0      0      0      0      0      0      0      0      0      0      0      0      0 
     0      0      0      0      0      0      0      0      0      0      0      0      0      0      0      0      0      0      0 
     0      0      0      0      0      0      0      0      0      0      0      0      0      0      0      0      0      0      0 
0 -1 -1
     0      0      0      0      0      0     71      0      0      0    128    182      0      0    152    120      0     88     88 
  3579   3704   3661   3858   3800   3526   7109   3906   3982   3921   7481  10432   3843   4245   8065  11496   9058   8951  10978 
 17236  13361     51    145   3661   3526   3704   3800   3579   3858   3921   3982   3906   3843   9058   4245   8951   8065  10978  11496  10432   7481   7109  13282  26304      0      0  65535 
     0      0      0      0      0      0      0      0      0      0      0      0      0      0      0      0      0      0      0 
     0      0      0      0      0      0      0      0      0      0      0      0      0      0      0      0      0      0      0 
     0      0      0      0      0      0      0      0      0      0      0      0      0      0      0      0      0      0      0 
0 -1 -1
     0      0      0      0      0      0     60      0      0      0    108    155      0      0    131    101      0     76     75 
  3580   3707   3661   3860   3805   3530   6600   3906   3985   3929   6957   9533   3844   4248   7544  10504   9042   8419  10100 
 17236  13361     51    146   3661   3530   3707   3805   3580   3860   3929   3985   3906   3844   9042   4248   8419   7544  10100  10504   9533   6957   6600  13282  26305      0      0  65535 
     0      0      0      0      0      0      0      0      0      0      0      0      0      0      0      0      0      0      0 
     0      0      0      0      0      0      0      0      0      0      0      0      0      0      0      0      0      0      0 
     0      0      0      0      0      0      0      0      0      0      0      0      0      0      0      0      0      0      0 
0 -1 -1
     0      0      0      0      0      0     36      0      0      0     71    109      0      0     92     69      0     56     52 
  3584   3710   3664   3862   3813   3537   5604   3908   3994   3940   5946   7955   3847   4253   6579   8828   9053   7501   8619 
 17236  13361     51    148   3664   3537   3710   3813   3584   3862   3940   3994   3908   3847   9053   4253   7501   6579   8619   8828   7955   5946   5604  13283  26304      0      0  65535 
     0      0      0      0      0      0      0      0      0      0      0      0      0      0      0      0      0      0      0 
     0      0      0      0      0      0      0      0      0      0      0      0      0      0      0      0      0      0      0 
     0      0      0      0      0      0      0      0      0      0      0      0      0      0      0      0      0      0      0 
0 -1 -1
     0      0      0      0      0      0      2      0      0      0     13     28      0      1     27      8      0     20      6 
  3587   3717   3667   3866   3828   3550   4115   3914   4007   3961   4352   5235   3856   4262   4948   5643   9056   5830   5653 
 17236  13361     51    150   3667   3550   3717   3828   3587   3866   3961   4007   3914   3856   9056   4262   5830   4948   5653   5643   5235   4352   4115  13282  26304      0      0  65535 
     0      0      0      0      0      0      0      0      0      0      0      0      0      0      0      0      0      0      0 
     0      0      0      0      0      0      0      0      0      0      0      0      0      0      0      0      0      0      0 
     0      0      0      0      0      0      0      0      0      0      0      0      0      0      0      0      0      0      0 
0 -1 -1
     0      0      0      0      0      0      0      0      0      0      0      0      0      0      0      0      0      0      0 
  3590   3723   3668   3869   3837   3548   3308   3917   4014   3963   3605   3577   3859   4253   3934   3837   9061   4645   4102 
 17236  13361     51    152   3668   3548   3723   3837   3590   3869   3963   4014   3917   3859   9061   4253   4645   3934   4102   3837   3577   3605   3308  13283  26304      0      1  65535 
     0      0      0      0      0      0      0      0      0      0      0      0      0      0      0      0      0      0      0 
     0      0      0      0      0      0      0      0      0      0      0      0      0      0      0      0      0      0      0 
     0      0      0      0      0      0      0      0      0      0      0      0      0      0      0      0      0      0      0 
0 -1 -1
     0      0      0      0      0      0      0      0      0      0      0      0      0      0      0      0      0      0      0 
  3590   3724   3666   3869   3840   3545   3219   3917   4016   3961   3546   3357   3860   4248   3827   3616   9064   4414   3979 
 17236  13361     51    152   3666   3545   3724   3840   3590   3869   3961   4016   3917   3860   9064   4248   4414   3827   3979   3616   3357   3546   3219  13283  26304      0      0  65535 
     0      0      0      0      0      0      0      0      0      0      0      0      0      0      0      0      0      0      0 
     0      0      0      0      0      0      0      0      0      0      0      0      0      0      0      0      0      0      0 
     0      0      0      0      0      0      0      0      0      0      0      0      0      0      0      0      0      0      0 
0 -1 -1
     0      0      0      0      0      0      0      0      0      0      0      0      0      0      0      0      0      0      0 
  3591   3723   3664   3871   3840   3544   3218   3918   4015   3961   3546   3357   3860   4247   3824   3615   9066   4410   3977 
 17236  13361     51    153   3664   3544   3723   3840   3591   3871   3961   4015   3918   3860   9066   4247   4410   3824   3977   3615   3357   3546   3218  13283  26304      0      0  65535 
     0      0      0      0      0      0      0      0      0      0      0      0      0      0      0      0      0      0      0 
     0      0      0      0      0      0      0      0      0      0      0      0      0      0      0      0      0      0      0 
     0      0      0      0      0      0      0      0      0      0      0      0      0      0      0      0      0      0      0 
0 -1 -1
     0      0      0      0      0      0      0      0      0      0      0      0      0      0      0      0      0      0      0 
  3590   3724   3664   3871   3840   3544   3218   3916   4016   3961   3545   3356   3860   4247   3823   3613   9064   4410   3977 
 17236  13361     51    152   3664   3544   3724   3840   3590   3871   3961   4016   3916   3860   9064   4247   4410   3823   3977   3613   3356   3545   3218  13283  26304      0      0  65535 
     0      0      0      0      0      0      0      0      0      0      0      0      0      0      0      0      0      0      0 
     0      0      0      0      0      0      0      0      0      0      0      0      0      0      0      0      0      0      0 
     0      0      0      0      0      0      0      0      0      0      0      0      0      0      0      0      0      0      0 
0 -1 -1
     0      0      0      0      0      0      0      0      0      0      0      0      0      0      0      0      0      0      0 
  3590   3724   3666   3869   3838   3543   3217   3918   4016   3962   3543   3357   3861   4248   3821   3612   9066   4410   3976 
 17236  13361     51    153   3666   3543   3724   3838   3590   3869   3962   4016   3918   3861   9066   4248   4410   3821   3976   3612   3357   3543   3217  13283  26304      0      0  65535 
     0      0      0      0      0      0      0      0      0      0      0      0      0      0      0      0      0      0      0 
     0      0      0      0      0      0      0      0      0      0      0      0      0      0      0      0      0      0      0 
     0      0      0      0      0      0      0      0      0      0      0      0      0      0      0      0      0      0      0 
0 -1 -1
     0      0      0      0      0      0      0      0      0      0      0      0      0      0      0      0      0      0      0 
  3590   3726   3668   3869   3839   3543   3218   3916   4014   3961   3544   3357   3861   4248   3822   3612   9075   4408   3976 
 17236  13361     51    152   3668   3543   3726   3839   3590   3869   3961   4014   3916   3861   9075   4248   4408   3822   3976   3612   3357   3544   3218  13283  26304      0      0  65535 
     0      0      0      0      0      0      0      0      0      0      0      0      0      0      0      0      0      0      0 
     0      0      0      0      0      0      0      0      0      0      0      0      0      0      0      0      0      0      0 
     0      0      0      0      0      0      0      0      0      0      0      0      0      0      0      0      0      0      0 
0 -1 -1
     0      0      0      0      0      0      0      0      0      0      0      0      0      0      0      0      0      0      0 
  3590   3723   3666   3870   3839   3543   3216   3918   4016   3961   3545   3356   3860   4246   3822   3612   9061   4407   3974 
 17236  13361     51    153   3666   3543   3723   3839   3590   3870   3961   4016   3918   3860   9061   4246   4407   3822   3974   3612   3356   3545   3216  13282  26304      0      0  65535 
     0      0      0      0      0      0      0      0      0      0      0      0      0      0      0      0      0      0      0 
     0      0      0      0      0      0      0      0      0      0      0      0      0      0      0      0      0      0      0 
     0      0      0      0      0      0      0      0      0      0      0      0      0      0      0      0      0      0      0 
0 -1 -1
     0      0      0      0      0      0      0      0      0      0      0      0      0      0      0      0      0      0      0 
  3590   3724   3666   3870   3838   3544   3216   3917   4016   3958   3543   3357   3861   4246   3821   3610   9050   4407   3974 
 17236  13361     51    152   3666   3544   3724   3838   3590   3870   3958   4016   3917   3861   9050   4246   4407   3821   3974   3610   3357   3543   3216  13278  26304      0      0  65535 
     0      0      0      0      0      0      0      0      0      0      0      0      0      0      0      0      0      0      0 
     0      0      0      0      0      0      0      0      0      0      0      0      0      0      0      0      0      0      0 
     0      0      0      0      0      0      0      0      0      0      0      0      0      0      0      0      0      0      0 
0 -1 -1
     0      0      0      0      0      0      0      0      0      0      0      0      0      0      0      0      0      0      0 
  3589   3722   3665   3871   3839   3542   3216   3916   4015   3960   3543   3358   3859   4246   3821   3611   9049   4407   3973 
 17236  13361     51    153   3665   3542   3722   3839   3589   3871   3960   4015   3916   3859   9049   4246   4407   3821   3973   3611   3358   3543   3216  13277  26304      0      0  65535 
     0      0      0      0      0      0      0      0      0      0      0      0      0      0      0      0      0      0      0 
     0      0      0      0      0      0      0      0      0      0      0      0      0      0      0      0      0      0      0 
     0      0      0      0      0      0      0      0      0      0      0      0      0      0      0      0      0      0      0 
0 -1 -1
     0      0      0      0      0      0      0      0      0      0      0      0      0      0      0      0      0      0      0 
  3589   3723   3667   3869   3839   3543   3214   3918   4015   3959   3543   3356   3860   4245   3820   3612   9054   4406   3974 
 17236  13361     51    152   3667   3543   3723   3839   3589   3869   3959   4015   3918   3860   9054   4245   4406   3820   3974   3612   3356   3543   3214  13278  26304      0      0  65535 
     0      0      0      0      0      0      0      0      0      0      0      0      0      0      0      0      0      0      0 
     0      0      0      0      0      0      0      0      0      0      0      0      0      0      0      0      0      0      0 
     0      0      0      0      0      0      0      0      0      0      0      0      0      0      0      0      0      0      0 
0 -1 -1
     0      0      0      0      0      0      0      0      0      0      0      0      0      0      0      0      0      0      0 
  3591   3723   3666   3870   3840   3543   3216   3917   4017   3959   3542   3356   3859   4246   3820   3611   9056   4407   3974 
 17236  13361     51    153   3666   3543   3723   3840   3591   3870   3959   4017   3917   3859   9056   4246   4407   3820   3974   3611   3356   3542   3216  13279  26304      0      1  65535 
     0      0      0      0      0      0      0      0      0      0      0      0      0      0      0      0      0      0      0 
     0      0      0      0      0      0      0      0      0      0      0      0      0      0      0      0      0      0      0 
     0      0      0      0      0      0      0      0      0      0      0      0      0      0      0      0      0      0      0 
0 -1 -1
     0      0      0      0      0      0      0      0      0      0      0      0      0      0      0      0      0      0      0 
  3589   3725   3666   3869   3838   3544   3215   3918   4015   3960   3543   3355   3859   4246   3820   3611   9049   4406   3974 
 17236  13361     51    152   3666   3544   3725   3838   3589   3869   3960   4015   3918   3859   9049   4246   4406   3820   3974   3611   3355   3543   3215  13280  26304      0      0  65535 
     0      0      0      0      0      0      0      0      0      0      0      0      0      0      0      0      0      0      0 
     0      0      0      0      0      0      0      0      0      0      0      0      0      0      0      0      0      0      0 
     0      0      0      0      0      0      0      0      0      0      0      0      0      0      0      0      0      0      0 
0 -1 -1
     0      0      0      0      0      0      0      0      0      0      0      0      0      0      0      0      0      0      0 
  3589   3724   3665   3869   3840   3544   3216   3916   4016   3960   3541   3356   3860   4247   3820   3612   9066   4405   3974 
 17236  13361     51    152   3665   3544   3724   3840   3589   3869   3960   4016   3916   3860   9066   4247   4405   3820   3974   3612   3356   3541   3216  13280  26304      0      0  65535 
     0      0      0      0      0      0      0      0      0      0      0      0      0      0      0      0      0      0      0 
     0      0      0      0      0      0      0      0      0      0      0      0      0      0      0      0      0      0      0 
     0      0      0      0      0      0      0      0      0      0      0      0      0      0      0      0      0      0      0 
0 -1 -1
     0      0      0      0      0      0      0      0      0      0      0      0      0      0      0      0      0      0      0 
  3589   3723   3666   3869   3839   3543   3217   3918   4014   3960   3542   3357   3859   4245   3821   3612   9062   4406   3975 
 17236  13361     51    152   3666   3543   3723   3839   3589   3869   3960   4014   3918   3859   9062   4245   4406   3821   3975   3612   3357   3542   3217  13279  26304      0      0  65535 
     0      0      0      0      0      0      0      0      0      0      0      0      0      0      0      0      0      0      0 
     0      0      0      0      0      0      0      0      0      0      0      0      0      0      0      0      0      0      0 
     0      0      0      0      0      0      0      0      0      0      0      0      0      0      0      0      0      0      0 
0 -1 -1
     0      0      0      0      0      0      0      0      0      0      0      0      0      0      0      0      0      0      0 
  3590   3724   3666   3869   3839   3543   3215   3917   4015   3960   3542   3357   3859   4246   3821   3610   9058   4405   3975 
 17236  13361     51    152   3666   3543   3724   3839   3590   3869   3960   4015   3917   3859   9058   4246   4405   3821   3975   3610   3357   3542   3215  13280  26304      1      0  65535 
     0      0      0      0      0      0      0      0      0      0      0      0      0      0      0      0      0      0      0 
     0      0      0      0      0      0      0      0      0      0      0      0      0      0      0      0      0      0      0 
     0      0      0      0      0      0      0      0      0      0      0      0      0      0      0      0      0      0      0 
0 -1 -1
     0      0      0      0      0      0      0      0      0      0      0      0      0      0      0      0      0      0      0 
  3589   3723   3666   3869   3838   3543   3216   3919   4015   3958   3541   3357   3860   4247   3819   3611   9061   4406   3975 
 17236  13361     51    153   3666   3543   3723   3838   3589   3869   3958   4015   3919   3860   9061   4247   4406   3819   3975   3611   3357   3541   3216  13280  26304      0      0  65535 
     0      0      0      0      0      0      0      0      0      0      0      0      0      0      0      0      0      0      0 
     0      0      0      0      0      0      0      0      0      0      0      0      0      0      0      0      0      0      0 
     0      0      0      0      0      0      0      0      0      0      0      0      0      0      0      0      0      0      0 
0 -1 -1
     0      0      0      0      0      0      0      0      0      0      0      0      0      0      0      0      0      0      0 
  3589   3725   3665   3869   3838   3543   3215   3917   4014   3960   3542   3358   3859   4247   3819   3611   9061   4404   3975 
 17236  13361     51    153   3665   3543   3725   3838   3589   3869   3960   4014   3917   3859   9061   4247   4404   3819   3975   3611   3358   3542   3215  13280  26304      0      0  65535 
     0      0      0      0      0      0      0      0      0      0      0      0      0      0      0      0      0      0      0 
     0      0      0      0      0      0      0      0      0      0      0      0      0      0      0      0      0      0      0 
     0      0      0      0      0      0      0      0      0      0      0      0      0      0      0      0      0      0      0 
0 -1 -1
