     0      0     41      0      0      0      3      0      0      0    224      0      0      0    255      0      0     35      0 
  3576   3715   6596   3854   3794   3735   3326   3901   3970   3914   9923   3351   3837   4251  14703   3616   9063   9531   3972 
 17236  13361     51    152   6596   3735   3715   3794   3576   3854   3914   3970   3901   3837   9063   4251   9531  14703   3972   3616   3351   9923   3326  13279  26304      0      0  65535 
     0      0      0      0      0      0      0      0      0      0      0      0      0      0      0      0      0      0      0 
     0      0      0      0      0      0      0      0      0      0      0      0      0      0      0      0      0      0      0 
     0      0      0      0      0      0      0      0      0      0      0      0      0      0      0      0      0      0      0 
0 -1 -1
     0      0     47      0      0      0      7      0      0      0    255      0      0      0    255      0      0     33      0 
  3574   3714   6869   3853   3787   3617   3531   3899   3967   3912  11267   3354   3834   4248  15830   3619   9070   9442   3978 
 17236  13361     51    152   6869   3617   3714   3787   3574   3853   3912   3967   3899   3834   9070   4248   9442  15830   3978   3619   3354  11267   3531  13279  26304      0      0  65535 
     0      0      0      0      0      0      0      0      0      0      0      0      0      0      0      0      0      0      0 
     0      0      0      0      0      0      0      0      0      0      0      0      0      0      0      0      0      0      0 
     0      0      0      0      0      0      0      0      0      0      0      0      0      0      0      0      0      0      0 
0 -1 -1
     0      0     44      0      0      0     25      0      0      0    255      0      0      0    255      0      0      8      6 
  3574   3710   6710   3851   3783   3534   4274   3899   3965   3914  13020   3361   3834   4244  15835   3621   9073   8314   4381 
 17236  13361     51    150   6710   3534   3710   3783   3574   3851   3914   3965   3899   3834   9073   4244   8314  15835   4381   3621   3361  13020   4274  13279  26304      0      0  65535 
     0      0      0      0      0      0      0      0      0      0      0      0      0      0      0      0      0      0      0 
     0      0      0      0      0      0      0      0      0      0      0      0      0      0      0      0      0      0      0 
     0      0      0      0      0      0      0      0      0      0      0      0      0      0      0      0      0      0      0 
0 -1 -1
     0      0     37      0      0      0     24      0      0      0    255      0      0      0    255      0      0      5      6 
  3574   3710   6401   3853   3784   3501   4223   3900   3965   3918  12826   3361   3834   4249  15596   3619   9066   8164   4374 
 17236  13361     51    151   6401   3501   3710   3784   3574   3853   3918   3965   3900   3834   9066   4249   8164  15596   4374   3619   3361  12826   4223  13279  26304      0      0  65535 
     0      0      0      0      0      0      0      0      0      0      0      0      0      0      0      0      0      0      0 
     0      0      0      0      0      0      0      0      0      0      0      0      0      0      0      0      0      0      0 
     0      0      0      0      0      0      0      0      0      0      0      0      0      0      0      0      0      0      0 
0 -1 -1
     0      0     35      0      0      0     21      0      0      0    255      0      0      0    255      0      0      7      5 
  3575   3710   6281   3851   3785   3504   4109   3899   3968   3920  12454   3360   3835   4253  15385   3618   9078   8249   4275 
 17236  13361     51    150   6281   3504   3710   3785   3575   3851   3920   3968   3899   3835   9078   4253   8249  15385   4275   3618   3360  12454   4109  13281  26304      0      0  65535 
     0      0      0      0      0      0      0      0      0      0      0      0      0      0      0      0      0      0      0 
     0      0      0      0      0      0      0      0      0      0      0      0      0      0      0      0      0      0      0 
     0      0      0      0      0      0      0      0      0      0      0      0      0      0      0      0      0      0      0 
0 -1 -1
     0      0     31      0      0      0     19      0      0      0    255      0      0      0    255      0      0      4      4 
  3575   3711   6121   3853   3787   3504   4035   3901   3968   3923  12141   3360   3837   4255  14976   3616   9069   8112   4213 
 17236  13361     51    151   6121   3504   3711   3787   3575   3853   3923   3968   3901   3837   9069   4255   8112  14976   4213   3616   3360  12141   4035  13280  26305      0      0  65535 
     0      0      0      0      0      0      0      0      0      0      0      0      0      0      0      0      0      0      0 
     0      0      0      0      0      0      0      0      0      0      0      0      0      0      0      0      0      0      0 
     0      0      0      0      0      0      0      0      0      0      0      0      0      0      0      0      0      0      0 
0 -1 -1
     0      0     31      0      0      0     19      0      0      0    255      0      0      0    255      0      0      4      3 
  3574   3712   6124   3852   3787   3504   4025   3902   3970   3922  12111   3360   3837   4254  14960   3618   9075   8122   4200 
 17236  13361     51    151   6124   3504   3712   3787   3574   3852   3922   3970   3902   3837   9075   4254   8122  14960   4200   3618   3360  12111   4025  13280  26305      0      0  65535 
     0      0      0      0      0      0      0      0      0      0      0      0      0      0      0      0      0      0      0 
     0      0      0      0      0      0      0      0      0      0      0      0      0      0      0      0      0      0      0 
     0      0      0      0      0      0      0      0      0      0      0      0      0      0      0      0      0      0      0 
0 -1 -1
     0      0     31      0      0      0     19      0      0      0    255      0      0      0    255      0      0      4      4 
  3575   3711   6121   3853   3788   3502   4037   3901   3970   3920  12155   3361   3836   4254  15003   3617   9082   8129   4213 
 17236  13361     51    151   6121   3502   3711   3788   3575   3853   3920   3970   3901   3836   9082   4254   8129  15003   4213   3617   3361  12155   4037  13281  26306      0      0  65535 
     0      0      0      0      0      0      0      0      0      0      0      0      0      0      0      0      0      0      0 
     0      0      0      0      0      0      0      0      0      0      0      0      0      0      0      0      0      0      0 
     0      0      0      0      0      0      0      0      0      0      0      0      0      0      0      0      0      0      0 
0 -1 -1
     0      0     30      0      0      0     20      0      0      0    255      0      0      0    255      0      1      5      4 
  3574   3711   6066   3853   3786   3503   4072   3901   3969   3920  12283   3361   3835   4253  15135   3619   9089   8169   4266 
 17236  13361     51    151   6066   3503   3711   3786   3574   3853   3920   3969   3901   3835   9089   4253   8169  15135   4266   3619   3361  12283   4072  13280  26304      0      0  65535 
     0      0      0      0      0      0      0      0      0      0      0      0      0      0      0      0      0      0      0 
     0      0      0      0      0      0      0      0      0      0      0      0      0      0      0      0      0      0      0 
     0      0      0      0      0      0      0      0      0      0      0      0      0      0      0      0      0      0      0 
0 -1 -1
     0      0     30      0      0      0     21      0      0      0    255      0      0      0    255      0      0      5      5 
  3575   3710   6063   3854   3785   3501   4097   3900   3967   3922  12355   3361   3836   4252  15198   3618   9082   8182   4288 
 17236  13361     51    151   6063   3501   3710   3785   3575   3854   3922   3967   3900   3836   9082   4252   8182  15198   4288   3618   3361  12355   4097  13282  26304      0      1  65535 
     0      0      0      0      0      0      0      0      0      0      0      0      0      0      0      0      0      0      0 
     0      0      0      0      0      0      0      0      0      0      0      0      0      0      0      0      0      0      0 
     0      0      0      0      0      0      0      0      0      0      0      0      0      0      0      0      0      0      0 
0 -1 -1
     0      0     31      0      0      0     21      0      0      0    255      0      0      0    255      0      0      6      5 
  3573   3709   6112   3851   3786   3500   4121   3900   3968   3920  12428   3362   3835   4254  15269   3617   9072   8205   4283 
 17236  13361     51    151   6112   3500   3709   3786   3573   3851   3920   3968   3900   3835   9072   4254   8205  15269   4283   3617   3362  12428   4121  13282  26305      0      1  65535 
     0      0      0      0      0      0      0      0      0      0      0      0      0      0      0      0      0      0      0 
     0      0      0      0      0      0      0      0      0      0      0      0      0      0      0      0      0      0      0 
     0      0      0      0      0      0      0      0      0      0      0      0      0      0      0      0      0      0      0 
0 -1 -1
     0      0     31      0      0      0     23      0      0      0    255      0      0      0    255      0      0      5      6 
  3575   3710   6123   3852   3785   3499   4194   3900   3967   3919  12637   3360   3836   4251  15371   3620   9054   8186   4336 
 17236  13361     51    151   6123   3499   3710   3785   3575   3852   3919   3967   3900   3836   9054   4251   8186  15371   4336   3620   3360  12637   4194  13282  26305      0      1  65535 
     0      0      0      0      0      0      0      0      0      0      0      0      0      0      0      0      0      0      0 
     0      0      0      0      0      0      0      0      0      0      0      0      0      0      0      0      0      0      0 
     0      0      0      0      0      0      0      0      0      0      0      0      0      0      0      0      0      0      0 
0 -1 -1
     0      0     34      0      0      0     26      0      0      0    255      0      0      0    255      0      0      9      7 
  3573   3706   6248   3850   3782   3497   4344   3899   3964   3916  13183   3363   3834   4248  15914   3621   9064   8335   4446 
 17236  13361     51    150   6248   3497   3706   3782   3573   3850   3916   3964   3899   3834   9064   4248   8335  15914   4446   3621   3363  13183   4344  13283  26305      0      0  65535 
     0      0      0      0      0      0      0      0      0      0      0      0      0      0      0      0      0      0      0 
     0      0      0      0      0      0      0      0      0      0      0      0      0      0      0      0      0      0      0 
     0      0      0      0      0      0      0      0      0      0      0      0      0      0      0      0      0      0      0 
0 -1 -1
     0      0     40      0      0      0     31      0      0      0    255      0      0      0    255      0      0     14     10 
  3572   3707   6554   3850   3778   3492   4548   3900   3960   3913  13934   3363   3832   4247  16713   3622   9072   8563   4596 
 17236  13361     51    150   6554   3492   3707   3778   3572   3850   3913   3960   3900   3832   9072   4247   8563  16713   4596   3622   3363  13934   4548  13277  26304      0      0  65535 
     0      0      0      0      0      0      0      0      0      0      0      0      0      0      0      0      0      0      0 
     0      0      0      0      0      0      0      0      0      0      0      0      0      0      0      0      0      0      0 
     0      0      0      0      0      0      0      0      0      0      0      0      0      0      0      0      0      0      0 
0 -1 -1
     0      0     41      0      0      0     29      0      0      0    255      0      0      0    255      0      0     10      9 
  3572   3708   6602   3849   3778   3494   4460   3900   3961   3915  13611   3364   3834   4247  16357   3622   9063   8403   4532 
 17236  13361     51    150   6602   3494   3708   3778   3572   3849   3915   3961   3900   3834   9063   4247   8403  16357   4532   3622   3364  13611   4460  13275  26304      0      0  65535 
     0      0      0      0      0      0      0      0      0      0      0      0      0      0      0      0      0      0      0 
     0      0      0      0      0      0      0      0      0      0      0      0      0      0      0      0      0      0      0 
     0      0      0      0      0      0      0      0      0      0      0      0      0      0      0      0      0      0      0 
0 -1 -1
     0      0     32      0      0      0     22      0      0      0    255      0      0      0    255      0      0      0      5 
  3574   3708   6177   3851   3786   3500   4141   3900   3968   3921  12343   3363   3835   4250  14871   3622   9045   7870   4304 
 17236  13361     51    150   6177   3500   3708   3786   3574   3851   3921   3968   3900   3835   9045   4250   7870  14871   4304   3622   3363  12343   4141  13276  26304      0      0  65535 
     0      0      0      0      0      0      0      0      0      0      0      0      0      0      0      0      0      0      0 
     0      0      0      0      0      0      0      0      0      0      0      0      0      0      0      0      0      0      0 
     0      0      0      0      0      0      0      0      0      0      0      0      0      0      0      0      0      0      0 
0 -1 -1
     0      0     17      0      0      0     11      0      0      0    246      0      0      0    233      0      0      0      2 
  3576   3712   5445   3854   3797   3509   3703   3904   3979   3927  10523   3362   3841   4252  12664   3618   9050   7053   4072 
 17236  13361     51    151   5445   3509   3712   3797   3576   3854   3927   3979   3904   3841   9050   4252   7053  12664   4072   3618   3362  10523   3703  13279  26305      0      0  65535 
     0      0      0      0      0      0      0      0      0      0      0      0      0      0      0      0      0      0      0 
     0      0      0      0      0      0      0      0      0      0      0      0      0      0      0      0      0      0      0 
     0      0      0      0      0      0      0      0      0      0      0      0      0      0      0      0      0      0      0 
0 -1 -1
     0      0      0      0      0      0      2      0      0      0    147      0      0      0    113      0      0      0      0 
  3578   3714   4567   3859   3811   3519   3286   3907   3990   3936   7835   3360   3846   4253   9668   3617   9055   6027   3972 
 17236  13361     51    152   4567   3519   3714   3811   3578   3859   3936   3990   3907   3846   9055   4253   6027   9668   3972   3617   3360   7835   3286  13280  26305      0      0  65535 
     0      0      0      0      0      0      0      0      0      0      0      0      0      0      0      0      0      0      0 
     0      0      0      0      0      0      0      0      0      0      0      0      0      0      0      0      0      0      0 
     0      0      0      0      0      0      0      0      0      0      0      0      0      0      0      0      0      0      0 
0 -1 -1
     0      0      0      0      0      0      0      0      0      0     44      0      0      0      6      0      0      0      0 
  3582   3717   4004   3863   3824   3528   3213   3910   4001   3942   5025   3357   3851   4251   6980   3616   9061   5445   3973 
 17236  13361     51    153   4004   3528   3717   3824   3582   3863   3942   4001   3910   3851   9061   4251   5445   6980   3973   3616   3357   5025   3213  13280  26305      0      0  65535 
     0      0      0      0      0      0      0      0      0      0      0      0      0      0      0      0      0      0      0 
     0      0      0      0      0      0      0      0      0      0      0      0      0      0      0      0      0      0      0 
     0      0      0      0      0      0      0      0      0      0      0      0      0      0      0      0      0      0      0 
0 -1 -1
     0      0      0      0      0      0      0      0      0      0      0      0      0      0      0      0      0      0      0 
  3583   3719   3671   3865   3833   3539   3214   3914   4010   3955   3707   3356   3856   4246   4137   3612   9057   4450   3974 
 17236  13361     51    152   3671   3539   3719   3833   3583   3865   3955   4010   3914   3856   9057   4246   4450   4137   3974   3612   3356   3707   3214  13279  26304      0      1  65535 
     0      0      0      0      0      0      0      0      0      0      0      0      0      0      0      0      0      0      0 
     0      0      0      0      0      0      0      0      0      0      0      0      0      0      0      0      0      0      0 
     0      0      0      0      0      0      0      0      0      0      0      0      0      0      0      0      0      0      0 
0 -1 -1
     0      0      0      0      0      0      0      0      0      1      0      0      0      0      0      0      0      0      0 
  3583   3719   3668   3864   3835   3540   3212   3913   4011   3958   3556   3354   3855   4245   3837   3609   9058   4413   3973 
 17236  13361     51    152   3668   3540   3719   3835   3583   3864   3958   4011   3913   3855   9058   4245   4413   3837   3973   3609   3354   3556   3212  13278  26304      0      0  65535 
     0      0      0      0      0      0      0      0      0      0      0      0      0      0      0      0      0      0      0 
     0      0      0      0      0      0      0      0      0      0      0      0      0      0      0      0      0      0      0 
     0      0      0      0      0      0      0      0      0      0      0      0      0      0      0      0      0      0      0 
0 -1 -1
     0      0      0      0      0      0      0      0      0      1      0      0      0      0      0      0      0      0      0 
  3584   3718   3667   3866   3834   3542   3213   3913   4011   3956   3550   3354   3855   4245   3833   3609   9065   4412   3974 
 17236  13361     51    152   3667   3542   3718   3834   3584   3866   3956   4011   3913   3855   9065   4245   4412   3833   3974   3609   3354   3550   3213  13277  26304      0      0  65535 
     0      0      0      0      0      0      0      0      0      0      0      0      0      0      0      0      0      0      0 
     0      0      0      0      0      0      0      0      0      0      0      0      0      0      0      0      0      0      0 
     0      0      0      0      0      0      0      0      0      0      0      0      0      0      0      0      0      0      0 
0 -1 -1
     0      0      0      0      0      0      0      0      0      1      0      0      0      0      0      0      0      0      0 
  3584   3719   3666   3864   3834   3540   3213   3915   4010   3956   3548   3356   3855   4244   3831   3609   9076   4409   3973 
 17236  13361     51    152   3666   3540   3719   3834   3584   3864   3956   4010   3915   3855   9076   4244   4409   3831   3973   3609   3356   3548   3213  13278  26304      0      0  65535 
     0      0      0      0      0      0      0      0      0      0      0      0      0      0      0      0      0      0      0 
     0      0      0      0      0      0      0      0      0      0      0      0      0      0      0      0      0      0      0 
     0      0      0      0      0      0      0      0      0      0      0      0      0      0      0      0      0      0      0 
0 -1 -1
     0      0      0      0      0      0      0      0      0      1      0      0      0      0      0      0      0      0      0 
  3583   3718   3666   3865   3835   3541   3214   3914   4010   3957   3549   3354   3854   4244   3828   3610   9080   4408   3973 
 17236  13361     51    152   3666   3541   3718   3835   3583   3865   3957   4010   3914   3854   9080   4244   4408   3828   3973   3610   3354   3549   3214  13280  26305      0      0  65535 
     0      0      0      0      0      0      0      0      0      0      0      0      0      0      0      0      0      0      0 
     0      0      0      0      0      0      0      0      0      0      0      0      0      0      0      0      0      0      0 
     0      0      0      0      0      0      0      0      0      0      0      0      0      0      0      0      0      0      0 
0 -1 -1
     0      0      0      0      0      0      0      0      0      1      0      0      0      0      0      0      0      0      0 
  3583   3718   3666   3864   3834   3540   3211   3913   4010   3956   3546   3355   3855   4245   3827   3607   9085   4407   3972 
 17236  13361     51    152   3666   3540   3718   3834   3583   3864   3956   4010   3913   3855   9085   4245   4407   3827   3972   3607   3355   3546   3211  13282  26305      0      0  65535 
     0      0      0      0      0      0      0      0      0      0      0      0      0      0      0      0      0      0      0 
     0      0      0      0      0      0      0      0      0      0      0      0      0      0      0      0      0      0      0 
     0      0      0      0      0      0      0      0      0      0      0      0      0      0      0      0      0      0      0 
0 -1 -1
     0      0      0      0      0      0      0      0      0      1      0      0      0      0      0      0      0      0      0 
  3582   3717   3665   3864   3834   3540   3212   3913   4011   3957   3545   3353   3854   4244   3825   3608   9083   4406   3972 
 17236  13361     51    152   3665   3540   3717   3834   3582   3864   3957   4011   3913   3854   9083   4244   4406   3825   3972   3608   3353   3545   3212  13282  26305      0      0  65535 
     0      0      0      0      0      0      0      0      0      0      0      0      0      0      0      0      0      0      0 
     0      0      0      0      0      0      0      0      0      0      0      0      0      0      0      0      0      0      0 
     0      0      0      0      0      0      0      0      0      0      0      0      0      0      0      0      0      0      0 
0 -1 -1
     0      0      0      0      0      0      0      0      0      0      0      0      0      0      0      0      1      0      0 
  3583   3717   3664   3863   3835   3541   3213   3913   4010   3955   3543   3354   3855   4244   3825   3609   9089   4407   3972 
 17236  13361     51    152   3664   3541   3717   3835   3583   3863   3955   4010   3913   3855   9089   4244   4407   3825   3972   3609   3354   3543   3213  13282  26303      0      0  65535 
     0      0      0      0      0      0      0      0      0      0      0      0      0      0      0      0      0      0      0 
     0      0      0      0      0      0      0      0      0      0      0      0      0      0      0      0      0      0      0 
     0      0      0      0      0      0      0      0      0      0      0      0      0      0      0      0      0      0      0 
0 -1 -1
     0      0      0      0      0      0      0      0      0      0      0      0      0      0      0      0      0      0      0 
  3583   3719   3665   3865   3834   3541   3212   3913   4011   3955   3545   3353   3853   4245   3825   3608   9082   4405   3973 
 17236  13361     51    152   3665   3541   3719   3834   3583   3865   3955   4011   3913   3853   9082   4245   4405   3825   3973   3608   3353   3545   3212  13282  26303      0      0  65535 
     0      0      0      0      0      0      0      0      0      0      0      0      0      0      0      0      0      0      0 
     0      0      0      0      0      0      0      0      0      0      0      0      0      0      0      0      0      0      0 
     0      0      0      0      0      0      0      0      0      0      0      0      0      0      0      0      0      0      0 
0 -1 -1
     0      0      0      0      0      0      0      0      0      1      0      0      0      0      0      0      0      0      0 
  3582   3718   3664   3864   3834   3540   3211   3912   4009   3956   3544   3354   3854   4244   3824   3608   9086   4406   3972 
 17236  13361     51    152   3664   3540   3718   3834   3582   3864   3956   4009   3912   3854   9086   4244   4406   3824   3972   3608   3354   3544   3211  13281  26304      1      0  65535 
     0      0      0      0      0      0      0      0      0      0      0      0      0      0      0      0      0      0      0 
     0      0      0      0      0      0      0      0      0      0      0      0      0      0      0      0      0      0      0 
     0      0      0      0      0      0      0      0      0      0      0      0      0      0      0      0      0      0      0 
0 -1 -1
     0      0      0      0      0      0      0      0      0      1      0      0      0      0      0      0      0      0      0 
  3582   3718   3664   3865   3832   3540   3212   3913   4010   3956   3544   3353   3856   4243   3824   3608   9083   4406   3972 
 17236  13361     51    152   3664   3540   3718   3832   3582   3865   3956   4010   3913   3856   9083   4243   4406   3824   3972   3608   3353   3544   3212  13281  26304      0      0  65535 
     0      0      0      0      0      0      0      0      0      0      0      0      0      0      0      0      0      0      0 
     0      0      0      0      0      0      0      0      0      0      0      0      0      0      0      0      0      0      0 
     0      0      0      0      0      0      0      0      0      0      0      0      0      0      0      0      0      0      0 
0 -1 -1
     0      0      0      0      0      0      0      0      0      1      0      0      0      0      0      0      0      0      0 
  3582   3716   3664   3865   3834   3538   3211   3912   4010   3956   3543   3354   3856   4244   3824   3609   9086   4406   3973 
 17236  13361     51    152   3664   3538   3716   3834   3582   3865   3956   4010   3912   3856   9086   4244   4406   3824   3973   3609   3354   3543   3211  13281  26305      0      0  65535 
     0      0      0      0      0      0      0      0      0      0      0      0      0      0      0      0      0      0      0 
     0      0      0      0      0      0      0      0      0      0      0      0      0      0      0      0      0      0      0 
     0      0      0      0      0      0      0      0      0      0      0      0      0      0      0      0      0      0      0 
0 -1 -1
     0      0      0      0      0      0      0      0      0      0      0      0      0      0      0      0      0      0      0 
  3582   3718   3663   3864   3834   3540   3210   3912   4010   3955   3542   3354   3854   4244   3823   3608   9085   4406   3973 
 17236  13361     51    152   3663   3540   3718   3834   3582   3864   3955   4010   3912   3854   9085   4244   4406   3823   3973   3608   3354   3542   3210  13280  26304      0      0  65535 
     0      0      0      0      0      0      0      0      0      0      0      0      0      0      0      0      0      0      0 
     0      0      0      0      0      0      0      0      0      0      0      0      0      0      0      0      0      0      0 
     0      0      0      0      0      0      0      0      0      0      0      0      0      0      0      0      0      0      0 
0 -1 -1
     0      0      0      0      0      0      0      0      0      0      0      0      0      0      0      0      0      0      0 
  3583   3717   3664   3864   3834   3540   3212   3912   4010   3954   3542   3354   3855   4243   3822   3607   9074   4406   3973 
 17236  13361     51    152   3664   3540   3717   3834   3583   3864   3954   4010   3912   3855   9074   4243   4406   3822   3973   3607   3354   3542   3212  13280  26304      0      0  65535 
     0      0      0      0      0      0      0      0      0      0      0      0      0      0      0      0      0      0      0 
     0      0      0      0      0      0      0      0      0      0      0      0      0      0      0      0      0      0      0 
     0      0      0      0      0      0      0      0      0      0      0      0      0      0      0      0      0      0      0 
0 -1 -1
     0      0      0      0      0      0      0      0      0      1      0      0      0      0      0      0      0      0      0 
  3582   3717   3662   3863   3835   3539   3210   3911   4009   3956   3542   3353   3855   4242   3822   3607   9062   4405   3972 
 17236  13361     51    152   3662   3539   3717   3835   3582   3863   3956   4009   3911   3855   9062   4242   4405   3822   3972   3607   3353   3542   3210  13279  26304      0      0  65535 
     0      0      0      0      0      0      0      0      0      0      0      0      0      0      0      0      0      0      0 
     0      0      0      0      0      0      0      0      0      0      0      0      0      0      0      0      0      0      0 
     0      0      0      0      0      0      0      0      0      0      0      0      0      0      0      0      0      0      0 
0 -1 -1
     0      0      0      0      0      0      0      0      0      0      0      0      0      0      0      0      0      0      0 
  3582   3716   3663   3865   3832   3541   3211   3913   4010   3955   3542   3353   3854   4245   3822   3607   9066   4405   3971 
 17236  13361     51    152   3663   3541   3716   3832   3582   3865   3955   4010   3913   3854   9066   4245   4405   3822   3971   3607   3353   3542   3211  13279  26304      0      0  65535 
     0      0      0      0      0      0      0      0      0      0      0      0      0      0      0      0      0      0      0 
     0      0      0      0      0      0      0      0      0      0      0      0      0      0      0      0      0      0      0 
     0      0      0      0      0      0      0      0      0      0      0      0      0      0      0      0      0      0      0 
0 -1 -1
     0      0      0      0      0      0      0      0      0      0      0      0      0      0      0      0      0      0      0 
  3581   3717   3662   3863   3833   3538   3211   3911   4011   3954   3542   3353   3854   4243   3822   3608   9068   4405   3973 
 17236  13361     51    152   3662   3538   3717   3833   3581   3863   3954   4011   3911   3854   9068   4243   4405   3822   3973   3608   3353   3542   3211  13280  26304      0      0  65535 
     0      0      0      0      0      0      0      0      0      0      0      0      0      0      0      0      0      0      0 
     0      0      0      0      0      0      0      0      0      0      0      0      0      0      0      0      0      0      0 
     0      0      0      0      0      0      0      0      0      0      0      0      0      0      0      0      0      0      0 
0 -1 -1
     0      0      0      0      0      0      0      0      0      0      0      0      0      0      0      0      0      0      0 
  3581   3717   3663   3864   3835   3540   3212   3912   4011   3955   3542   3353   3855   4242   3823   3606   9066   4404   3972 
 17236  13361     51    152   3663   3540   3717   3835   3581   3864   3955   4011   3912   3855   9066   4242   4404   3823   3972   3606   3353   3542   3212  13280  26304      0      1  65535 
     0      0      0      0      0      0      0      0      0      0      0      0      0      0      0      0      0      0      0 
     0      0      0      0      0      0      0      0      0      0      0      0      0      0      0      0      0      0      0 
     0      0      0      0      0      0      0      0      0      0      0      0      0      0      0      0      0      0      0 
0 -1 -1
     0      0      0      0      0      0      0      0      0      0      0      0      0      0      0      0      0      0      0 
  3583   3719   3664   3864   3834   3539   3211   3912   4010   3955   3542   3352   3855   4242   3822   3608   9072   4405   3971 
 17236  13361     51    152   3664   3539   3719   3834   3583   3864   3955   4010   3912   3855   9072   4242   4405   3822   3971   3608   3352   3542   3211  13280  26304      0      0  65535 
     0      0      0      0      0      0      0      0      0      0      0      0      0      0      0      0      0      0      0 
     0      0      0      0      0      0      0      0      0      0      0      0      0      0      0      0      0      0      0 
     0      0      0      0      0      0      0      0      0      0      0      0      0      0      0      0      0      0      0 
0 -1 -1
